1785394183167 171472 117
1785394183337 636368 113
1785394183502 1052112 117
1785394183668 1521104 114
1785394183832 2102736 114
1785394183996 2299344 116
1785394184163 2772432 116
1785394184329 3222992 115
1785394184496 3634640 116
1785394184705 4179408 114
1785394184875 4275664 115
1785394185041 4816336 117
1785394185210 5260752 116
1785394185379 5699024 115
1785394185545 6075856 115
1785394185709 6297040 113
1785394185871 6694352 118
1785394186043 7149008 117
1785394186214 7585232 117
1785394186383 8050128 115
1785394186551 8394192 113
1785394186716 8564176 116
1785394186884 9129424 115
1785394187054 9575888 116
1785394187221 10005968 116
1785394187391 10413520 116
1785394187603 10632656 115
1785394187771 11148752 116
1785394187938 11605456 116
1785394188107 12047824 119
1785394188277 12498384 117
1785394188492 12707280 116
1785394188654 13346256 116
1785394188824 13774288 118
1785394188998 14233040 115
1785394189166 14652880 117
1785394189383 14894544 117
1785394189546 15601104 115
1785394189775 16264656 116
1785394189944 16688592 117
1785394190181 16891344 115
1785394190339 17589712 115
1785394190509 18093520 116
1785394190678 18572752 117
1785394190848 18879952 116
1785394191009 19080656 115
1785394191178 19813840 120
1785394191355 20297168 116
1785394191529 20719056 121
1785394191708 20977104 120
1785394191876 21388752 120
1785394192053 22050256 121
1785394192232 22513104 121
1785394192409 23000528 117
1785394192673 23385552 118
1785394192839 24106448 116
1785394193008 24559056 121
1785394193178 25007568 118
1785394193469 25443792 117
1785394193634 26164688 117
1785394193805 26625488 116
1785394193968 27018704 117
1785394194232 27334096 117
1785394194397 28061136 117
1785394194569 28587472 118
1785394194756 29062608 121
1785394194933 29365712 117
1785394195148 29765072 121
1785394195325 30440912 118
1785394195500 30899664 122
1785394195672 31348176 118
1785394195943 31729104 117
1785394196107 32435664 117
1785394196278 32937424 119
1785394196446 33375696 117
1785394196734 33789392 117
1785394196899 34504144 117
1785394197072 34962896 118
1785394197240 35405264 117
1785394197554 35913168 117
1785394197724 36644304 118
1785394197898 37111248 123
1785394198071 37549520 118
1785394198376 38065616 118
1785394198542 38747600 118
1785394198717 39173584 118
1785394198884 39587280 118
1785394199208 40107472 117
1785394199378 40846800 117
1785394199553 41319888 127
1785394199732 41786832 118
1785394200055 42421712 118
1785394200225 43187664 116
1785394200404 43990480 123
1785394200699 44604880 124
1785394200877 45413840 117
1785394201058 46142928 124
1785394201238 46949840 122
1785394201424 47803856 122
1785394201600 48610768 117
1785394201775 49411536 119
1785394201944 50187728 118
1785394202121 50994640 119
1785394202290 51768784 117
1785394202470 52592080 118
1785394202641 53382608 118
1785394202819 54191568 120
1785394204472 54768272 120
1785394205699 55382072 148
1785394208727 55888584 134
1785394211508 56044144 156
1785394220594 56231868 142
1785394235077 56231872 151
1785394261038 56231876 143
