# timestamp_ms rss_kb
1785368382779 251272
1785368383059 256664
1785368383546 262836
1785368383909 279728
1785368384348 287184
1785368384456 296884
1785368384567 343252
1785368384694 447036
1785368384826 487556
1785368384959 528620
1785368385088 571440
1785368385221 583532
1785368385357 597164
1785368385491 627656
1785368385624 647784
1785368385759 670368
1785368385905 692708
1785368386046 716320
1785368386186 735640
1785368386337 753976
1785368386494 775860
1785368386640 830112
1785368386796 904524
1785368386949 954636
1785368387105 995424
1785368387266 1027984
1785368387426 1064036
1785368387589 1086876
1785368387753 1121000
1785368388264 1147180
1785368388372 1183980
1785368388631 1222768
1785368388898 1259988
1785368392182 1295112
1785368392324 1573300
1785368392469 1726900
1785368392612 1791848
1785368392752 1996648
1785368393175 2049852
1785368393315 2248524
1785368393456 2451276
1785368393686 2559108
1785368397861 2656568
1785368398007 2681304 (true peak, below trigger threshold; snapshot is in peaks/peak.smaps)
