# timestamp_ms rss_kb
1790705444337 225404
1790705446765 234540
1790705446802 240864
1790705479520 263432
1790705479734 302412
1790705479894 316840
1790705480140 331612
1790705480180 350088
1790705480224 390368
1790705480268 413760
1790705480314 440528
1790705480358 450784
1790705480404 473380
1790705480451 500256
1790705480526 517048
1790705480570 531776
1790705480617 560592
1790705480663 582828
1790705480709 597260
1790705480756 618252
1790705480805 644468
1790705480881 667308
1790705480957 687792
1790705481034 713420
1790705481082 728152
1790705481131 746720
1790705481239 768368
1790705481287 788848
1790705481390 816036
1790705481439 949156
1790705481488 1088420
1790705481782 1142416
1790705481827 1211716
1790705481874 1344836
1790705481918 1469764
1790705518936 1499760
1790705695351 1537316
1790705736289 1553288 (true peak, below trigger threshold; snapshot is in peaks/peak.smaps)
