1789880837769 127204 42
1789880837866 180388 17
1789880837937 217684 16
1789880838008 245928 18
1789880838082 273792 58
1789880838198 305472 38
1789880838294 325556 38
1789880838389 353488 38
1789880838485 381684 38
1789880838583 407648 40
1789880838682 434720 39
1789880838780 462928 40
1789880838879 490112 41
1789880838979 515440 41
1789880839080 534028 41
1789880839181 561432 41
1789880839282 587552 42
1789880839383 614324 42
1789880839486 632064 41
1789880839588 662740 43
1789880839690 688872 43
1789880839793 715976 44
1789880839898 732500 47
1789880840005 760792 47
1789880840114 787128 44
1789880840219 813636 45
1789880840324 840332 46
1789880840431 866624 45
1789880840537 887548 45
1789880840643 913836 45
1789880840749 944488 46
1789880840858 1001476 46
1789880840966 1049888 46
1789880841075 1108516 48
1789880841185 1164020 49
1789880841295 1211356 50
1789880841408 1268040 49
1789880841520 1317476 47
1789880841630 1374188 48
1789880841741 1434824 50
1789880841855 1483220 48
1789880841967 1544020 51
1789880842083 1592392 51
1789880842196 1651144 51
1789880842311 1705584 50
1789880842424 1765216 52
1789880842541 1828048 55
1789880842661 1885616 52
1789880842776 1947364 54
1789880842897 2000848 53
1789880843014 2062628 53
1789880843132 2120200 54
1789880843251 2179972 54
1789880843370 2236556 55
1789880843490 2292344 53
1789880843608 2355156 55
1789880843729 2410672 56
1789880843850 2471384 57
1789880843971 2524848 57
1789880844093 2588584 57
1789880844214 2642728 57
1789880844336 2697656 58
1789880844459 2760364 59
1789880844583 2815820 58
1789880844705 2873344 58
1789880844831 2939060 58
1789880844954 2996768 59
1789880845069 3034740 59
1789880845197 3098468 59
1789880845321 3157044 60
1789880845436 3201328 60
1789880845564 3265000 61
1789880845680 3312300 60
1789880845804 3368748 63
1789880845924 3413952 61
1789880846050 3475664 61
1789880846167 3518756 62
1789880846296 3580528 61
1789880846413 3627812 62
1789880846540 3697760 64
1789880846660 3771672 64
1789880846868 3845576 63
1789880847076 3901428 62
1789880847383 3975192 65
1789880847707 4048964 71
1789880848002 4111616 71
1789880848213 4159604 71
1789880848541 4233352 68
1789880848795 4307088 68
1789880849085 4380844 68
1789880849350 4447624 68
1789880849658 4528356 70
1789880849948 4602104 67
1789880850210 4672988 68
1789880850521 4749588 68
1789880850841 4823332 68
1789880851105 4897072 70
1789880851387 4970812 71
1789880851656 5044548 72
1789880851953 5118296 70
1789880852265 5193868 71
1789880852596 5267632 71
1789880852896 5341380 71
1789880853180 5415116 71
1789880853450 5488864 77
1789880853783 5562620 75
1789880854048 5636356 74
1789880854327 5710112 73
1789880854615 5783864 74
1789880854926 5857612 76
1789880855221 5931364 77
1789880855500 6005120 75
1789880855827 6078860 77
1789880856138 6152608 77
1789880856428 6226356 76
1789880856705 6300100 77
1789880857001 6373836 76
1789880857279 6444916 78
1789880857669 6521876 79
1789880858010 6595632 77
1789880858279 6669380 78
1789880858562 6743140 79
1789880858860 6816884 81
1789880859145 6890628 81
1789880859445 6964368 80
1789880859730 7038112 81
1789880860032 7111848 82
1789880860318 7185588 82
1789880860621 7259340 81
1789880860910 7333088 83
1789880861215 7406832 83
1789880861615 7517448 83
1789880862018 7628072 85
1789880862408 7715676 82
1789880862793 7812500 86
1789880863187 7923136 86
1789880863625 8033760 86
1789880864057 8144368 88
1789880864467 8254980 87
1789880864944 8365604 89
1789880865344 8476212 89
1789880865765 8586840 89
1789880866235 8697456 94
1789880866630 8808060 91
1789880867046 8918672 91
1789880867454 9029280 94
1789880867975 9140688 95
1789880868458 9251328 93
1789880868878 9361944 94
1789880869367 9472580 95
1789880869850 9583196 94
1789880870341 9693832 95
1789880870760 9804460 96
1789880871218 9915076 98
1789880871671 10025692 97
1789880872076 10136300 98
1789880872563 10246908 100
1789880873010 10357524 100
1789880873478 10468180 102
1789880873925 10578812 101
1789880874357 10689448 102
1789880874775 10800060 102
1789880875209 10910688 103
1789880875662 11021296 104
1789880876098 11131908 105
1789880876645 11246524 104
1789880877117 11390000 107
1789880877670 11508740 110
1789880878219 11648116 108
1789880878776 11795628 111
1789880879350 11943120 109
1789880879913 12090612 124
1789880880468 12237380 111
1789880881095 12385572 113
1789880881658 12533044 113
1789880882204 12676480 113
1789880882805 12828000 115
1789880883425 12976548 114
1789880884034 13124060 116
1789880884598 13271572 117
1789880885177 13406928 117
1789880885842 13566576 117
1789880886460 13714080 119
1789880887023 13861552 121
1789880887579 14009040 123
1789880888151 14156520 122
1789880888752 14304032 122
1789880889334 14451544 122
1789880889894 14599036 126
1789880890474 14746524 123
1789880891041 14894012 125
1789880891724 15078372 127
1789880892396 15262728 127
1789880893083 15447088 130
1789880893792 15631480 130
1789880894480 15815844 130
1789880895212 16000208 131
1789880896008 16184572 131
1789880896793 16368972 134
1789880897520 16553344 136
1789880898275 16737688 135
1789880899049 16922048 136
1789880899739 17104944 137
1789880900553 17290756 138
1789880901394 17475140 141
1789880902110 17659500 140
1789880902842 17843872 144
1789880903561 18028228 144
1789880904422 18213892 144
1789880905185 18398232 145
1789880905928 18582592 147
1789880906770 18790212 148
1789880907561 18988192 150
1789880908402 19209436 150
1789880909299 19430672 149
1789880910175 19651904 151
1789880911118 19873116 153
1789880912004 20094356 155
1789880912875 20315612 158
1789880913807 20533644 158
1789880914727 20758048 157
1789880915629 20979276 158
1789880916510 21200508 161
1789880917417 21421768 164
1789880918392 21642996 163
1789880919230 21864212 166
1789880922729 21949424 172
1789880941284 21949428 172
1789880959595 21949948 175
1789880966911 21974932 171
1789880968917 22198624 173
1789880969992 22456704 174
1789880971011 22714780 175
1789880972054 22972856 174
1789880973083 23230936 179
1789880974150 23489016 178
1789880975190 23747092 181
1789880976268 24005172 187
1789880977326 24263252 187
1789880978370 24521332 186
1789880979471 24780944 186
1789880980518 25039020 184
1789880981585 25297100 189
1789880982641 25555176 195
1789880983723 25813252 191
1789880985016 26108208 198
1789880986237 26403156 195
1789880987438 26698104 197
1789880988691 26993052 199
1789880989923 27287996 200
1789880991149 27582944 199
1789880992394 27877888 202
1789880993627 28172832 205
1789880994886 28467776 204
1789880996264 28762736 205
1789880997533 29057680 209
1789880998784 29352624 211
1789881000126 29647584 213
1789881001527 29979412 211
1789881002951 30311232 216
1789881004369 30643052 215
1789881005802 30974876 218
1789881007347 31306708 219
1789881008798 31638532 224
1789881010246 31970356 227
1789881011719 32302188 230
1789881013274 32635812 233
1789881014764 32967644 234
1789881016237 33299464 229
1789881017851 33668152 234
1789881019520 34036840 236
1789881021116 34405536 239
1789881022671 34774232 241
1789881024345 35142940 242
1789881025980 35511632 247
1789881027514 35880332 247
1789881029109 36249016 250
1789881030757 36617716 250
1789881032325 36986404 254
1789881034040 37391956 256
1789881035841 37797532 257
1789881037583 38203088 263
1789881039298 38608648 263
1789881041108 39014224 266
1789881042843 39419780 266
1789881044621 39825340 269
1789881046430 40230904 273
1789881048241 40636480 278
1789881050172 41078900 281
1789881052211 41521336 277
1789881054158 41963760 283
1789881056114 42406192 282
1789881058152 42848624 288
1789881060075 43291056 288
1789881061968 43733484 292
1789881063861 44175924 297
1789881065785 44618364 298
1789881067868 45097664 300
1789881070096 45576976 300
1789881072199 46056288 305
1789881074324 46535592 307
1789881076517 47014912 308
1789881078614 47494204 312
1789881080763 47973500 313
1789881083128 48489680 323
1789881085598 49005856 320
1789881087962 49522040 329
1789881090333 50038216 329
1789881092710 50554400 335
1789881095130 51070580 336
1789881097620 51586752 338
1789881100242 52102932 343
1789881102712 52655968 342
1789881105264 53211048 349
1789881107817 53764088 353
1789881110631 54317120 356
1789881113371 54870156 361
1789881116280 55423192 364
1789881119316 56013096 544
1789881122495 56603000 366
1789881125488 57192912 375
1789881128521 57782816 383
1789881131386 58368472 377
1789881134556 58962632 386
1789881137398 59552524 386
1789881140472 60179292 394
1789881143627 60806056 394
1789881146613 61432828 397
1789881149661 62059600 402
1789881152690 62686380 404
1789881155905 63350016 405
1789881159035 64013660 409
1789881162406 64677292 419
1789881165890 65340932 417
1789881169241 66006864 425
1789881172732 66670516 429
1789881176365 67371036 431
1789881179968 68071544 437
1789881183435 68772052 442
1789881186933 69472568 447
1789881190611 70173092 449
1789881194474 70910452 452
1789881198281 71647848 456
1789881202055 72385228 462
1789881205770 73122604 469
1789881209769 73859992 475
1789881213712 74634232 477
1789881217776 75408476 480
1789881221774 76182728 492
1789881225741 76956976 493
1789881229797 77733788 498
1789881233805 78544912 501
1789881237903 79356032 500
1789881241977 80167148 504
1789881245970 80978268 518
1789881250067 81789400 515
1789881254267 82637396 522
1789881256448 84583780 547
1789881257534 86217184 555
1789881258935 88153652 563
1789881260117 89320068 567
1789881261362 90481676 575
1789881262566 91656892 584
1789881263986 93282064 591
1789881265480 95044172 605
1789881266737 96073184 609
1789881268022 97332984 616
1789881269362 98703628 625
1789881270667 99873456 629
1789881271877 101003080 639
1789881273341 102293948 645
1789881274780 103724944 650
1789881276115 105118820 664
1789881277477 106289392 666
1789881279282 107977600 683
1789881280987 110020252 693
1789881282889 111949232 700
1789881284857 113095804 711
1789881286264 114308500 714
1789881287877 115737140 720
1789881289258 116956984 733
1789881290759 118174376 737
1789881292197 119357052 754
1789881293800 120648316 757
1789881295288 121871412 755
1789881296855 123157844 765
1789881298322 124413548 772
1789881300000 125743000 778
1789881301567 127100444 785
1789881303275 128535056 796
1789881304871 129895204 796
1789881306600 131300476 804
1789881308220 132660656 816
1789881309983 134089992 821
1789881311638 135452704 830
1789881313428 136886624 838
1789881315338 138606116 848
1789881346957 139550088 852
1789881420120 139556180 858
1789881439292 139596120 857
1789881457383 139780524 886
1789881480090 140089720 863
1789881499871 140164472 858
1789881526991 140526464 868
1789881550790 140878732 864
1789881576421 141218360 873
1789881585916 142726068 888
1789881587823 144634884 897
1789881589900 146797408 914
1789881591860 148497568 938
1789881593869 150479064 944
1789881595955 152245520 957
1789881613261 153805988 972
1789881617560 155498948 986
1789881620946 157231588 1016
1789881624863 159261204 1024
1789881628286 160959980 1036
1789881631934 162746992 1038
1789881635664 164559156 1060
1789881678552 165415876 1061
1789881684156 167131920 1067
1789881722398 168457356 1079
1789881982901 169157880 1039
1789882213001 169869000 970
1789882216595 171758404 1006
1789882220433 173571000 1030
1789882241495 174218572 1045
1789882525926 174790088 1058
1789882603092 176044072 1082
1789882839410 176113368 1041
1789882860341 177108764 1091
1789882890388 177268516 1081
1789882941475 177268520 1099
1789883146757 177278660 1078
1789883225277 178178932 1085
1789884052197 178401156 1070
1789884073897 178664340 1070
1789884352249 178666384 1078
1789884429091 178833820 1101
1789885244034 178898336 1056
1789885265797 178985896 1079
1789885628170 178987940 1078
1789885863275 179045336 1078
1789885894993 179119540 1100
1789886228099 179121584 1078
1789886468229 179163568 1061
1789886835545 179252152 1081
1789887074670 179367872 1075
1789887361265 179519432 1087
1789887437697 179777496 1096
1789887658550 179792852 1056
1789887679831 180358140 1081
1789887963661 180432384 1086
1789888264425 180564484 1088
1789888618855 180591616 1087
1789888739505 181033576 1016
1789888760340 182965060 1045
1789888788050 183468880 1040
1789888794449 185388584 1037
1789888800732 187517712 1078
1789888805327 189426640 1079
1789889196509 190446628 1084
1789889218740 190586924 1070
1789889297184 190845804 1098
1789889400148 191883864 1098
1789889619675 192461056 1106
1789889702282 193019196 1107
1789889802555 193300324 1114
1789890103618 194157504 1130
1789890201898 194472932 1126
1789890317112 195505732 1132
1789890626801 197143832 1146
1789890806116 197154584 1151
1789890920677 197868904 1159
1789891019074 198172576 1183
1789891120317 198888920 1151
1789891222790 199802944 1169
1789891321971 200279152 1183
1789891528045 201667348 1242
1789891629677 201978724 1192
1789891909498 202453388 1190
1789892022558 202900376 1203
1789892230593 204796520 1224
1789892422189 204918404 1224
1789892532977 205212844 1225
1789892629572 205417256 1234
1789892812649 205980944 1241
1789892930230 206738780 1243
1789893035546 207702512 1253
1789893135288 208562736 1259
1789893324147 208732736 1259
1789893505705 209287296 1261
1789894446133 209580364 1266
1789894451381 211763956 1272
1789894570859 212197452 1288
1789895456317 212398740 1283
1789895555766 212639928 1288
1789895675352 212639936 1302
1789895705260 212852432 1297
1789895825277 213260564 1295
1789895943803 214094184 1292
1789896065321 215539712 1309
1789896178685 216478304 1310
1789896283737 216694428 1303
1789896398698 217097896 1320
1789896511565 217428172 1301
1789896661444 217615592 1304
1789896709359 217749256 1328
1789896761513 217901812 1328
1789896899708 218127728 1305
1789896944708 218780520 1299
1789897005226 218785664 1335
1789897116090 219341768 1322
1789897238502 220508736 1339
1789897269136 221435524 1340
1789897378918 221523084 1351
1789897506199 221737656 1332
1789897599680 222142172 1343
1789897708191 222647060 1357
1789897838309 223101788 1375
1789897948833 223394684 1356
1789897981452 224165832 1354
1789898065342 224381404 1367
1789898314762 225670760 1363
1789898396352 225822356 1383
1789898424120 226595560 1366
1789898510236 226942220 1382
1789898617062 227058196 1387
1789898727981 228268940 1390
1789898812053 228748760 1389
1789899025882 229469240 1383
1789899139868 230703248 1405
1789899244788 231351000 1404
1789904182784 231613972 1544
1789904214157 231667228 1539
1789904246518 231702044 1516
1789904277882 231786012 1371
1789904306274 231865884 1345
1789904335045 231945756 1366
1789904362902 232021532 1367
1789904391059 232101412 1340
1789904418068 232168996 1351
1789904448486 232244772 1361
1789904476435 232320548 1360
1789904504313 232396324 1358
1789904532303 232470052 1367
1789904561532 232539684 1343
1789904589452 232611372 1340
1789904617188 232683052 1340
1789904644516 232754732 1338
1789904671525 232820268 1339
1789904699399 232891948 1372
1789904727808 232957484 1331
1789904755234 233027116 1337
1789904852292 233623128 1376
1789904858847 236170096 1370
1789904894475 237965396 1394
1789904912718 240439040 1429
1789904921157 243123724 1423
1789905893256 245250328 1462
1789906421879 245521240 1479
1789906454236 247413256 1494
1789906555509 247754820 1494
1789906860000 248426132 1468
1789906969183 249289448 1496
1789907097326 249598728 1529
1789907363074 251134904 1525
1789907472412 251545080 1514
1789907725078 252578412 1516
1789907857692 252879992 1557
1789907924942 253042340 1558
1789908039870 254097676 1572
1789908163964 254868820 1533
1789908287418 255307152 1546
1789908472750 255831504 1563
1789908563543 255890900 1603
1789908664335 256163832 1581
1789908788820 256681528 1598
1789908848886 256837704 1622
1789908936791 257696224 1610
1789908995195 258500876 1621
1789909054455 259504140 1606
1789909379977 260196268 1626
1789909482034 260431836 1628
1789909526833 260721128 1612
1789909613398 261418048 1632
1789913061686 262210220 1576
1789913333254 262305480 1571
1789913464698 262355700 1558
1789913496461 264135560 1592
1789913603394 264492936 1568
1789914133263 266487420 1596
1789914550916 269012412 1610
1789914757436 269834224 1620
1789914853666 271218868 1625
1789915224173 271272100 1605
1789915367800 271823088 1604
1789915572537 272538408 1621
1789915635632 272986988 1620
1789915769201 273851856 1621
1789915874721 274113572 1619
1789915950413 274858032 1644
