# timestamp_ms rss_kb
1786707229347 229968
1786707253115 318392
1786707253219 430704
1786707253323 496684
1786707253432 585292
1786707253539 660120
1786707253654 767944
1786707253765 835532
1786707253879 1017240
1786707254107 1042388
1786707254229 1212236
1786707254624 1396072
1786707254772 1645064
1786707254956 2236616
1786707255090 2586196
1786707255228 2714888
1786707255423 2784524
1786707255564 3006028
1786707255920 3361868
1786707256064 3476428
1786707258910 3648056
1786707259106 3766852
1786707259603 4113004
1786707260078 4278940
1786707260281 4387516
1786707260723 4688660
1786707261243 4813580
1786707261419 5104428
1786707261926 5276524
1786707262146 5432196
1786707262622 5702580
1786707263240 5993436
1786707263424 6136828
1786707316950 6318096
1786707317670 6410776 (true peak, below trigger threshold; snapshot is in peaks/peak.smaps)
