1785495394166 435284 28
1785495394361 440936 30
1785495394460 452916 25
1785495394710 465300 23
1785495394808 550284 23
1785495394921 646928 27
1785495395570 664856 49
1785495395782 680908 27
1785495396189 698676 27
1785495396373 708556 29
1785495396814 725496 29
1785495396944 734696 40
1785495397311 745416 29
1785495397570 758796 28
1785495397937 775664 30
1785495398171 789112 34
1785495398386 803904 80
1785495398855 822688 39
1785495399042 832568 27
1785495399456 842284 37
1785495399605 853700 52
1785495399763 862920 59
1785495400326 871848 26
1785495400514 881584 36
1785495400688 891980 44
1785495400921 901032 30
1785495401318 913704 29
1785495401609 924188 38
1785495401879 934112 83
1785495402065 944320 72
1785495402288 957956 55
1785495402597 970924 48
1785495402759 984892 33
1785495403393 1002592 70
1785495403571 1014248 31
1785495404278 1020388 33
1785495404679 1032940 37
1785495404800 1058028 30
1785495404933 1095148 30
1785495405069 1109564 30
1785495405198 1156820 32
1785495405375 1202828 31
1785495405548 1248980 41
1785495405736 1304656 34
1785495405913 1341148 33
1785495406096 1368728 34
1785495406270 1387160 36
1785495429108 1504028 37
1785495429279 1802700 38
1785495429452 2748372 41
1785495453656 2777196 44
1785495457501 2795176 51
1785495457795 2887348 47
1785495458009 2918404 48
1785495458334 3016404 49
1785495458537 3108568 51
1785495458846 3158184 40
1785495459706 3177336 52
1785495462974 3251220 45
1785495463175 3336840 43
1785495464052 3342204 43
1785495465057 3349408 54
1785495466251 3351472 45
1785495467402 3351488 44
1785495469016 3351540 54
1785495470361 3351592 46
1785495471678 3351628 54
1785495472890 3351724 47
1785495473898 3351736 44
1785495474901 3351796 46
1785495476248 3351804 47
1785495477858 3351836 44
1785495479629 3351872 44
1785495480615 3351944 46
