1790751671915 36
1790751672814 34
1790751673562 44
1790751673646 25
1790751674043 43
1790751674857 47
1790751675091 27
1790751675530 41
1790751675758 27
1790751675814 28
1790751675870 43
1790751675968 24
1790751676024 27
1790751676108 29
1790751676178 43
1790751676253 27
1790751676337 24
1790751677898 44
1790751677975 46
1790751678397 43
1790751678794 45
1790751678871 50
1790751678968 47
1790751679194 29
1790751679627 31
1790751679807 47
1790751680057 27
1790751680661 49
1790751681029 47
1790751681383 45
1790751682013 25
1790751682566 41
1790751682660 24
