1786754094617 76
1786754101324 78
1786754101479 77
1786754101630 79
1786754101793 82
1786754102002 78
1786754102155 77
1786754102305 87
1786754102710 84
1786754103058 86
1786754103446 85
1786754103634 87
1786754103908 104
1786754104140 87
1786754104404 99
1786754104595 118
1786754104898 94
1786754105379 78
1786754105766 82
1786754106230 80
1786754106585 77
1786754107015 77
1786754107196 82
1786754107460 78
1786754107954 88
1786754108379 88
1786754108746 109
1786754108967 82
1786754109299 81
1786754109717 91
1786754110131 84
1786754110568 81
1786754110968 79
1786754111398 83
1786754111793 79
1786754112161 79
