1790676587997 64324 47
1790676588103 105528 22
1790676588181 167044 22
1790676588261 228556 22
1790676588342 282256 21
1790676588419 300760 22
1790676588577 319680 22
1790676588656 324128 22
1790676588728 327700 20
1790676588804 331324 22
1790676588927 336492 20
1790676589003 341040 20
1790676589075 350780 20
1790676589202 355880 19
1790676589273 359500 18
1790676589348 369724 22
1790676589479 375636 21
1790676589606 389180 22
1790676589686 449624 24
1790676589789 744376 25
1790676589891 1043464 25
1790676589993 1193976 25
1790676590091 1330708 26
1790676590210 1574868 27
1790676590313 1632396 28
1790676590425 1708220 30
1790676590547 1776880 30
1790676590680 1848004 32
1790676590825 1945856 33
1790676590987 2044760 35
1790676591160 2162728 37
1790676591352 2278424 40
1790676591567 2433892 43
1790676591773 2574536 45
1790676592017 2758728 47
1790676592288 2977840 51
1790676592588 3208828 57
1790676592921 3466568 61
1790676593238 3719812 65
1790676593576 3937044 69
1790676593985 4256112 73
1790676594440 4590820 82
1790676594868 4905816 84
1790676595310 5157040 87
1790676595848 5492548 92
1790676596420 5913068 98
1790676596947 6224480 104
1790676597497 6481020 107
1790676598165 7012864 115
1790676598802 7376280 120
1790676599446 7662408 124
1790676600112 7833140 126
1790676600923 8452416 136
1790676601673 8969852 146
1790676602453 9203528 148
1790676603412 9864076 157
1790676604267 10282296 164
1790676605155 10560976 167
1790676606060 10910348 172
1790676606994 11475160 181
1790676607964 12013748 188
1790676608973 12385780 192
1790676610227 13329856 203
1790676611328 13550000 207
1790676613145 14471384 223
1790676614343 14962928 225
1790676615577 15265252 230
1790676617072 16141568 245
1790676618389 16467056 244
1790676619715 16977916 252
1790676621091 17578192 259
1790676622503 18174312 269
1790676623944 18427792 267
1790676625709 18993432 274
1790676627220 19584248 285
1790676628742 19858496 283
1790676629962 20143212 283
1790676631508 20447512 289
1790676632754 20685248 293
1790676634627 20897016 293
1790676641127 21109248 296
1790676643994 21341912 299
1790676646628 21603640 298
1790676648904 21829256 299
1790676651207 22093152 301
1790676653144 22432732 307
1790676658847 22760240 308
1790676660501 24109536 513
1790676664413 24577120 315
1790676665768 24857820 315
1790676667806 25470836 327
1790676672021 25771448 328
1790676678760 25827112 328
1790676685559 25961508 329
1790676693083 26093548 331
1790676699906 26191964 332
1790676706713 26305028 327
1790676713496 26399284 327
1790676720317 26514468 327
1790676727831 26637992 534
1790676739204 26722544 328
1790676745986 26722600 327
1790676752784 26722668 328
1790676760334 26778032 331
1790676767138 26789452 330
1790676773927 26796628 329
1790676780728 26819984 329
1790676787536 26863712 329
1790676794328 26878896 328
1790676801128 26922236 328
1790676807952 27008204 329
1790676814737 27012032 326
1790676821543 27015488 330
1790676828728 27041560 332
1790676836249 27165164 328
1790676843078 27272076 329
1790676849896 27386048 332
1790676857122 27493596 332
1790676862475 27788616 331
1790676870369 27858272 338
1790676877185 27858384 331
1790676883982 27858508 334
1790676891535 27858588 331
1790676898345 27858660 331
1790676905148 27858720 329
1790676911957 27858772 331
1790676918800 27858832 331
1790676925573 27858892 328
1790676932392 27883544 332
1790676939219 27990200 329
1790676946071 28090704 330
1790676953618 28203520 335
1790676960869 28314284 333
1790676967725 28420944 330
1790676974567 28524120 332
1790676981398 28540280 543
1790676992752 28540368 334
1790676999605 28540424 330
1790677007159 28540488 331
1790677013980 28540544 331
1790677020815 28540600 334
1790677027650 28540660 334
1790677034487 28540708 334
1790677041335 28540772 332
1790677048161 28540836 333
1790677054991 28540904 331
1790677061822 28540960 330
1790677068667 28541020 331
1790677075506 28541072 331
1790677082338 28631332 337
1790677089207 28732192 331
1790677096388 28835880 333
1790677103597 28907516 337
1790677110826 29205480 335
1790677115097 29632088 338
1790677121965 29888964 333
1790677129499 30077568 336
1790677136349 30268272 337
1790677143204 30464228 334
1790677150729 30656308 337
1790677157613 30850404 335
1790677165227 31086412 335
1790677172850 31218036 339
1790677176129 31645332 335
1790677179783 32199100 338
1790677181964 32545540 341
1790677184865 32986376 339
1790677188498 33558940 338
1790677192507 34182936 338
1790677196168 34629004 339
1790677198708 34991404 341
1790677206046 35206668 341
1790677209712 35601100 340
1790677212259 35988700 342
1790677215926 36600076 344
1790677220287 37236436 340
1790677224307 37959556 345
1790677227613 38433944 344
1790677230522 38912508 344
1790677237511 39186192 342
1790677243396 39627220 347
1790677245605 40063692 345
1790677249628 40590600 347
1790677253504 41168784 348
1790677257167 41671152 344
1790677260094 42106660 349
1790677264519 42716840 349
1790677270010 43192520 352
1790677278110 43340284 349
1790677282131 43971656 353
1790677286551 44484288 556
1790677291142 45064352 353
1790677299158 45327460 350
1790677307206 45438176 351
1790677315241 45541912 349
1790677322568 45870144 355
1790677330367 46228296 350
1790677338782 46232412 351
1790677346613 46266232 350
1790677356962 46307240 352
1790677367767 46420168 353
1790677375601 46504184 352
1790677381310 47090660 357
1790677388912 47348940 356
1790677396731 47918928 352
1790677405248 48210028 356
1790677412689 48775928 355
1790677420974 49099832 355
1790677429078 49792804 357
1790677437117 50049060 354
1790677444603 50418124 355
1790677451833 50608756 356
1790677459851 50651824 356
1790677467621 50688732 359
1790677475895 50746124 356
1790677487293 50760480 358
1790677495585 50770736 358
1790677503187 50783032 358
1790677510682 50817932 357
1790677518016 51033180 357
1790677525987 51307900 360
1790677533557 51525228 355
1790677541440 52062384 357
1790677549012 52388340 357
1790677556602 52652896 359
1790677564484 53169468 559
1790677575851 53374488 362
1790677583516 53444188 357
1790677591190 53509796 356
1790677598895 53554896 359
1790677607670 53585652 358
1790677615425 53600004 358
1790677623594 53641008 358
1790677630834 53659460 356
1790677645314 53690208 361
1790677653062 53841940 359
1790677661433 54081808 360
1790677669008 54288864 363
1790677676466 54612856 358
1790677683663 54955252 358
1790677690933 55170512 361
1790677698633 55283276 360
1790677706383 55340684 361
1790677713911 55406296 358
1790677721529 55471884 358
1790677729781 55498544 359
1790677737532 55531348 359
1790677745447 55560052 358
1790677753073 55603100 363
1790677760731 55611308 570
1790677774804 55640008 363
1790677782660 55791748 362
1790677791097 56115660 365
1790677798773 56263296 361
1790677807007 56792272 361
1790677814477 56855812 362
1790677822154 57013684 360
1790677830387 57112124 362
1790677837694 57233048 362
1790677845486 57272004 359
1790677853122 57325312 362
1790677861384 57358116 362
1790677869980 57405272 565
1790677889799 57440152 362
1790677897238 57764052 360
1790677904707 57913732 365
1790677912159 58309448 364
1790677919548 58627296 366
1790677927098 58926804 364
1790677934905 59185056 363
1790677942943 59361364 362
1790677950577 59414672 364
1790677959016 59478664 363
1790677967906 60049012 364
1790677974067 60684412 366
1790677981590 60795136 367
1790677987290 61481968 367
1790677994713 61617256 373
1790678002204 62051952 367
1790678010586 62482448 369
1790678018261 62708000 364
1790678026550 63282020 370
1790678035116 63630652 369
1790678043096 64180176 369
1790678051029 64375448 366
1790678059671 64404132 367
1790678067105 64438976 368
1790678074590 64463564 371
1790678103111 64541388 367
1790678110539 64673516 370
1790678118703 64781548 364
1790678126601 65084692 370
1790678134790 65375556 370
1790678143877 65789448 368
1790678151490 65789572 370
1790678159339 65863540 371
1790678167921 66263436 372
1790678175606 66343388 370
1790678183905 66365944 370
1790678192089 66390548 367
1790678200484 66423372 372
1790678215898 66497160 369
1790678224066 66501260 369
1790678234211 66509456 371
1790678243555 66517656 370
1790678251836 66527908 373
1790678259460 66599696 372
1790678266991 66907192 368
1790678275435 67286524 786
1790678288993 68002028 372
1790678297229 68141416 374
1790678305436 68194720 370
1790678313158 68319776 373
1790678322218 68342336 370
1790678332807 68416140 370
1790678340472 68428436 369
1790678348770 68438688 370
1790678356557 68473544 371
1790678365127 68502248 369
1790678373188 68514548 368
1790678381131 68528900 373
1790678389936 68563816 371
1790678398318 68998392 375
1790678406951 69371556 371
1790678415359 69638052 371
1790678423864 69785664 373
1790678431868 69828716 369
1790678439894 70009168 372
1790678448551 70041948 371
1790678456622 70066548 372
1790678465095 70113700 374
1790678472896 70136260 372
1790678480404 70175208 371
1790678488939 70193660 372
1790678497179 70269512 370
1790678504779 70398728 372
1790678512424 70693928 373
1790678519946 70849744 374
1790678528234 71325400 375
1790678538130 71733112 376
1790678549290 71759792 377
1790678557063 72212852 373
1790678564572 72981736 375
1790678573333 73125356 377
1790678578624 73924768 374
1790678586199 73992560 377
1790678591927 74781756 376
1790678599851 74804324 378
1790678605908 75630552 374
1790678613736 75648992 445
1790678622807 76501876 379
1790678631145 76612648 377
1790678640218 77365148 378
1790678648916 77523136 380
1790678658202 78193640 379
1790678697764 78480588 378
1790678710311 78744780 380
1790678721589 78812424 377
1790678733054 78812616 382
1790678741725 79015812 377
1790678750342 79439880 380
1790678758636 79884444 381
1790678766338 79971688 384
1790678776031 80749640 380
1790678788250 81090004 387
1790678811176 81092052 380
1790678818902 81100252 381
1790678827531 81108456 382
1790678841837 81112564 381
1790678850242 81356556 378
1790678858300 81475524 384
1790678867613 82080272 384
1790678876396 82668688 385
1790678884956 83047956 385
1790678892701 83402736 384
1790678900794 83716412 386
1790678908839 83812784 383
1790678926670 83835320 389
1790678935133 83845572 385
1790678943361 83880424 383
1790678951690 83907072 385
1790678959880 83929628 384
1790678967862 83946036 383
1790678977962 83970636 383
1790678990204 83999332 381
1790678998294 84183868 387
1790679007411 84286372 386
1790679015719 84764124 384
1790679023974 84789824 389
1790679032275 84812924 390
1790679040539 84833116 387
1790679048457 84858764 388
1790679056758 84880196 389
1790679065217 84976564 387
1790679073135 84991952 387
1790679081418 85011488 387
1790679089348 85172640 391
1790679097694 85988316 390
1790679106401 86808944 389
1790679114411 87646968 399
1790679122802 88513280 395
1790679130836 89296684 394
1790679138790 89871012 396
1790679147140 89877884 397
1790679155489 89884708 395
1790679163840 89891456 394
1790679172189 89900216 393
1790679180545 89906968 396
1790679188909 89925884 398
1790679197259 89934624 401
1790679205615 89941884 394
1790679214030 90688508 399
1790679222838 91625852 400
1790679230859 91968024 400
1790679239252 91976536 400
1790679247680 91987396 400
1790679256063 92002348 398
1790679264457 92011084 401
1790679272869 92019880 402
1790679281260 92034888 401
1790679289652 92049692 401
1790679297976 92263100 403
1790679305724 93446348 402
1790679309167 94781580 406
1790679376844 95344904 411
1790679387231 95540492 407
1790679396218 95871212 412
1790679399104 97362924 409
1790679404003 98432760 415
1790679409418 99742224 419
1790679496449 102742848 630
1790679499329 104361564 456
1790679504716 105582788 452
1790679596523 107678908 700
1790679609574 108812040 466
1790679617640 110194796 468
1790679718105 110978400 526
1790679733347 110980448 467
1790679754885 111016032 467
1790679766083 111059044 471
1790679776567 111072100 467
1790679795377 111153512 468
1790679805554 111241580 471
1790679822407 111247212 472
1790679845600 111365740 472
1790679868694 111445868 471
1790679891023 111550828 471
1790679912803 111676276 471
1790679934708 111716724 471
1790679955567 111775860 473
1790679976056 111807188 473
1790679985586 112982136 484
1790679987461 114348308 493
1790679997989 115543664 495
1790680002727 117013496 496
1790680138011 117780792 929
1790680143058 119050000 523
1790680153018 120254908 533
1790680164940 121111224 537
1790680178199 121111228 545
1790680194643 121137860 534
1790680207322 121137876 540
1790680221982 121137888 536
1790680233176 121137904 541
1790680244868 121152240 532
1790680467293 121395596 542
1790680477685 122729364 548
1790680908606 122979528 553
1790680921283 124279848 553
1790680927798 125635116 558
1790680955730 126229332 552
1790680966928 126302092 552
1790681278075 126496736 562
1790681285405 128260360 561
1790681297148 128712784 565
1790699762528 129213972 854
1790699868937 129548712 1192
1790700198049 130266356 871
1790700218298 131129216 879
1790700236397 131197084 872
1790700255124 131197384 872
1790700576206 131308616 887
1790700594794 131594312 1091
