# timestamp_ms rss_kb
1785658267111 452472
1785658267378 492620
1785658267485 546432
1785658267589 613948
1785658268006 626644
1785658268193 647020
1785658268543 662604
1785658268928 684176
1785658269248 698312
1785658269595 717644
1785658270110 733884
1785658270328 758716
1785658270718 776468
1785658271047 793268
1785658271399 816404
1785658271838 836664
1785658272084 853516
1785658272468 876844
1785658272996 910460
1785658273580 937412
1785658274039 958292
1785658274598 978040
1785658274775 1002932
1785658275864 1043716
1785658275997 1075716
1785658276135 1108852
1785658276270 1138912
1785658276402 1167384
1785658276759 1218668
1785658276906 1264748
1785658277048 1310828
1785658277305 1347692
1785658277569 1375340
1785658277955 1561200
1785658278104 2091156
1785658278406 2441292
1785658290761 2618516
1785658290915 2897548
1785658298437 2975536
1785658299632 3044312
1785658301811 3121956
1785658303627 3195736
1785658305567 3269620
1785658307574 3343500
1785658309823 3418128
1785658311322 3474832 (true peak, below trigger threshold; snapshot is in peaks/peak.smaps)
