1785401498629 12328 14
1785401499532 30832 11
1785401499593 69408 11
1785401499652 73892 12
1785401499712 183676 12
1785401499913 188288 12
1785401499974 192896 11
1785401500152 196576 13
1785401500213 221344 14
1785401500288 265856 16
1785401500368 304888 17
1785401500453 358440 18
1785401500548 400076 19
1785401500652 457204 18
1785401500762 504196 19
1785401500876 537592 19
1785401500998 584624 21
1785401501127 647224 21
1785401501260 691732 21
1785401501402 723776 24
1785401501546 783784 23
1785401501695 811772 26
1785401501852 848584 25
1785401502852 854728 21
1785401503385 855420 20
1785401506394 898212 23
1785401506548 930604 25
1785401506714 966192 26
1785401506878 1004904 28
1785401507058 1041132 27
1785401507246 1122568 29
1785401507434 1134864 30
1785401507571 1146672 28
1785401508489 1169452 26
1785401508948 1198244 30
1785401516137 1200148 30
1785401586983 1200156 33
