# timestamp_ms rss_kb
1785370840266 250036
1785370840447 256356
1785370841014 262632
1785370841367 277192
1785370841727 283260
1785370841909 289400
1785370842023 344804
1785370842150 434708
1785370842276 472608
1785370842405 518884
1785370842529 539992
1785370842655 578824
1785370842892 603724
1785370843020 626108
1785370843152 638760
1785370843278 661028
1785370843412 679464
1785370843547 695840
1785370843765 716576
1785370843898 738456
1785370844028 756108
1785370844176 775996
1785370844317 823684
1785370844461 888884
1785370844604 926104
1785370844753 964232
1785370844899 992636
1785370845047 1019616
1785370845194 1043040
1785370845352 1073060
1785370845499 1102752
1785370845785 1133940
1785370846123 1179128
1785370846372 1214528
1785370846624 1246888
1785370850719 1494908
1785370850866 1687420
1785370851012 1762024
1785370851161 1981160
1785370851822 2065096
1785370851947 2222588
1785370852079 2328100
1785370852215 2438532
1785370852344 2534232
1785370858008 2624176
