# timestamp_ms rss_kb
1785369849276 256492
1785369849715 262740
1785369850034 268508
1785369850120 279780
1785369850476 285836
1785369850660 295604
1785369850780 379108
1785369850911 468284
1785369851043 513632
1785369851171 553236
1785369851302 584656
1785369851438 612864
1785369851578 632648
1785369851709 659692
1785369851845 681560
1785369851978 695340
1785369852227 719412
1785369852361 737516
1785369852497 752780
1785369852749 778124
1785369852892 850364
1785369853042 901248
1785369853193 942984
1785369853347 990688
1785369853498 1022268
1785369853657 1048928
1785369853814 1076772
1785369853969 1109648
1785369854297 1134244
1785369854639 1185580
1785369854887 1225520
1785369855029 1250092
1785369858464 1303308
1785369858609 1626304
1785369858751 1726656
1785369858895 1840756
1785369859039 2047604
1785369859465 2106704
1785369859615 2313552
1785369859762 2469788
1785369860035 2533516
1785369864369 2648984
1785369864516 2676412 (true peak, below trigger threshold; snapshot is in peaks/peak.smaps)
