1790713663356 53
1790713663460 29
1790713663554 50
1790713663641 28
1790713663704 29
1790713663786 51
1790713663888 29
1790713663952 52
1790713664538 55
1790713664643 29
1790713664762 30
1790713664898 68
1790713665022 32
1790713665095 31
1790713665166 58
1790713665263 32
1790713665335 32
1790713665406 60
1790713665523 59
1790713665640 32
1790713665712 49
1790713665837 59
1790713665937 59
1790713666053 58
1790713666169 59
1790713666287 60
1790713666406 60
1790713666525 61
1790713666646 62
1790713666937 70
1790713667291 62
1790713667436 61
1790713667560 64
1790713667686 64
1790713680838 73
1790713680982 54
1790713683422 81
