# timestamp_ms rss_kb
1785369140786 13620384
1785369141566 14834848
1785369142494 16919712
1785369143400 19016864
1785369144287 21120160
1785369145170 23217312
1785369146076 25326752
1785369146926 27415712
1785369147721 29527200
1785369148524 31614112
1785369149344 33711264
1785369150170 35806368
1785369150980 37911712
1785369151777 40002720
1785369152581 42106016
1785369153386 44205216
1785369154188 46298272
1785369154980 48397472
1785369155775 50498720
1785369156628 52597920
1785369157436 54693024
1785369162488 55837568
1785369176858 56957968
1785369228949 57921968 (true peak, below trigger threshold; snapshot is in peaks/peak.smaps)
