1786573188012 32024 19
1786573188086 40696 12
1786573188147 59984 12
1786573188211 114032 13
1786573188503 126736 14
1786573188795 127028 13
1786573188853 132916 13
1786573189086 136268 13
1786573189522 136712 14
1786573190841 136728 15
1786573191266 136764 13
1786573191713 136796 12
1786573192133 136828 14
1786573192585 137748 13
1786573192872 137800 13
1786573193061 139204 15
1786573193390 139264 15
1786573193489 140928 14
1786573193794 140984 13
1786573193931 142396 13
1786573194218 142448 14
1786573194363 144116 15
1786573194676 144168 14
1786573194872 145628 15
1786573195207 145648 15
1786573195266 147304 14
1786573195571 147360 14
1786573195891 148816 15
1786573196136 150492 16
1786573196495 150556 14
1786573196820 151996 16
1786573197009 153668 16
1786573197335 153724 15
1786573197655 155168 16
1786573197887 156844 17
1786573198260 156904 16
1786573198640 158364 16
1786573198783 160024 14
1786573199091 160080 15
1786573199411 161524 17
1786573199660 163196 16
1786573199996 163252 15
1786573200308 164708 16
1786573200542 166380 16
1786573200894 166444 15
1786573201240 167888 15
1786573201493 169568 18
1786573201886 171000 16
1786573202216 171060 17
1786573202571 172764 16
1786573202954 174232 17
1786573203311 175916 18
1786573203704 177396 17
1786573204064 179076 17
1786573204429 179136 19
1786573204855 180596 16
1786573205212 182300 17
1786573205596 183756 18
1786573205997 185448 18
1786573206481 186936 19
1786573206891 188636 18
1786573207295 190116 17
1786573207654 191800 18
1786573208044 193248 20
1786573208470 194960 17
1786573208827 195020 18
1786573209254 196456 19
1786573209640 197960 20
1786573210076 198168 19
1786573210461 199620 19
1786573210927 199636 18
1786573211332 201324 18
1786573211750 202680 20
1786573212156 202812 20
1786573212595 204484 19
1786573213009 204532 19
1786573213613 205996 19
1786573214011 207668 21
1786573214446 207716 21
1786573215030 209184 20
1786573215465 210856 20
1786573215902 210912 20
1786573216480 212356 21
1786573216989 214036 21
1786573217424 214092 20
1786573217880 215528 20
1786573218315 217204 22
1786573218780 217256 21
1786573219275 218712 22
1786573219732 220240 21
1786573220232 220440 21
1786573220771 221892 24
1786573221283 223564 21
1786573221746 223620 23
1786573222259 225076 21
1786573222660 228940 25
1786573222747 239720 24
1786573344629 241912 40
1786573345040 342468 36
1786573345145 358880 26
1786573345245 437140 30
1786573345633 444748 31
1786573345938 491716 34
1786573346045 498908 37
1786573346239 508908 30
1786573346358 517004 29
1786573346786 523328 33
1786573346935 528780 37
1786573347254 534120 40
1786573347371 540220 29
1786573347471 561124 35
1786573347593 581540 45
1786573347737 591612 30
1786573348276 609236 34
1786573348511 617060 42
1786573348636 706772 30
1786573348767 743808 40
1786573349358 753888 36
1786573349546 762012 34
1786573355170 764704 44
1786573355290 775800 29
1786573355397 796992 39
1786573357302 802484 39
1786573357636 814396 34
1786573357853 833916 39
1786573358094 894400 35
1786573358232 1001876 44
1786573358384 1029348 42
1786573358545 1054484 34
1786573359206 1068200 44
1786573359659 1081204 39
1786573364653 1082464 43
1786573365188 1096584 39
1786573365660 1109464 37
1786573365776 1165616 78
1786573365969 1304056 55
1786573366149 1334280 43
1786573366586 1370584 43
1786573372283 1376884 47
1786573372978 1443448 40
1786573373147 1491912 47
1786573373329 1510924 51
1786573374525 1513460 45
1786573381923 1513556 47
1786573383163 1519372 42
1786573384093 1525452 48
1786573384744 1546528 42
1786573384894 1604856 49
1786573391722 1605112 51
1786573392022 1646800 42
1786573392220 1672692 43
1786573397078 1675608 53
1786573397424 1702436 51
1786573397616 1764496 55
1786573398232 1793216 51
1786573401952 1795776 47
1786573402556 1828580 45
1786573402719 1850304 43
1786573412631 1851656 59
1786573414130 1870348 62
1786573420379 1871244 49
1786573420645 1895344 49
1786573425117 1907256 67
1786573425288 1928800 52
1786573426146 1949068 58
1786573430116 1952960 54
1786573430508 1985412 51
1786573439728 1993604 48
1786573440770 2002892 57
1786573447054 2016440 57
1786573452054 2039752 57
1786573456634 2052480 59
1786573465939 2061500 55
1786573466915 2084016 56
1786573473144 2089276 54
1786573478155 2110244 65
1786573482754 2131912 59
1786573492334 2139340 60
1786573499258 2156272 54
1786573504322 2166956 60
1786573508445 2173472 57
1786573518381 2189092 65
1786573525282 2205064 57
1786573530432 2210260 59
1786573535057 2215824 59
1786573545094 2219624 58
1786573552344 2229736 53
1786573557369 2233968 59
1786573561871 2239976 67
1786573571459 2243436 59
1786573572682 2252748 61
1786573578642 2253932 64
1786573583558 2257448 67
1786573587768 2262504 76
1786573598122 2272848 63
1786573605137 2275056 64
1786573610092 2278168 63
1786573614346 2282264 95
1786573624306 2284480 58
1786573631421 2296924 61
1786573636377 2297848 59
1786573640508 2300216 69
1786573650745 2302852 60
1786573657889 2307208 60
1786573662993 2311524 73
1786573666981 2314724 76
1786573669474 2338940 68
