# timestamp_ms rss_kb
1790712344964 22532
1790712345047 26080
1790712345185 45236
1790712346267 46680
1790712347205 54852
1790712347287 83356
1790712347369 138756
1790712347449 157268
1790712347527 189640
1790712347655 226584
1790712347735 245076
1790712347888 251888
1790712347972 300508
1790712348052 318956
1790712348184 355988
1790712348266 374436
1790712348470 411372
1790712348572 429816
1790712348654 443708
1790712348782 480608
1790712348861 499064
1790712349043 536004
1790712349175 554460
1790712349356 591380
1790712349439 609824
1790712349519 623704
1790712349648 642200
1790712349733 660656
1790712349816 674536
1790712349902 711428
1790712349988 729868
1790712350145 766748
1790712350276 785192
1790712350436 817448
1790712350568 835892
1790712351643 859804
1790712352231 922572
1790712352533 942288
1790712352945 967188
1790712353267 992100
1790712353729 1015396
1790712354150 1042520
1790712354575 1067592
1790712354995 1092748
1790712355387 1115840
1790712355819 1143108
1790712356223 1166032
1790712356451 1391616
1790712357029 1423660
1790712357840 3202384
1790712358316 3928436
1790712361058 4084160
1790712362870 4213200
1790712363314 5552952
1790712363756 7215412
1790712364207 8881596
1790712364620 9510200
1790712365337 9878256
1790712365782 10383964
1790712367906 10884976
1790712369370 11528632
1790712392238 12911852
1790712392696 13333208
1790712393612 13629464
1790712396012 14178580
1790712396488 15032408
1790712709473 15306104 (true peak, below trigger threshold; snapshot is in peaks/peak.smaps)
