1786956219364 251504 21
1786956219469 254604 21
1786956219621 258804 21
1786956219789 261468 20
1786956219946 267128 23
1786956220284 272416 22
1786956220594 275436 22
1786956220821 286264 20
1786956221933 287940 19
1786956222024 295096 24
1786956222132 330084 24
1786956222253 433332 26
1786956222378 482156 25
1786956222501 524396 25
1786956222625 561084 26
1786956222752 593016 24
1786956222887 618192 26
1786956223029 640460 27
1786956223152 662180 29
1786956223284 678328 26
1786956223410 690956 26
1786956223520 701456 27
1786956223650 716928 27
1786956223793 739532 27
1786956224006 753424 27
1786956224232 777412 29
1786956224449 785572 29
1786956224985 798984 28
1786956225538 812172 29
1786956226174 815276 27
1786956226396 833784 28
1786956227057 838424 27
1786956227176 950748 29
1786956227330 983508 31
1786956227484 1025432 31
1786956227640 1059288 30
1786956227797 1088460 30
1786956227954 1113164 30
1786956228114 1141064 33
1786956228604 1178064 29
1786956228899 1191504 31
1786956229187 1203952 29
1786956232343 1212192 33
1786956232461 1412320 34
1786956232595 1635552 31
1786956232754 1686176 30
1786956232882 1866400 33
1786956233013 2050720 31
1786956234834 2061096 37
