1785802296802 399232 118
1785802296967 823168 116
1785802297127 1279872 116
1785802297287 1855360 118
1785802297451 2103168 115
1785802297609 2592640 116
1785802297771 3039104 115
1785802297933 3479424 117
1785802298096 3886976 117
1785802298259 4200320 113
1785802298417 4427648 116
1785802298580 4937600 116
1785802298742 5377920 116
1785802298903 5801856 116
1785802299064 6219648 117
1785802299232 6297472 115
1785802299387 6741888 116
1785802299549 7188352 117
1785802299712 7626624 117
1785802299875 8054656 117
1785802300039 8394624 114
1785802300200 8595328 119
1785802300366 9168768 118
1785802300531 9604992 118
1785802300696 10047360 117
1785802300860 10473344 117
1785802301065 10717056 117
1785802301229 11267968 118
1785802301396 11708288 122
1785802301565 12167040 118
1785802301730 12588928 118
1785802301942 12887936 117
1785802302108 13422464 117
1785802302274 13860736 117
1785802302441 14313344 118
1785802302609 14686080 117
1785802302776 14837632 157
1785802302975 15732608 117
1785802303141 16183168 136
1785802303327 16674688 119
1785802303580 16979840 117
1785802303740 17700736 123
1785802303912 18220928 117
1785802304081 18659200 125
1785802304256 18880384 117
1785802304417 19349376 118
1785802304586 20041600 118
1785802304755 20467584 120
1785802304925 20924288 125
1785802305146 21225344 119
1785802305310 21952384 119
1785802305482 22433664 119
1785802305652 22884224 120
1785802305889 23123840 119
1785802306053 23867264 119
1785802306225 24430464 120
1785802306398 24905600 120
1785802306563 25171840 118
1785802306734 25552768 121
1785802306900 26279808 126
1785802307080 26771328 121
1785802307246 27185024 119
1785802307509 27651968 119
1785802307675 28385152 120
1785802307848 28864384 120
1785802308015 29300608 121
1785802308282 29667200 132
1785802308461 30439296 119
1785802308635 30896000 121
1785802308804 31362944 118
1785802309069 31774592 121
1785802309238 32518016 120
1785802309413 32982912 130
1785802309590 33453952 132
1785802309868 33920896 122
1785802310038 34652032 121
1785802310233 35170176 121
1785802310400 35604352 120
1785802310672 36089728 122
1785802310842 36792192 121
1785802311022 37277568 132
1785802311202 37734272 122
1785802311475 38248320 132
1785802311655 38942592 133
1785802311845 39444352 123
1785802312016 39849856 132
1785802312252 40263552 123
1785802312425 40972160 122
1785802312605 41453440 125
1785802312779 41904000 122
1785802313059 42448768 124
1785802313232 43243392 135
1785802313426 44044160 121
1785802313656 44500864 125
1785802313832 45311872 123
1785802314016 46141312 136
1785802314203 46921600 120
1785802314385 47775616 124
1785802314560 48598912 128
1785802314751 49489792 122
1785802314924 50304896 122
1785802315110 51177344 123
1785802315287 52000640 122
1785802315470 52860800 124
1785802315647 53686144 123
1785802315834 54434820 124
1785802318096 55005496 144
1785802323016 55321916 154
1785802330524 55624120 148
1785802390597 55624124 150
