# timestamp_ms rss_kb
1785433467840 250732
1785433468260 257492
1785433468619 262664
1785433468897 273116
1785433469166 278712
1785433469385 284664
1785433469501 296604
1785433469571 362816
1785433469647 437536
1785433469723 479120
1785433469797 496444
1785433469876 523216
1785433469952 535700
1785433470033 568312
1785433470110 587736
1785433470245 607088
1785433470324 624968
1785433470468 640476
1785433470605 660256
1785433470745 680000
1785433470889 698348
1785433471033 713324
1785433471182 737440
1785433471393 754876
1785433471480 770168
1785433471569 787516
1785433471666 831984
1785433471766 886304
1785433471861 908684
1785433471960 954624
1785433472057 976384
1785433472154 1006508
1785433472325 1027752
1785433472421 1051520
1785433472600 1095084
1785433472779 1123560
1785433474875 1162416
1785433475001 1190112
1785433475137 1214688
1785433475264 1249504
1785433475398 1284320
1785433475583 1323232
1785433477230 1523068
1785433477412 1561980
1785433477540 1596796
1785433477722 1635708
1785433477844 1670524
1785433478023 1711184
1785433478210 1752144
1785433478395 1801296
1785433478579 1846352
1785433478645 1875840 (true peak, below trigger threshold; snapshot is in peaks/peak.smaps)
