# timestamp_ms rss_kb
1786340323386 228008
1786340325548 236952
1786340325670 243776
1786340406491 259976
1786340406830 303012
1786340407225 339708
1786340407356 349948
1786340407626 380872
1786340407761 394916
1786340408011 428664
1786340408320 450648
1786340408455 479984
1786340408590 490224
1786340408728 510704
1786340408864 531184
1786340409001 552144
1786340409139 568432
1786340409495 580348
1786340409606 602852
1786340409744 622692
1786340409883 652840
1786340410022 674536
1786340410160 719944
1786340410301 889928
1786340410441 927388
1786340410624 996780
1786340412530 1056676
1786340413003 1090720
1786340413418 1118924
1786340413559 1148984
1786340414051 1200580
1786340414367 1272416
1786340414947 1324620
1786340415518 1352032
1786340415877 1406240
1786340416287 1443316
1786340416760 1478384
1786340416998 1534752
1786340417686 1574080
1786340418046 1637064
1786340418368 1675348
1786340418972 1712764
1786340419434 1790816
1786340420095 1834036
1786340420395 1891392
1786340420988 1938100
1786340421230 1979084
1786340421590 2033712
1786340421793 2155928
1786340421941 2291012
1786340422222 2395136
1786340422372 2548184
1786340422521 2736600
1786340423075 2837528
1786340423226 2911260
1786340423515 3054084
1786340423801 3170416
1786340423953 3258916
1786340424243 3390528
1786340424399 3465196
1786340424691 3611728
1786340424848 3685460
1786340460415 3765904
1786340470523 3841336
1786340472824 3925352
1786340664639 4000028 (true peak, below trigger threshold; snapshot is in peaks/peak.smaps)
