1786340323386 71
1786340325442 69
1786340325548 71
1786340325670 68
1786340326078 46
1786340326555 69
1786340326665 47
1786340327088 69
1786340328088 68
1786340328626 71
1786340329645 69
1786340331644 68
1786340335087 68
1786340382564 72
1786340406376 72
1786340406491 73
1786340406740 48
1786340406830 73
1786340407107 77
1786340407225 75
1786340407356 72
1786340407534 48
1786340407626 75
1786340407761 76
1786340407894 75
1786340408011 78
1786340408201 76
1786340408320 79
1786340408455 75
1786340408590 78
1786340408728 76
1786340408864 78
1786340409001 79
1786340409139 78
1786340409278 54
1786340409375 78
1786340409495 52
1786340409606 80
1786340409744 79
1786340409883 77
1786340410022 79
1786340410160 80
1786340410301 80
1786340410441 77
1786340410624 78
1786340412406 79
1786340412530 78
1786340412883 77
1786340413003 77
1786340413139 51
1786340413232 49
1786340413323 51
1786340413418 82
1786340413559 78
1786340413805 52
1786340413928 78
1786340414051 79
1786340414245 77
1786340414367 75
1786340414823 82
1786340414947 79
1786340415085 49
1786340415261 77
1786340415518 50
1786340415629 81
1786340415782 51
1786340415877 83
1786340416018 78
1786340416193 50
1786340416287 78
1786340416426 79
1786340416634 53
1786340416760 52
1786340416872 82
1786340416998 78
1786340417222 53
1786340417319 79
1786340417497 51
1786340417591 53
1786340417686 79
1786340417825 53
1786340417921 82
1786340418046 82
1786340418274 51
1786340418368 81
1786340418571 52
1786340418667 53
1786340418764 81
1786340418972 52
1786340419088 84
1786340419215 50
1786340419340 51
1786340419434 83
1786340419580 84
1786340419739 53
1786340419838 53
1786340419996 54
1786340420095 53
1786340420209 85
1786340420395 82
1786340420541 52
1786340420667 82
1786340420793 53
1786340420891 52
1786340420988 83
1786340421134 52
1786340421230 85
1786340421493 52
1786340421590 81
1786340421793 85
1786340421941 83
1786340422089 87
1786340422222 85
1786340422372 85
1786340422521 86
1786340422940 89
1786340423075 87
1786340423226 90
1786340423382 86
1786340423515 88
1786340423667 88
1786340423801 87
1786340423953 88
1786340424105 91
1786340424243 90
1786340424399 89
1786340424552 92
1786340424691 91
1786340424848 90
1786340425005 94
1786340425146 54
1786340425546 53
1786340425764 53
1786340425861 91
1786340425998 53
1786340426185 54
1786340426286 57
1786340426394 56
1786340426532 57
1786340426643 98
1786340426793 59
1786340426903 60
1786340427015 56
1786340427122 60
1786340427235 58
1786340427347 57
1786340427486 98
1786340427638 57
1786340427749 59
1786340427862 56
1786340427972 58
1786340428115 58
1786340428229 57
1786340428340 94
1786340428488 55
1786340428596 56
1786340428740 57
1786340428852 58
1786340428963 56
1786340429075 56
1786340429185 97
1786340429368 57
1786340429481 57
1786340429592 56
1786340429737 58
1786340429851 59
1786340429963 57
1786340430135 97
1786340430321 58
1786340430593 57
1786340430707 57
1786340430818 56
1786340430962 101
1786340431181 57
1786340431325 58
1786340431470 57
1786340431583 57
1786340431694 56
1786340431806 57
1786340431917 98
1786340432069 56
1786340432180 56
1786340432291 58
1786340432434 58
1786340432677 57
1786340432788 102
1786340432947 57
1786340433058 56
1786340433202 57
1786340433316 57
1786340433426 57
1786340433570 57
1786340433713 97
1786340433866 59
1786340433979 57
1786340434122 57
1786340434268 57
1786340434380 59
1786340434493 56
1786340434639 97
1786340434819 57
1786340434933 55
1786340435043 56
1786340435186 57
1786340435298 58
1786340435411 56
1786340435523 96
1786340435673 57
1786340435819 56
1786340435931 58
1786340436074 58
1786340436188 56
1786340436298 57
1786340436411 98
1786340436564 57
1786340436707 59
1786340436822 56
1786340436933 58
1786340437044 54
1786340437153 56
1786340437264 96
1786340437479 59
1786340437592 57
1786340437704 58
1786340437846 57
1786340437960 57
1786340438071 56
1786340438214 97
1786340438399 55
1786340438544 57
1786340438659 57
1786340438770 57
1786340438882 56
1786340438993 56
1786340439104 99
1786340439323 58
1786340439467 58
1786340439643 57
1786340439756 57
1786340439869 56
1786340439981 95
1786340440163 55
1786340440275 59
1786340440454 61
1786340440600 57
1786340440872 99
1786340441060 60
1786340441206 56
1786340441318 58
1786340441431 57
1786340441574 56
1786340441717 97
1786340441872 57
1786340441984 58
1786340442097 56
1786340442209 58
1786340442321 56
1786340442434 55
1786340442641 96
1786340442791 56
1786340442968 58
1786340443144 58
1786340443287 56
1786340443463 56
1786340443607 97
1786340443791 55
1786340443932 57
1786340444079 58
1786340444192 55
1786340444303 58
1786340444444 94
1786340444656 59
1786340444899 58
1786340445043 57
1786340445157 57
1786340445268 99
1786340445423 56
1786340445535 55
1786340445643 58
1786340445789 57
1786340445901 59
1786340446015 59
1786340446194 96
1786340446411 58
1786340446651 58
1786340446766 56
1786340446877 56
1786340447021 56
1786340447196 98
1786340447412 56
1786340447525 57
1786340447671 58
1786340447820 58
1786340447997 97
1786340448151 55
1786340448260 55
1786340448403 58
1786340448582 57
1786340448824 97
1786340448976 57
1786340449088 56
1786340449200 56
1786340449545 56
1786340449686 97
1786340449838 56
1786340449948 56
1786340450089 56
1786340450200 57
1786340450312 58
1786340450455 58
1786340450566 96
1786340450749 56
1786340450923 57
1786340451035 57
1786340451178 56
1786340451289 56
1786340451462 99
1786340451615 59
1786340451759 56
1786340451902 58
1786340452014 56
1786340452123 57
1786340452390 94
1786340452601 56
1786340452804 56
1786340452915 58
1786340453152 57
1786340453264 98
1786340453448 62
1786340453565 59
1786340453678 60
1786340453855 59
1786340454126 101
1786340454281 61
1786340454553 60
1786340454700 59
1786340455209 99
1786340457690 98
1786340458258 59
1786340458609 101
1786340459207 58
1786340459319 59
1786340459939 98
1786340460091 58
1786340460415 58
1786340461359 99
1786340461514 60
1786340461899 59
1786340463626 98
1786340463899 58
1786340464014 58
1786340464222 59
1786340464464 99
1786340464617 58
1786340464731 56
1786340464871 58
1786340464986 58
1786340467151 99
1786340467305 58
1786340470523 99
1786340470867 61
1786340471380 98
1786340471699 60
1786340472237 99
1786340472591 58
1786340472706 58
1786340472824 98
1786340473175 58
1786340473325 58
1786340473441 99
1786340475074 100
1786340507968 104
1786340526469 103
1786340542204 105
1786340576631 102
1786340610470 103
1786340664639 100
