1786340323386 228008 21
1786340325442 228812 20
1786340325548 236952 20
1786340325670 243776 21
1786340326555 243872 22
1786340327088 243900 20
1786340328088 243920 20
1786340328626 243924 20
1786340329645 243932 20
1786340331644 243936 20
1786340335087 243952 19
1786340382564 243956 21
1786340406376 243976 22
1786340406491 259976 22
1786340406830 303012 21
1786340407107 306932 26
1786340407225 339708 24
1786340407356 349948 22
1786340407626 380872 24
1786340407761 394916 25
1786340407894 402724 24
1786340408011 428664 24
1786340408201 434532 24
1786340408320 450648 24
1786340408455 479984 24
1786340408590 490224 24
1786340408728 510704 23
1786340408864 531184 25
1786340409001 552144 27
1786340409139 568432 26
1786340409375 579668 25
1786340409606 602852 27
1786340409744 622692 25
1786340409883 652840 24
1786340410022 674536 26
1786340410160 719944 27
1786340410301 889928 25
1786340410441 927388 25
1786340410624 996780 26
1786340412406 1009648 28
1786340412530 1056676 24
1786340412883 1069452 25
1786340413003 1090720 24
1786340413418 1118924 28
1786340413559 1148984 26
1786340413928 1167996 26
1786340414051 1200580 27
1786340414245 1217556 25
1786340414367 1272416 25
1786340414823 1293900 29
1786340414947 1324620 25
1786340415261 1344740 25
1786340415629 1365728 29
1786340415877 1406240 28
1786340416018 1426264 25
1786340416287 1443316 27
1786340416426 1464792 28
1786340416872 1501468 29
1786340416998 1534752 27
1786340417319 1557092 27
1786340417686 1574080 27
1786340417921 1604716 28
1786340418046 1637064 28
1786340418368 1675348 29
1786340418764 1701148 28
1786340419088 1731256 30
1786340419434 1790816 32
1786340419580 1820860 29
1786340420209 1861492 31
1786340420395 1891392 29
1786340420667 1910448 29
1786340420988 1938100 30
1786340421230 1979084 30
1786340421590 2033712 29
1786340421793 2155928 32
1786340421941 2291012 30
1786340422089 2329696 31
1786340422222 2395136 30
1786340422372 2548184 32
1786340422521 2736600 32
1786340422940 2770600 34
1786340423075 2837528 32
1786340423226 2911260 33
1786340423382 2957344 33
1786340423515 3054084 32
1786340423667 3104448 34
1786340423801 3170416 34
1786340423953 3258916 34
1786340424105 3307576 35
1786340424243 3390528 34
1786340424399 3465196 35
1786340424552 3525084 35
1786340424691 3611728 36
1786340424848 3685460 35
1786340425005 3744416 37
1786340425861 3750996 36
1786340426643 3753300 38
1786340427486 3753856 39
1786340428340 3753952 37
1786340429185 3754112 39
1786340430135 3754172 39
1786340430962 3754232 41
1786340431917 3754328 38
1786340432788 3754372 41
1786340433713 3754460 38
1786340434639 3754584 38
1786340435523 3754620 39
1786340436411 3754672 39
1786340437264 3754728 39
1786340438214 3754776 39
1786340439104 3754824 41
1786340439981 3754868 39
1786340440872 3754924 39
1786340441717 3754968 39
1786340442641 3755004 40
1786340443607 3755080 40
1786340444444 3755120 38
1786340445268 3755160 39
1786340446194 3755192 40
1786340447196 3755232 37
1786340447997 3755252 39
1786340448824 3755280 40
1786340449686 3755356 39
1786340450566 3755396 39
1786340451462 3755432 38
1786340452390 3755456 38
1786340453264 3755484 38
1786340454126 3755516 40
1786340455209 3755540 40
1786340457690 3755548 36
1786340458609 3756056 39
1786340459939 3756684 40
1786340461359 3766092 39
1786340463626 3766356 38
1786340464464 3803280 39
1786340467151 3826336 41
1786340470523 3841336 41
1786340471380 3866164 38
1786340472237 3876180 40
1786340472824 3925352 40
1786340473441 3968368 40
1786340475074 3973940 41
1786340507968 3982608 43
1786340526469 3984604 43
1786340542204 3987688 44
1786340576631 3990792 44
1786340610470 3993880 44
1786340664639 4000028 41
