# timestamp_ms rss_kb
1790718601640 13468728
1790718602445 14840888
1790718603303 16917560
1790718604202 19018808
1790718605076 21126200
1790718605933 23221304
1790718606799 25318456
1790718607636 27423800
1790718608414 29516856
1790718609200 31616056
1790718609993 33729592
1790718610798 35812408
1790718611586 37932088
1790718612395 40033336
1790718613231 42105912
1790718614024 44211256
1790718614824 46306360
1790718615638 48432184
1790718616443 50504760
1790718617254 52616248
1790718618053 54701112
1790718623189 55885492
1790718643398 57033108
1790718687475 58081148 (true peak, below trigger threshold; snapshot is in peaks/peak.smaps)
