# timestamp_ms rss_kb
1790760948471 19284
1790760948561 23620
1790760948630 26332
1790760948701 44980
1790760949763 46304
1790760950696 47924
1790760950771 58216
1790760950847 83788
1790760950922 87768
1790760951000 138472
1790760951188 162700
1790760951270 175352
1790760952286 183068
1790760952371 188872
1790760952457 195712
1790760953295 202716
1790760953456 219288
1790760953745 224188
1790760953840 235388
1790760953929 272304
1790760954020 325696
1790760954114 379084
1790760955385 389440
1790760955474 426324
1790760955562 461148
1790760955651 502148
1790760955742 537748
1790760957151 549972
1790760958279 568016
1790760958369 605488
1790760958461 630156
1790760958549 654848
1790760958817 670092
1790760958910 701312
1790760959001 715532
1790760959262 730060
1790760959539 748492
1790760976678 776328
1790760987075 791936
1790761014914 808768
1790761038785 830088
1790761041039 849800
1790761041552 867776
1790761041719 937436
1790761041826 998892
1790761041931 1029612
1790761042338 1062380
1790761045877 1093088
1790761046422 1127380
1790761158418 1160792
1790761158954 1188436
1790761717564 1219632
1790762275389 1233332 (true peak, below trigger threshold; snapshot is in peaks/peak.smaps)
