# timestamp_ms rss_kb
1790702675551 103412
1790702675579 109488
1790702675769 136136
1790702675797 177572
1790702675826 220244
1790702675855 263308
1790702675884 306372
1790702675914 349452
1790702675943 394564
1790702675972 436372
1790702676000 455876
1790702676178 523964
1790702676251 534672
1790702676281 563300
1790702676314 579160
1790702676464 810672
1790702676501 1322672
1790702676539 1851056
1790702676581 2434736
1790702676626 3065520
1790702676674 3720880
1790702676724 4423344
1790702676778 5174960
1790702676836 5957296
1790702676897 6801072
1790702676962 7704240
1790702677029 8615600
1790702677101 9606832
1790702677177 10657456
1790702677257 11749040
1790702677343 12930736
1790702677435 14214832
1790702677535 15578800
1790702677641 17051312
1790702677752 18577072
1790702677869 20203184
1790702677993 21556912
1790702678603 22605500
1790702678735 23654084
1790702682444 24361276
1790702682593 26331452
1790702682751 28408124
1790702682917 29286716
1790702683912 30087492
1790702684089 32561476
1790702684275 34529600
