1785493664086 54
1785493664196 29
1785493664265 54
1785493664387 32
1785493664460 29
1785493664532 29
1785493664602 56
1785493664712 51
1785493664805 30
1785493664876 57
1785493664993 53
1785493665104 57
1785493665270 31
1785493665361 66
1785493665534 36
1785493665736 64
1785493665876 58
1785493665983 39
1785493666180 64
1785493666376 60
1785493666627 59
1785493666883 33
1785493666993 59
1785493667147 65
1785493667315 60
1785493667517 69
1785493667646 46
1785493667803 76
1785493668029 40
1785493668210 82
1785493668485 72
1785493668683 68
1785493668897 79
1785493669110 35
1785493669273 73
1785493669483 55
1785493669720 62
1785493669868 64
1785493670096 35
1785493670230 62
1785493670413 69
1785493670643 45
1785493670834 72
1785493671039 64
1785493671202 47
1785493671325 38
1785493671422 83
1785493671617 67
1785493671783 42
1785493672034 66
1785493672169 35
1785493672266 63
1785493672445 35
1785493672530 36
1785493672614 64
1785493672727 38
1785493672814 37
1785493672900 37
1785493672984 37
1785493673068 38
1785493673154 39
1785493673241 66
1785493673357 38
1785493673444 68
1785493673584 62
1785493673714 68
1785493673855 64
1785493673993 63
1785493674221 35
1785493674303 66
1785493674445 71
1785493674588 68
1785493674733 41
1785493674826 69
1785493674974 40
1785493675067 72
1785493675226 39
1785493675360 39
1785493678147 71
1785493678395 87
1785493683808 74
1785493684087 78
1785493684254 78
