1785493664086 431540 23
1785493664265 435972 23
1785493664602 448644 22
1785493664712 454500 22
1785493664876 489664 25
1785493664993 577352 22
1785493665104 632764 24
1785493665361 642824 24
1785493665736 664224 26
1785493665876 672900 25
1785493666180 683000 26
1785493666376 694992 27
1785493666627 711468 25
1785493666993 726324 26
1785493667147 734572 26
1785493667315 743048 25
1785493667517 754236 27
1785493667803 770688 26
1785493668210 794196 26
1785493668485 806340 26
1785493668683 818256 27
1785493668897 833416 27
1785493669273 857212 27
1785493669720 866188 28
1785493669868 886548 24
1785493670230 896896 27
1785493670413 914364 27
1785493670834 935656 26
1785493671039 945096 27
1785493671422 955132 27
1785493671617 970472 28
1785493672034 984592 28
1785493672266 996968 27
1785493672614 1008568 28
1785493673241 1008956 29
1785493673444 1030400 29
1785493673584 1064432 25
1785493673714 1096904 29
1785493673855 1133448 27
1785493673993 1166816 27
1785493674303 1209748 29
1785493674445 1265044 29
1785493674588 1309032 29
1785493674826 1338784 29
1785493675067 1357216 30
1785493678147 1503640 33
1785493678395 1786848 33
1785493683808 2096568 35
1785493684087 2477500 33
1785493684254 2954336 32
