1785800132238 486712 132
1785800132419 949560 134
1785800132602 1406264 116
1785800132764 1887544 112
1785800132924 2102584 114
1785800133084 2571576 116
1785800133246 3007800 114
1785800133407 3421496 114
1785800133568 3827000 116
1785800133731 4199736 115
1785800133894 4330808 115
1785800134056 4828472 115
1785800134219 5252408 116
1785800134383 5672248 117
1785800134548 6073656 118
1785800134712 6296888 114
1785800134873 6661432 118
1785800135040 7114040 116
1785800135205 7537976 117
1785800135370 7961912 116
1785800135535 8375608 115
1785800135739 8609080 117
1785800135905 9102648 116
1785800136069 9524536 115
1785800136234 9930040 116
1785800136400 10368312 113
1785800136560 10491192 114
1785800136717 10937656 114
1785800136880 11363640 115
1785800137044 11785528 118
1785800137211 12215608 117
1785800137378 12588344 116
1785800137543 12789048 116
1785800137703 13393208 116
1785800137867 13806904 115
1785800138030 14218552 115
1785800138196 14638392 118
1785800138449 15103288 117
1785800138613 15631672 116
1785800138778 16045368 115
1785800138941 16448824 119
1785800139108 16782648 117
1785800139275 17034552 118
1785800139438 17743160 126
1785800139618 18191672 117
1785800139786 18619704 117
1785800139950 18879800 115
1785800140109 19096888 118
1785800140281 19850552 121
1785800140454 20299064 119
1785800140626 20725048 119
1785800140799 20976952 124
1785800140969 21404984 120
1785800141144 22084920 116
1785800141311 22510904 118
1785800141474 22930744 118
1785800141731 23338296 115
1785800141890 23952696 124
1785800142070 24403256 115
1785800142231 24812856 117
1785800142400 25171256 122
1785800142615 25576760 115
1785800142774 26201400 115
1785800142938 26615096 124
1785800143107 27032888 115
1785800143358 27315512 119
1785800143523 28048696 120
1785800143699 28552504 117
1785800143862 28968248 119
1785800144036 29365560 120
1785800144245 29707576 116
1785800144413 30393656 116
1785800144584 30807352 150
1785800144778 31296824 117
1785800145058 31698232 116
1785800145218 32406840 124
1785800145394 32877880 121
1785800145565 33316152 120
1785800145830 33652024 116
1785800145994 34374968 121
1785800146172 34899256 117
1785800146352 35349816 122
1785800146646 35751224 116
1785800146809 36470072 118
1785800146982 36973880 117
1785800147144 37383480 118
1785800147458 37813560 121
1785800147622 38546744 116
1785800147796 39058744 121
1785800147962 39490872 121
1785800148271 39916856 117
1785800148436 40656184 123
1785800148612 41114936 122
1785800148781 41526584 118
1785800148954 41948472 117
1785800149211 42444088 122
1785800149388 43236664 128
1785800149566 44041528 123
1785800149853 44604728 118
1785800150022 45374776 122
1785800150206 46142776 122
1785800150378 46908728 122
1785800150560 47756600 122
1785800150733 48555320 118
1785800150911 49384760 122
1785800151083 50179384 122
1785800151267 51035448 138
1785800151453 51897656 123
1785800151636 52747576 123
1785800151808 53542200 124
1785800151997 54400312 125
1785800154008 54989636 128
1785800155116 55547808 155
1785800160412 55947296 148
1785800168437 56233188 153
1785800198725 56233192 157
