# timestamp_ms rss_kb
1790355032603 24940
1790355032704 37408
1790355032782 53940
1790355032861 70404
1790355032940 136256
1790355033017 218344
1790355033099 286168
1790355033299 295708
1790355033380 303924
1790355033459 353480
1790355033612 370484
1790355033818 380532
1790355034109 389492
1790355034167 417052
1790355034257 756504
1790355034354 1022660
1790355034453 1384332
1790355034559 1659836
1790355034664 2539508
1790355034768 2783284
1790355034876 3541276
1790355034983 3726920
1790355035104 4233704
1790355035212 4470644
1790355035333 4714488
1790355035474 5115368
1790355035633 5529740
1790355035806 5792920
1790355036018 6145964
1790355036270 6542228
1790355036576 7103572
1790355036930 7725580
1790355037353 8487436
1790355037764 9063628
1790355038199 9502320
1790355038736 9940100
1790355039297 10414860
1790355039918 11059576
1790355040490 11617264
1790355041203 12531696
1790355042027 13624660
1790355042786 14382652
1790355043747 15233480
1790355044587 15663016
1790355045440 16331076
1790355046533 17450596
1790355047535 18184088
1790355048786 19224244
1790355049884 20220336
1790355051064 21407492
1790355052291 22447764
1790355053822 23273316
1790355061467 23766872
1790355063991 24306288
1790355066791 24838316
1790355069617 25378756
1790355071353 29239164
1790355076840 29838924
1790355206070 30496564
1790355415121 31138212
1790355429352 31932520
1790355431844 32586860
1790355434877 33348360
1790355437939 34261872
1790355441224 35038136
1790355445054 35751780
1790355451907 36581496
1790355455307 37491640
1790355458718 38474884
1790355461836 39440692
1790355465247 40401804
1790355468381 41448824
1790355472068 42413296
1790355475246 43430900
1790355478422 44388348
1790355486193 45586896
1790355494927 46962796
1790355499033 48267916
1790355503078 49372420
1790355506823 50383864
1790355510029 51463332
1790355516043 52510368
1790355533078 53612076
1790355537437 54702240
1790355553659 55955588
1790355573056 57199804
1790355578322 58428316
1790355584209 59700428
1790355606363 60926544
1790355615799 62162784
1790355624281 63556980
1790355633444 64930560
1790355645382 66291932
1790355652298 67665612
1790355661560 69180640
1790355673850 70654784
1790355683596 72126832
1790355693499 73623696
1790355704743 75239736
1790355756042 76824548
1790355781538 78399108
1790355796673 80041672
1790355805411 81763276
1790355812341 83471848
1790355820435 85270540
1790355831005 87025692
1790355923478 88783480
1790356020052 90673940
1790356028103 92635096
1790356049102 94499916
1790356129937 96449240
1790356140980 98416508
1790356218613 100411396
1790356225397 102473824
1790356238336 104672588
1790356247893 106869324
1790356256251 109095028
1790356265844 111344840
1790356278059 113593604
1790356334887 117890164
1790356343667 120618504
1790356346552 123640596
1790356385983 129369492
1790356393787 132047088
1790356402881 134787040
1790356478220 137536808
1790356491923 140494884
1790356501286 143412516
1790356508395 146494816
1790356527085 150057036
1790356656498 160474708
1790356671602 163696652
1790356692305 168369196
1790357938004 172388364
1790358572629 175922680
1790358701707 179495936
1790358908321 183452900
1790358924485 187183996
1790359001483 190954664
1790359075564 194987384
1790359232990 199033948
1790359428159 203142536
1790359461651 207408956
1790361341840 211771588
1790361417962 216030536
1790361455212 220476756
1790361538809 224947260
1790362047364 229578868
1790370855179 240463908
1790371157682 245360356
1790371330721 248137676 (true peak, below trigger threshold; snapshot is in peaks/peak.smaps)
