1790743314964 23444 30
1790743315048 26176 19
1790743315116 26508 19
1790743315179 46940 20
1790743316173 46964 22
1790743316288 48292 19
1790743317098 48364 21
1790743317168 51300 21
1790743317242 62504 22
1790743317320 98868 21
1790743317416 110528 22
1790743317493 150720 21
1790743317632 169836 23
1790743317714 177360 22
1790743318191 177388 22
1790743318649 177676 24
1790743318726 185392 24
1790743318810 192020 25
1790743318897 201292 22
1790743319469 201452 23
1790743319645 203688 24
1790743319722 208600 23
1790743319807 222176 25
1790743320107 225804 24
1790743320949 227444 24
1790743321080 231752 25
1790743321172 266836 26
1790743321261 281256 22
1790743321523 284100 24
1790743321654 288264 26
1790743322150 293872 25
1790743322492 299024 25
1790743323229 301412 24
1790743323409 312400 25
1790743323502 320592 25
1790743323593 364344 26
1790743323688 392116 26
1790743323777 401544 25
1790743323981 415920 26
1790743324071 449592 26
1790743324164 460548 27
1790743324256 466332 24
1790743324335 471576 27
1790743324573 481308 26
1790743324844 494104 24
1790743326362 494756 26
1790743329621 498208 25
1790743332819 500256 30
1790743335862 500896 28
1790743339049 506400 26
1790743340885 510576 30
1790743340975 528792 30
1790743341074 540332 30
1790743342278 540988 26
1790743342940 541844 28
1790743343087 581140 27
1790743343185 597340 27
1790743343755 597348 28
1790743344368 598392 27
1790743345229 598488 26
1790743345907 599472 28
1790743346635 599708 28
1790743347488 600152 27
1790743348282 600164 28
1790743348948 602596 28
1790743349795 604260 27
1790743350690 605092 26
1790743351219 610852 30
1790743352260 611032 28
1790743352826 611040 28
1790743353465 611096 27
1790743354319 611400 28
1790743355077 612404 28
1790743355837 612496 27
1790743356450 612524 27
1790743357143 612532 29
1790743357992 612616 27
1790743359253 612624 28
1790743360070 613120 28
1790743360638 614348 26
1790743361542 615216 27
1790743362130 616736 28
1790743362697 617284 28
1790743363299 617716 28
1790743364047 618944 28
1790743364617 619552 28
1790743365269 619984 28
1790743365940 620156 28
1790743366512 620736 30
1790743367136 622504 31
1790743368108 622608 27
1790743368840 622664 31
1790743369521 622844 29
1790743370346 622856 28
1790743375755 623484 29
1790743377746 625420 29
1790743378633 625432 27
1790743379188 626768 28
1790743379798 627628 28
1790743398981 628272 28
1790743400276 628276 26
1790743402804 628944 30
1790743402957 640892 28
1790743403531 643576 31
1790743405397 659516 28
1790743405624 668332 28
1790743405936 707260 30
1790743406040 731840 28
1790743406299 744140 32
1790743406389 772832 31
1790743406490 791280 26
1790743406732 844580 32
1790743407009 858924 31
1790743407854 866640 29
1790743408178 875480 28
1790743408744 879336 27
1790743409303 884312 28
1790743410119 934348 31
1790743410784 944256 31
1790743519332 951180 30
1790743519473 967564 30
1790743520112 967588 29
1790743520907 971864 29
1790743522191 977004 34
1790743522761 987252 30
1790743522868 1002216 32
1790743522961 1014900 29
1790743747891 1021676 34
1790743860574 1022704 32
1790743972866 1028948 31
1790744084157 1033464 28
1790744195821 1039000 29
1790744306053 1047032 28
1790744417027 1047176 29
