1785394822404 57
1785394822516 33
1785394822589 55
1785394822686 35
1785394822775 31
1785394822849 32
1785394822923 55
1785394823020 32
1785394823096 30
1785394823168 30
1785394823251 55
1785394823348 34
1785394823423 31
1785394823523 55
1785394823631 55
1785394823742 32
1785394823818 30
1785394823891 56
1785394823991 55
1785394824102 32
1785394824180 53
1785394824276 62
1785394824401 63
1785394824530 64
1785394824661 61
1785394824791 61
1785394824920 61
1785394825048 66
1785394825182 65
1785394825312 65
1785394825446 74
1785394825587 73
1785394825729 66
1785394825866 67
1785394826001 70
1785394826120 40
1785394826210 65
1785394826347 72
1785394826497 71
1785394826647 75
1785394826804 74
1785394826961 76
1785394827121 78
1785394827280 75
1785394827437 77
1785394827804 68
1785394827942 36
1785394828028 66
1785394828166 37
1785394828254 64
1785394828369 39
1785394828458 37
1785394828565 71
1785394831827 79
1785394831976 70
1785394832114 64
1785394832244 71
1785394832385 67
1785394832981 67
1785394833118 69
1785394833237 65
