1787189530176 33388 20
1787189530254 41460 14
1787189530318 61568 14
1787189530383 115948 16
1787189530700 122508 16
1787189530898 159904 14
1787189541189 160124 19
1787189541610 161352 17
1787189541988 161988 16
1787189542320 163440 17
1787189542517 165108 17
1787189542894 165176 17
1787189543266 166624 18
1787189543419 168296 17
1787189543768 169648 18
1787189544164 169792 18
1787189544463 171492 17
1787189544836 172960 16
1787189545190 174644 17
1787189545540 176080 18
1787189545910 176144 17
1787189546264 177856 18
1787189546658 179316 17
1787189547009 181012 18
1787189547492 182484 17
1787189547851 184168 18
1787189548248 185660 19
1787189548671 187344 20
1787189549103 188840 19
1787189549560 190528 20
1787189549991 192016 19
1787189550411 193696 20
1787189550844 195180 21
1787189551313 196872 21
1787189551840 198352 20
1787189552264 200060 20
1787189552682 201536 19
1787189553088 203240 20
1787189553503 204720 22
1787189553989 204736 19
1787189554413 206420 22
1787189554861 207784 22
1787189555341 207916 20
1787189555775 209596 21
1787189556219 209648 21
1787189556672 211084 21
1787189557097 212756 22
1787189557585 212812 20
1787189558129 214256 22
1787189558594 215932 20
1787189559072 215984 22
1787189559552 217440 21
1787189560004 217476 21
1787189560488 219160 21
1787189561046 220620 23
1787189561554 222292 23
1787189562027 222348 20
1787189562579 223804 23
1787189562950 228700 24
1787189563080 232400 25
1787189628655 234204 42
1787189628767 337248 34
1787189628872 359204 26
1787189628973 429464 32
1787189629445 444752 29
1787189629740 502020 35
1787189629939 511848 39
1787189630041 518860 33
1787189630162 527652 33
1787189630679 533148 39
1787189631285 539392 41
1787189631403 554448 46
1787189631549 588680 40
1787189632276 594780 34
1787189632389 612804 39
1787189632521 622780 46
1787189632649 713576 45
1787189632804 748052 37
1787189633447 756668 49
1787189633656 764932 35
1787189675674 770116 38
1787189675875 791876 34
1787189677983 793952 38
1787189678291 808768 38
1787189678433 821604 46
1787189678686 839348 35
1787189678886 900080 42
1787189679025 958284 47
1787189679193 1023044 38
1787189680255 1026800 41
1787189680382 1040992 47
1787189680519 1052192 45
1787189685980 1059612 43
1787189686105 1070644 44
1787189686991 1080828 41
1787189687331 1204488 80
1787189687528 1281612 46
1787189687699 1314752 57
1787189687980 1328108 53
1787189688445 1345696 53
1787189695010 1346184 47
1787189695718 1361208 52
1787189695864 1390620 46
1787189696053 1456448 41
1787189696233 1471252 66
1787189697580 1481664 49
1787189735993 1482940 52
1787189737396 1488756 48
1787189738861 1518820 54
1787189739049 1562912 50
1787189782391 1576968 46
1787189782783 1615876 48
1787189782968 1659320 54
1787189787918 1671828 57
1787189788381 1712816 75
1787189788596 1753480 49
1787189793157 1771108 57
1787189793345 1803404 49
1787189831040 1816440 48
1787189832020 1816828 52
1787189832413 1851752 55
1787189877814 1866252 62
1787189878118 1894572 49
1787189883293 1902200 68
1787189883598 1921280 53
1787189888962 1935744 61
1787189889424 1962708 58
1787189928512 1970424 48
1787189929325 1993008 49
1787189972782 2009076 63
1787189973591 2030788 64
1787189978984 2039184 61
1787189979664 2061112 58
1787189984793 2064696 76
1787190022600 2079088 62
1787190023592 2112868 53
1787190066780 2113796 60
1787190072868 2123084 68
1787190077322 2134620 60
1787190114396 2148168 59
1787190158722 2152332 61
1787190163502 2158296 59
1787190168420 2171408 67
1787190207595 2180732 57
1787190208747 2192528 48
1787190250834 2193712 61
1787190256831 2197736 71
1787190261019 2206480 65
1787190298816 2208960 60
1787190344659 2221788 84
1787190350474 2227112 66
1787190356275 2230368 65
1787190397309 2233924 57
1787190441296 2237664 63
1787190446218 2240360 60
1787190451257 2245096 58
1787190490002 2251488 49
1787190491187 2254744 57
1787190534996 2258304 74
1787190540768 2259880 68
1787190545044 2260904 76
1787190583098 2263336 62
1787190584383 2269716 49
1787190629137 2272180 62
1787190635042 2275648 71
1787190640624 2281984 71
1787190679067 2283572 50
1787190723454 2289644 65
1787190729387 2291092 73
1787190733786 2295060 84
1787190736000 2324392 63
