# timestamp_ms rss_kb
1790720634144 253632
1790720634351 260920
1790720634680 268280
1790720635156 275464
1790720635710 296760
1790720639107 307848
1790720639454 314568
1790720639681 320884
1790720640169 331620
1790720640738 352920
1790720641784 369908
1790720641896 385228
1790720641985 414204
1790720642119 423300
1790720642228 432752
1790720642294 460464
1790720642674 490232
1790720642888 508664
1790720643767 537268
1790720643860 565724
1790720643902 589380
1790720643994 616768
1790720644086 632500
1790720644136 681260
1790720644228 701740
1790720645551 715904
1790720645786 735516
1790720646423 754540
1790720646515 809624
1790720646628 828060
1790720646842 857288
1790720647098 915500
1790720647637 944608
1790720648099 1002828
1790720655847 1094992
1790720709989 1122208
1790720736155 1213568
1790720738071 1235264 (true peak, below trigger threshold; snapshot is in peaks/peak.smaps)
