1790720634146 59
1790720634356 56
1790720634679 55
1790720635157 56
1790720635718 56
1790720636706 56
1790720637025 60
1790720638014 54
1790720639233 56
1790720639324 32
1790720639393 33
1790720639463 54
1790720639555 31
1790720639623 32
1790720639692 56
1790720639785 32
1790720639855 56
1790720639961 32
1790720640029 33
1790720640098 31
1790720640168 59
1790720640265 32
1790720640335 32
1790720640416 35
1790720640488 34
1790720640559 31
1790720640628 60
1790720640725 55
1790720640817 30
1790720640885 31
1790720640952 31
1790720641033 56
1790720641127 33
1790720642661 59
1790720643883 63
1790720644000 59
1790720646519 63
1790720646620 63
1790720646721 61
1790720646821 66
1790720647299 64
1790720647637 63
1790720647740 35
1790720710905 67
1790720711013 38
1790720711090 40
1790720711223 37
1790720713898 58
1790720714328 38
1790720736142 62
1790720736247 36
1790720736351 35
1790720736428 36
1790720736505 38
1790720736635 37
1790720736711 58
1790720736808 34
1790720736882 36
1790720736957 36
1790720737033 34
1790720737107 36
1790720737182 37
1790720737258 61
1790720737359 36
1790720737434 39
1790720737513 33
1790720737586 35
1790720737662 39
1790720737739 63
1790720737843 36
1790720737919 36
1790720737995 35
1790720738069 32
