1790712940334 56
1790712942180 59
1790712945704 68
1790712949220 68
1790712965163 84
1790712965360 82
1790712965711 85
1790712965920 89
1790712966155 51
1790712966337 81
1790712966504 81
1790712966640 50
1790712966777 44
1790712967932 115
1790712968104 88
1790712968245 48
1790712968348 47
1790712968448 47
1790712968550 47
1790712968652 47
1790712968755 49
1790712968944 87
1790712969132 49
1790712969279 47
1790712969379 47
1790712969569 47
1790712969670 48
1790712969817 86
1790712969959 46
1790712970709 86
1790712971452 46
1790712971598 90
1790712971746 45
1790712971888 48
1790712971993 46
1790712972178 46
1790712972280 48
1790712972431 47
1790712972530 87
1790712972672 45
1790712972774 47
1790712973049 49
1790712973155 47
1790712973297 47
1790712973401 86
1790712973627 47
1790712973728 48
1790712973834 47
1790712973937 48
1790712974081 45
1790712974183 48
1790712974286 86
1790712974428 47
1790712974528 49
1790712974635 47
1790712974740 48
1790712974843 45
1790712974943 46
1790712975044 47
1790712975148 86
1790712975415 46
1790712975559 48
1790712975663 47
1790712975890 47
1790712975995 85
1790712976222 47
1790712976498 48
1790712976598 47
1790712976790 48
1790712976892 85
1790712977035 47
1790712977140 48
1790712977241 46
1790712977341 46
