# timestamp_ms rss_kb
1785401498627 12312
1785401499542 57968
1785401499612 87792
1785401499687 189040
1785401499957 195176
1785401500153 207808
1785401500237 265832
1785401500317 324552
1785401500408 383272
1785401500500 441996
1785401500607 501472
1785401500724 566136
1785401500835 638044
1785401500965 678956
1785401501101 721520
1785401501259 780952
1785401501414 811744
1785401501807 849736
1785401506393 903772
1785401506558 944884
1785401506726 982140
1785401506920 1022500
1785401507124 1070732
1785401507336 1134868
1785401508467 1162544
1785401508903 1198416
1785401523382 1200560 (true peak, below trigger threshold; snapshot is in peaks/peak.smaps)
