1785826218394 211388 22
1785826220078 211816 19
1785826220218 225216 23
1785826220934 226064 22
1785826221929 226152 20
1785826223178 226176 21
1785826224182 226192 20
1785826225167 226196 22
1785826276158 226208 20
1785826276244 229168 20
1785826276394 252040 21
1785826276497 256092 22
1785826276857 268496 24
1785826276965 305952 22
1785826277069 331680 23
1785826277178 360532 25
1785826277288 375380 26
1785826277400 397200 27
1785826277514 443452 25
1785826277628 480492 22
1785826277737 506964 25
1785826277850 526380 28
1785826277963 548992 26
1785826278077 568304 27
1785826278192 591308 23
1785826278305 625512 25
1785826278421 636072 26
1785826278519 646312 27
1785826278636 673968 25
1785826278756 688576 27
1785826278875 710092 26
1785826278995 731800 29
1785826279111 747176 28
1785826279228 767724 28
1785826279347 790504 28
1785826279464 839832 28
1785826279584 1022104 26
1785826279875 1079572 25
1785826282130 1086232 26
1785826282496 1115460 30
1785826282719 1131384 28
1785826282908 1151872 26
1785826283035 1179416 25
1785826283364 1241256 28
1785826283916 1270372 27
1785826284307 1286732 28
1785826284411 1353288 26
1785826284718 1371332 31
1785826284824 1386324 27
1785826285294 1455464 29
1785826285565 1470768 30
1785826285748 1486236 30
1785826286130 1511996 29
1785826286236 1546372 30
1785826286507 1572328 30
1785826286613 1596352 29
1785826286909 1624896 30
1785826287104 1646788 29
1785826287227 1699012 31
1785826287529 1717108 32
1785826287996 1758672 31
1785826288125 1794220 32
1785826288358 1816064 31
1785826288469 1851664 30
1785826289106 1910620 32
1785826289345 1948808 32
1785826289719 1981564 31
1785826289828 2013244 31
1785826290184 2044416 32
1785826290632 2073212 30
1785826290840 2102128 30
1785826290950 2144240 30
1785826291367 2172916 32
1785826291480 2210800 30
1785826291608 2319436 32
1785826291742 2450512 32
1785826291904 2513692 34
1785826292037 2554636 36
1785826292151 2652308 32
1785826292283 2861204 32
1785826292768 2917160 34
1785826292882 2973508 34
1785826293017 3007280 38
1785826293138 3133244 33
1785826293273 3192644 35
1785826293389 3231556 36
1785826293524 3323620 37
1785826293746 3448668 35
1785826293886 3495804 38
1785826294003 3544780 36
1785826294140 3617968 37
1785826294280 3674844 37
1785826294404 3764628 37
1785826294545 3839872 38
1785826294768 3891936 36
1785826295532 3894428 35
1785826296257 3903604 40
1785826297155 3904440 41
1785826298063 3904880 42
1785826298915 3905148 39
1785826299704 3905292 40
1785826300611 3905544 40
1785826301499 3905648 37
1785826302309 3905896 44
1785826303262 3906024 41
1785826304190 3906168 39
1785826304985 3906316 41
1785826305934 3906588 41
1785826306818 3906716 39
1785826307622 3906800 40
1785826308447 3906924 38
1785826309223 3906956 38
1785826310105 3907016 43
1785826311071 3907096 43
1785826311946 3907180 43
1785826312889 3907224 39
1785826313760 3907284 42
1785826314886 3907304 37
1785826315646 3907364 41
1785826316480 3907452 41
1785826317327 3907552 41
1785826318214 3919648 39
1785826319006 3919764 40
1785826319836 3919880 43
1785826320705 3925972 41
1785826321538 3958684 41
1785826322528 3964876 42
1785826323537 4008432 43
1785826324070 4072160 44
1785826325466 4076896 43
1785826326339 4089844 47
1785826327638 4140616 44
1785826328556 4146808 46
1785826328987 4199644 44
1785826329840 4259628 49
1785826330983 4283488 46
1785826331633 4350236 47
1785826333240 4369008 46
1785826340788 4377404 47
1785826341496 4431232 45
1785826349942 4431708 47
1785826352139 4462456 48
1785826359653 4462552 50
1785826368339 4462700 46
1785826377086 4464264 45
1785826420229 4478628 50
1785826423334 4484804 49
1785826429029 4484808 47
1785826430389 4490952 50
