# timestamp_ms rss_kb
1785803310899 260832
1785803311319 267192
1785803311538 276264
1785803311901 283828
1785803312171 312972
1785803312277 381764
1785803312401 484696
1785803312524 518956
1785803312649 558532
1785803312773 593064
1785803312897 618664
1785803313022 641732
1785803313150 657428
1785803313387 673660
1785803313513 692044
1785803313642 711432
1785803313773 726968
1785803313899 745628
1785803314028 763364
1785803314157 779604
1785803314285 795672
1785803314419 839708
1785803314564 902964
1785803314707 938692
1785803314853 983092
1785803315000 1018548
1785803315145 1042248
1785803315294 1079992
1785803315444 1107272
1785803315773 1133140
1785803316090 1173808
1785803316583 1200836
1785803319718 1228340
1785803319855 1545192
1785803319988 1651688
1785803320123 1702300
1785803320256 1892764
1785803320384 2064276
1785803320904 2235760
1785803321035 2387900
1785803321245 2485452
1785803325411 2488276 (true peak, below trigger threshold; snapshot is in peaks/peak.smaps)
