1790717464241 264400 22
1790717464346 269172 21
1790717464435 271892 24
1790717464668 275196 22
1790717464757 280040 20
1790717465435 289816 22
1790717465594 300956 22
1790717466651 320792 24
1790717466745 367352 24
1790717466862 460664 25
1790717466986 520104 26
1790717467111 558524 26
1790717467236 596020 25
1790717467360 627492 24
1790717467480 645492 25
1790717467605 668088 25
1790717467730 687420 26
1790717467857 701396 24
1790717467982 720516 25
1790717468105 733920 25
1790717468229 749012 25
1790717468357 767772 27
1790717468483 777628 26
1790717468591 785664 24
1790717468717 803184 25
1790717468850 839424 26
1790717468991 890256 28
1790717469602 927116 30
1790717470177 940276 27
1790717471560 988340 31
1790717471689 1004500 27
1790717471834 1039240 28
1790717471977 1067752 29
1790717472126 1098108 29
1790717472270 1133640 31
1790717472653 1146364 30
1790717472944 1184636 32
1790717473409 1197852 28
1790717476666 1209024 28
1790717476776 1380480 28
1790717476887 1593472 28
1790717477017 1632384 27
1790717477139 1715776 28
1790717477246 1840704 29
1790717477356 1965632 31
1790717479078 1970220 28
1790717479360 2054428 29
1790717487423 2225332 35
1790717488200 2233560 32
1790717488890 2237176 30
1790717489580 2245028 32
1790717490037 2322924 34
