1785388275654 44
1785388276533 38
1785388276606 37
1785388276680 38
1785388276754 40
1785388276830 39
1785388276906 37
1785388276978 40
1785388277056 39
1785388277132 38
1785388277207 41
1785388277285 39
1785388277362 42
1785388277442 41
1785388277523 43
1785388277607 39
1785388277688 42
1785388277873 24
1785388277956 25
1785388278040 42
1785388278162 44
1785388278250 51
1785388278348 54
1785388278458 59
1785388278570 56
1785388278686 59
1785388278801 69
1785388278944 76
1785388279100 79
1785388279239 81
1785388279405 88
1785388279581 89
1785388279811 89
1785388279950 60
1785388280326 87
1785388280556 61
1785388280892 63
1785388281095 84
1785388281232 60
1785388281344 58
1785388281453 52
1785388281558 58
1785388281667 86
1785388281805 63
1785388281967 58
1785388284582 94
1785388284727 87
1785388284894 103
1785388285100 106
1785388285308 111
1785388285523 92
1785388286847 87
1785388286991 84
1785388287239 51
1785388287383 87
1785388288369 88
1785388289465 103
1785388293785 125
1785388294146 82
1785388294401 124
1785388295318 122
1785388295671 82
1785388295881 123
1785388301784 149
1785388301998 135
1785388302268 134
1785388302542 123
1785388302845 91
1785388303000 135
1785388304023 131
1785388304393 84
1785388304539 119
1785388318257 99
1785388318388 89
1785388318671 50
1785388318921 50
1785388319025 89
1785388319901 98
1785388320221 89
1785388321026 90
1785388321288 60
1785388321748 53
1785388322249 89
1785388326625 101
1785388327496 55
1785388327773 87
1785388328636 96
1785388329285 54
1785388329896 97
1785388334134 102
1785388334957 57
1785388335242 102
1785388336235 100
1785388341289 101
1785388341454 66
1785388342248 98
1785388342575 99
1785388343407 55
1785388343635 101
1785388348881 99
1785388349761 98
1785388350192 98
1785388351129 105
1785388351299 96
