# timestamp_ms rss_kb
1785801867025 308184
1785801867192 750552
1785801867354 1188824
1785801867521 1774552
1785801867682 2102232
1785801867848 2520024
1785801868012 2962392
1785801868173 3392472
1785801868335 3808216
1785801868497 4199384
1785801868698 4398040
1785801868859 4922328
1785801869023 5364696
1785801869184 5784536
1785801869350 6179800
1785801869677 6853592
1785801869842 7304152
1785801870005 7736280
1785801870169 8168408
1785801870332 8393688
1785801870494 8735704
1785801870658 9235416
1785801870820 9671640
1785801870985 10109912
1785801871151 10490840
1785801871472 11199448
1785801871634 11629528
1785801871797 12053464
1785801871965 12495832
1785801872336 13269976
1785801872499 13693912
1785801872664 14140376
1785801872856 14615512
1785801873219 15506392
1785801873384 16042968
1785801873550 16483288
1785801873918 17185752
1785801874082 17828824
1785801874247 18263000
1785801874413 18727896
1785801874802 19643352
1785801874971 20220888
1785801875138 20632536
1785801875463 21173208
1785801875672 22082520
1785801876002 22936536
1785801876438 24050648
1785801876607 24533976
1785801876941 25170904
1785801877217 26108888
1785801877549 27050968
1785801878005 28230616
1785801878339 29166552
1785801878811 30385112
1785801879155 31331288
1785801879581 32424920
1785801879920 33387480
1785801880374 34536408
1785801880715 35480536
1785801881171 36668376
1785801881515 37596120
1785801881951 38728664
1785801882297 39674840
1785801882759 40868824
1785801883129 41817048
1785801883583 43054040
1785801883935 44045272
1785801884213 45206488
1785801884568 46736344
1785801884919 48344024
1785801885272 49972184
1785801885629 51614680
1785801885991 53281752
1785801886348 54434780
1785801894074 55552788
1785801967620 55625232 (true peak, below trigger threshold; snapshot is in peaks/peak.smaps)
