1785801867025 308184 117
1785801867192 750552 115
1785801867354 1188824 117
1785801867521 1774552 115
1785801867682 2102232 117
1785801867848 2520024 116
1785801868012 2962392 115
1785801868173 3392472 115
1785801868335 3808216 116
1785801868497 4199384 114
1785801868698 4398040 114
1785801868859 4922328 116
1785801869023 5364696 115
1785801869184 5784536 117
1785801869350 6179800 117
1785801869515 6296536 116
1785801869677 6853592 117
1785801869842 7304152 115
1785801870005 7736280 116
1785801870169 8168408 115
1785801870332 8393688 114
1785801870494 8735704 116
1785801870658 9235416 115
1785801870820 9671640 117
1785801870985 10109912 115
1785801871151 10490840 116
1785801871315 10646488 116
1785801871472 11199448 116
1785801871634 11629528 115
1785801871797 12053464 118
1785801871965 12495832 117
1785801872180 12665816 116
1785801872336 13269976 115
1785801872499 13693912 116
1785801872664 14140376 116
1785801872856 14615512 116
1785801873062 14814168 116
1785801873219 15506392 116
1785801873384 16042968 117
1785801873550 16483288 163
1785801873760 16782296 115
1785801873918 17185752 117
1785801874082 17828824 116
1785801874247 18263000 118
1785801874413 18727896 117
1785801874643 18951128 117
1785801874802 19643352 117
1785801874971 20220888 118
1785801875138 20632536 118
1785801875306 20976600 115
1785801875511 21382104 118
1785801875672 22082520 117
1785801875841 22520792 117
1785801876002 22936536 120
1785801876276 23331800 117
1785801876438 24050648 117
1785801876607 24533976 119
1785801876776 24986584 118
1785801877057 25398232 117
1785801877217 26108888 119
1785801877387 26618840 118
1785801877549 27050968 118
1785801877842 27522008 118
1785801878005 28230616 118
1785801878176 28726232 119
1785801878339 29166552 120
1785801878647 29660120 119
1785801878811 30385112 118
1785801878981 30882776 128
1785801879155 31331288 119
1785801879416 31706072 120
1785801879581 32424920 118
1785801879754 32943064 119
1785801879920 33387480 120
1785801880207 33797080 120
1785801880374 34536408 119
1785801880548 35038168 120
1785801880715 35480536 119
1785801881005 35933144 121
1785801881171 36668376 119
1785801881346 37161944 121
1785801881515 37596120 120
1785801881783 37985240 121
1785801881951 38728664 120
1785801882127 39203800 122
1785801882297 39674840 121
1785801882590 40123352 121
1785801882759 40868824 121
1785801882938 41323480 143
1785801883129 41817048 133
1785801883414 42290136 122
1785801883583 43054040 121
1785801883762 43865048 122
1785801884042 44430296 123
1785801884213 45206488 122
1785801884395 46035928 121
1785801884568 46736344 119
1785801884748 47561688 121
1785801884919 48344024 120
1785801885098 49169368 124
1785801885272 49972184 120
1785801885454 50809816 123
1785801885629 51614680 128
1785801885818 52485080 122
1785801885991 53281752 121
1785801886174 54131672 122
1785801887913 54676556 136
1785801889208 55243864 141
1785801893326 55311668 155
1785801902188 55625228 142
1785801967620 55625232 149
