1790743759996 26420 25
1790743760119 29876 22
1790743760194 45132 20
1790743761164 45188 21
1790743761234 46464 21
1790743762101 46552 21
1790743762171 53664 21
1790743762247 83496 25
1790743762352 119788 24
1790743762454 156756 22
1790743762534 175276 26
1790743762618 189184 22
1790743762696 226112 22
1790743762773 244592 26
1790743762902 263144 22
1790743762983 300028 22
1790743763063 318496 22
1790743763242 355496 24
1790743763323 373964 24
1790743763504 410224 24
1790743763638 443372 23
1790743763770 449544 24
1790743763845 480292 21
1790743763926 498792 24
1790743764060 535716 26
1790743764148 554160 23
1790743764304 570648 24
1790743764386 609600 25
1790743764471 623368 25
1790743764606 641828 23
1790743764690 674108 25
1790743764827 692584 25
1790743764912 729484 26
1790743765048 764640 25
1790743765184 784848 24
1790743765269 798692 26
1790743765346 817140 23
1790743765430 835572 24
1790743765950 835584 23
1790743766462 840240 26
1790743766648 856980 25
1790743767186 911724 29
1790743767307 924876 29
1790743767461 935484 30
1790743767665 947892 28
1790743767891 964456 29
1790743768145 978960 29
1790743768299 989420 30
1790743768560 1005976 29
1790743768828 1016340 34
1790743768976 1026636 32
1790743769139 1037004 31
1790743769355 1051492 32
1790743769558 1063852 32
1790743769833 1080400 31
1790743770054 1094964 32
1790743770324 1111640 36
1790743770597 1128252 35
1790743770860 1140756 36
1790743771025 1155204 35
1790743771293 1169780 34
1790743771407 1387140 42
1790743771709 1401240 46
1790743771894 1427496 85
1790743772217 1446516 67
1790743772474 2313116 94
1790743772845 3914844 96
1790743775113 3944316 67
1790743775507 4075396 64
1790743776964 4124592 71
1790743777197 4187388 68
1790743777510 4499548 81
1790743777817 4582540 89
1790743778104 4799056 70
1790743778408 4886120 90
1790743778684 5054864 70
1790743779003 5225264 91
1790743779312 5298624 88
1790743781131 5414300 87
1790743781440 5737888 83
1790743781749 5801380 73
1790743782642 5890140 75
1790743782964 6445076 88
1790743785256 6463632 83
1790743787054 6467808 84
1790743788795 6470240 75
1790743790334 6473072 76
1790743792006 6475416 83
1790743793702 6476916 79
1790743795630 6478984 78
1790743797241 6480444 76
1790743798966 6481444 76
1790743800498 6482044 74
1790743803268 6485108 76
1790743804924 6490020 78
1790743806326 6601240 92
1790743806641 6688544 91
1790743806925 6784816 80
1790743808705 6875432 106
1790743808987 7144732 91
1790743809351 8207120 83
1790743811042 8219792 98
1790743836920 8235720 89
1790743838878 8271068 85
1790743842951 8272748 94
1790743845547 8272776 86
1790743848213 8274596 91
1790743853161 8274772 89
1790743855118 8281856 93
1790743857796 8281880 90
1790743861827 8282020 93
1790743864801 8282608 91
1790743866812 8331844 98
1790743869059 8352912 85
1790743871047 8352980 97
1790743873292 8353488 90
1790743875192 8353564 94
1790743880306 8353568 94
1790743882610 8360552 84
1790743886605 8360560 95
1790743893081 8367656 104
1790743898203 8376492 94
1790743900764 8376512 86
1790743905324 8376680 96
1790743907467 8376708 91
1790743909513 8376712 94
1790743911850 8376852 94
1790743920128 8376912 96
1790743927512 8383152 84
1790743929515 8383244 94
1790743931659 8383260 95
1790743935727 8390364 96
1790743937815 8390660 91
1790743940665 8390724 88
1790743949051 8390792 93
1790743952883 8395268 85
1790743956490 8395296 82
1790743963753 8395336 84
1790743969666 8395356 101
1790743972265 8395596 93
1790743975174 8395656 87
1790743977129 8440096 95
1790744032634 8445020 113
1790744035206 8447216 87
1790744039958 8447240 85
1790744049177 8447288 94
1790744052170 8447308 88
1790744058972 8447340 95
1790744073049 8447992 90
1790744087521 8483756 99
1790744115346 8486676 103
