# timestamp_ms rss_kb
1790716970998 262436
1790716971184 267728
1790716971424 273116
1790716971618 278760
1790716972054 285432
1790716972559 295432
1790716972692 301432
1790716973700 347936
1790716973746 387940
1790716973813 417620
1790716973861 469052
1790716973933 480956
1790716973981 506108
1790716974162 533268
1790716974207 571020
1790716974309 583284
1790716974465 598640
1790716974568 616168
1790716974615 630120
1790716974719 645292
1790716974820 660892
1790716974954 681720
1790716975116 699560
1790716975218 717264
1790716975353 735596
1790716975491 754388
1790716975626 774736
1790716975761 807064
1790716975871 845736
1790716975929 873400
1790716976011 909444
1790716976288 927748
1790716977211 953548
1790716977829 975304
1790716978579 1002544
1790716978642 1028856
1790716978763 1060324
1790716978888 1083556
1790716979043 1111668
1790716979172 1134568
1790716979660 1178928
1790716980116 1202740
1790716983540 1242152
1790716983589 1317928
1790716983632 1348648
1790716983682 1578024
1790716983730 1627176
1790716983939 1671644
1790716983987 1712604
1790716984064 1815004
1790716984113 1911260
1790716984188 1974748
1790716984236 2048476
1790716984670 2097272
1790716984740 2175096
1790716984784 2230392
1790716984854 2310264
1790716984899 2359416
1790716985099 2407052
1790716985171 2473872
1790716990801 2499752 (true peak, below trigger threshold; snapshot is in peaks/peak.smaps)
