1790716971105 267160 22
1790716971199 269960 22
1790716971432 273316 25
1790716971525 278108 25
1790716972044 285400 24
1790716972356 289028 22
1790716972587 300140 23
1790716978756 1059524 31
1790716978910 1089304 30
1790716979062 1119412 29
1790716979340 1137084 30
1790716979550 1151408 30
1790716979661 1178928 29
1790716979874 1191216 28
1790716980152 1205584 29
1790716984094 1905116 33
1790716984210 2040284 32
1790716984642 2091128 33
1790716984756 2224248 32
1790716984868 2353272 28
1790716984978 2388676 29
1790716985168 2473872 33
