# timestamp_ms rss_kb
1787342586271 162748
1787342586347 207416
1787342586415 234296
1787342586484 264080
1787342592350 270504
1787342593101 332372
1787342593228 341952
1787342593303 371860
1787342593875 380996
1787342594400 389192
1787342594925 397388
1787342595474 405588
1787342596003 413788
1787342596657 424028
1787342597362 434276
1787342598008 444532
1787342598158 453844
1787342598240 463036
1787342598911 473276
1787342599565 483516
1787342600220 493756
1787342600878 504000
1787342601557 514244
1787342602342 526532
1787342602988 539696
1787342603809 551984
1787342604607 564272
1787342605402 576560
1787342606200 588848
1787342607041 601136
1787342607683 613360
1787342608557 625652
1787342609517 639988
1787342610507 654324
1787342611454 668660
1787342612392 684772
1787342613375 699200
1787342614361 713536
1787342615305 727872
1787342616388 744256
1787342617286 760000
1787342618387 776384
1787342619560 792768
1787342620680 809152
1787342621719 825864
1787342623028 844296
1787342624230 862728
1787342625572 881228
1787342626800 899532
1787342628035 917964
1787342629353 936396
1787342630670 955336
1787342631962 975116
1787342633365 995596
1787342634751 1015800
1787342636277 1036280
1787342637831 1058892
1787342639371 1080912
1787342640930 1103440
1787342642575 1127400
1787342644306 1151976
1787342646011 1175520
1787342647837 1200100
1787342649649 1225640
1787342651369 1250216
1787342653178 1275780
1787342655058 1302404
1787342657052 1329908
1787342658988 1357412
1787342661042 1386084
1787342663154 1415516
1787342665298 1444832
1787342667424 1474084
1787342669749 1504804
1787342672114 1536108
1787342674458 1567328
1787342677023 1600556
1787342679560 1634136
1787342682131 1667276
1787342684727 1700668
1787342687517 1736020
1787342690289 1771496
1787342692038 1821052
1787342726090 1859812
1787342727245 1898568
1787342727425 1975768
1787342728181 2017308
1787342728283 2084332
1787342771406 2135960
1787344493757 2201060
1787346092907 2201860 (true peak, below trigger threshold; snapshot is in peaks/peak.smaps)
