1787342586271 162748 19
1787342586347 207416 13
1787342586415 234296 13
1787342586484 264080 13
1787342587005 264140 14
1787342592221 264220 14
1787342592350 270504 13
1787342592886 272148 15
1787342593101 332372 14
1787342593228 341952 14
1787342593303 371860 16
1787342593595 376900 16
1787342593875 380996 16
1787342594141 385096 15
1787342594400 389192 16
1787342594666 393292 16
1787342594925 397388 16
1787342595192 401488 16
1787342595474 405588 16
1787342595741 409688 16
1787342596003 413788 16
1787342596396 419932 17
1787342596786 426080 17
1787342597199 432224 16
1787342597623 438376 17
1787342598008 444532 17
1787342598158 453844 18
1787342598240 463036 17
1787342598641 469180 18
1787342599023 475324 19
1787342599422 481468 17
1787342599823 487612 18
1787342600220 493756 17
1787342600605 499900 19
1787342601013 506048 19
1787342601411 512192 19
1787342601796 518340 19
1787342602195 524484 18
1787342602604 530628 19
1787342602988 539696 17
1787342603405 545840 19
1787342603809 551984 20
1787342604199 558128 20
1787342604607 564272 20
1787342604999 570416 20
1787342605402 576560 20
1787342605797 582704 21
1787342606200 588848 20
1787342606597 594992 21
1787342607041 601136 21
1787342607417 607280 21
1787342607683 613360 21
1787342608140 619508 22
1787342608673 627700 22
1787342609229 635892 22
1787342609791 644084 22
1787342610348 652276 22
1787342610894 660468 23
1787342611454 668660 23
1787342612003 676852 24
1787342612392 684772 23
1787342612971 693056 22
1787342613495 701248 25
1787342614086 709440 23
1787342614618 717632 24
1787342615167 725824 24
1787342615701 734016 25
1787342616249 742208 24
1787342616785 750552 26
1787342617286 760000 25
1787342617823 768192 24
1787342618387 776384 25
1787342618957 784576 26
1787342619560 792768 26
1787342620112 800960 27
1787342620680 809152 27
1787342621232 817484 27
1787342621719 825864 26
1787342622275 834056 27
1787342622855 842248 28
1787342623559 852488 28
1787342624230 862728 28
1787342624831 870920 29
1787342625423 879112 28
1787342626057 889292 28
1787342626650 897484 28
1787342627344 907724 30
1787342628035 917964 30
1787342628740 928204 30
1787342629353 936396 31
1787342629999 946444 32
1787342630670 955336 31
1787342631415 966924 30
1787342632102 977164 33
1787342632807 987404 32
1787342633506 997644 33
1787342634309 1009656 33
1787342635013 1019896 32
1787342635726 1030136 33
1787342636512 1040380 34
1787342637235 1050620 34
1787342638038 1062480 35
1787342638762 1072720 38
1787342639641 1085008 36
1787342640479 1097296 34
1787342641205 1107536 36
1787342641988 1119208 36
1787342642720 1129448 37
1787342643568 1141736 36
1787342644306 1151976 38
1787342645213 1164264 38
1787342646011 1175520 38
1787342646887 1187812 40
1787342647726 1198872 39
1787342648554 1210340 39
1787342649472 1223592 41
1787342650336 1235880 40
1787342651190 1248168 41
1787342652061 1260456 41
1787342652998 1273732 41
1787342653878 1286020 43
1787342654876 1300356 41
1787342655809 1313524 42
1787342656726 1325812 44
1787342657728 1340152 45
1787342658754 1354812 44
1787342659676 1367652 45
1787342660712 1381988 45
1787342661737 1396880 48
1787342662821 1411420 44
1787342663712 1423708 47
1787342664706 1436640 45
1787342665719 1450976 48
1787342666785 1465312 48
1787342667883 1480228 49
1787342668962 1494564 49
1787342670029 1509432 51
1787342671166 1523820 51
1787342672249 1538156 51
1787342673346 1552992 52
1787342674458 1567328 52
1787342675553 1582120 53
1787342676663 1596460 54
1787342677773 1611200 52
1787342678891 1625536 55
1787342680009 1640280 54
1787342681145 1654988 56
1787342682426 1671372 56
1787342683575 1686028 56
1787342684727 1700668 57
1787342686033 1717328 57
1787342687298 1733972 59
1787342688595 1750624 59
1787342689787 1765156 59
1787342691039 1781912 59
1787342692038 1821052 61
1787342693352 1826064 62
1787342694665 1826092 62
1787342700105 1826096 63
1787342719926 1827336 62
1787342720495 1846536 63
1787342721997 1851176 61
1787342723786 1851180 61
1787342725849 1853232 63
1787342726642 1871904 60
1787342727245 1898568 63
1787342727425 1975768 66
1787342727612 2002920 69
1787342728283 2084332 72
1787342729789 2087916 72
1787342731313 2088988 72
1787342732801 2090664 70
1787342741015 2090736 70
1787342741496 2120080 73
1787342751536 2120168 68
1787342756300 2120304 69
1787342758415 2120340 73
1787342768142 2120344 72
1787342771406 2135960 70
1787342772902 2135980 73
1787342862726 2136236 73
1787342984311 2136492 73
1787343107788 2136496 71
1787343748468 2136504 72
1787344264199 2136520 71
1787344493757 2201060 72
1787344514451 2201064 74
1787344516661 2201068 74
1787345902261 2201148 74
1787345912469 2201836 73
1787345963682 2201856 69
1787346092907 2201860 33
