# timestamp_ms rss_kb
1785390143401 69612
1785390144399 91548
1785390144473 150468
1785390144547 200152
1785390144616 255484
1785390144706 309224
1785390144782 323468
1785390144852 366156
1785390144928 421488
1785390145007 476824
1785390145080 532156
1785390145155 575344
1785390145231 595320
1785390145304 642824
1785390145383 698160
1785390145465 753492
1785390145550 808772
1785390145640 854676
1785390146052 878996
1785390146145 937144
1785390146239 983964
1785390146346 1039592
1785390146455 1106140
1785390146577 1173180
1785390146715 1240920
1785390146863 1321244
1785390147020 1369992
1785390147186 1410304
1785390147357 1478164
1785390147585 1508416
1785390152074 1573692
1785390152259 1611664
1785390152417 1652868
1785390152598 1698076
1785390152812 1737692
1785390153026 1801112
1785390154702 1864668
1785390161266 1915796
1785390163382 1966476
1785390169817 2022384
1785390170101 2112408
1785390172210 2163084
1785390186213 2253692
1785390187945 2322800
1785390195708 2382192
1785390203526 2439156
1785390211197 2498932
1785390219000 2556276
1785390219980 3058044
