1785390143401 39
1785390144399 38
1785390144473 38
1785390144547 34
1785390144616 52
1785390144706 40
1785390144782 35
1785390144852 39
1785390144928 44
1785390145007 36
1785390145080 36
1785390145155 38
1785390145231 36
1785390145304 42
1785390145383 45
1785390145465 43
1785390145550 50
1785390145640 43
1785390145801 28
1785390145887 29
1785390146052 48
1785390146145 48
1785390146239 53
1785390146346 58
1785390146455 57
1785390146577 65
1785390146715 72
1785390146863 75
1785390147020 91
1785390147186 84
1785390147357 90
1785390147585 92
1785390147771 62
1785390148112 51
1785390148393 81
1785390148525 54
1785390148852 49
1785390149171 81
1785390149346 58
1785390152074 92
1785390152259 91
1785390152417 78
1785390152598 108
1785390152812 104
1785390153026 96
1785390153233 73
1785390154333 87
1785390154587 55
1785390154702 91
1785390161088 120
1785390161266 135
1785390161589 84
1785390161848 85
1785390161996 126
1785390163021 129
1785390163382 125
1785390169628 123
1785390169817 143
1785390170101 169
1785390170532 95
1785390170751 121
1785390171712 145
1785390172044 97
1785390172210 142
1785390186048 102
1785390186213 94
1785390186518 56
1785390186747 86
1785390187609 103
1785390187945 103
1785390188794 63
1785390189431 112
1785390189990 59
1785390194473 101
1785390195304 58
1785390195541 104
1785390195708 103
1785390196709 100
1785390197212 62
1785390197777 100
1785390202108 100
1785390202270 64
1785390203073 104
1785390203405 58
1785390203526 104
1785390204369 62
1785390204550 103
1785390209816 101
1785390210757 104
1785390211087 50
1785390211197 91
1785390212066 97
1785390217682 94
1785390218572 105
1785390218914 56
1785390219000 105
1785390219855 60
1785390219980 103
