1785390143401 69612 14
1785390144399 91548 13
1785390144473 150468 12
1785390144547 200152 12
1785390144616 255484 12
1785390144706 309224 13
1785390144782 323468 12
1785390144852 366156 13
1785390144928 421488 13
1785390145007 476824 12
1785390145080 532156 13
1785390145155 575344 13
1785390145231 595320 13
1785390145304 642824 14
1785390145383 698160 13
1785390145465 753492 15
1785390145550 808772 14
1785390145640 854676 15
1785390146052 878996 16
1785390146145 937144 18
1785390146239 983964 20
1785390146346 1039592 20
1785390146455 1106140 22
1785390146577 1173180 22
1785390146715 1240920 24
1785390146863 1321244 24
1785390147020 1369992 28
1785390147186 1410304 25
1785390147357 1478164 29
1785390147585 1508416 30
1785390148393 1519184 26
1785390149171 1523324 27
1785390152074 1573692 29
1785390152259 1611664 28
1785390152417 1652868 26
1785390152598 1698076 30
1785390152812 1737692 32
1785390153026 1801112 29
1785390154333 1835876 36
1785390154702 1864668 33
1785390161088 1875580 39
1785390161266 1915796 40
1785390161996 1938444 39
1785390163021 1944596 39
1785390163382 1966476 39
1785390169628 1995076 44
1785390169817 2022384 43
1785390170101 2112408 44
1785390170751 2135056 38
1785390171712 2141204 48
1785390172210 2163084 45
1785390186048 2176580 45
1785390186213 2253692 41
1785390186747 2282484 35
1785390187609 2294776 44
1785390187945 2322800 43
1785390189431 2330992 41
1785390194473 2341876 42
1785390195541 2354552 43
1785390195708 2382192 44
1785390196709 2384240 44
1785390197777 2394480 42
1785390202108 2396456 42
1785390203073 2411516 44
1785390203526 2439156 43
1785390204550 2443252 42
1785390209816 2458616 42
1785390210757 2470908 44
1785390211197 2498932 37
1785390212066 2500980 35
1785390217682 2515960 38
1785390218572 2528252 45
1785390219000 2556276 44
1785390219980 3058044 42
