# timestamp_ms rss_kb
1790713603023 438568
1790713603432 447536
1790713603518 457484
1790713603727 487784
1790713603790 505028
1790713603829 556700
1790713603867 613784
1790713604164 674528
1790713604429 702500
1790713604717 720592
1790713604985 745884
1790713605225 761512
1790713605426 778976
1790713605513 794976
1790713605560 812128
1790713605660 840544
1790713605762 864092
1790713605811 1013968
1790713605857 1064092
1790713605908 1206808
1790713606413 1244188
1790713606518 1305428
1790713606621 1366868
1790713606671 1395540
1790713606747 1456984
1790713606802 1621536
1790713619726 1660984
1790713619977 1716396
1790713622432 1752840
1790713624557 1789312
1790713625811 1826176
1790713627042 1862740
1790713628549 1927232
1790713630964 1972944
1790713632254 2018676
1790713634329 2060020
1790713635042 2110608
1790713637701 2159656
1790713639577 2204736
