1790713603025 438580 21
1790713603237 442980 22
1790713603453 450376 23
1790713603556 461036 23
1790713603722 485612 23
1790713603867 613788 26
1790713604214 677008 25
1790713604566 716324 25
1790713604983 745884 26
1790713605429 782176 26
1790713605546 811744 25
1790713605662 841312 26
1790713605782 995536 27
1790713606413 1246236 27
1790713606518 1307476 27
1790713606639 1393492 28
1790713606769 1621536 27
1790713618498 1633692 32
1790713619213 1634172 32
1790713619719 1660984 31
1790713619934 1683796 32
1790713621073 1697848 31
1790713621768 1700096 32
1790713622145 1725136 32
1790713622414 1745900 32
1790713623406 1762000 32
1790713624081 1762380 32
1790713624612 1789312 34
1790713625430 1817016 32
1790713625927 1844608 32
1790713626655 1846852 33
1790713627164 1871932 32
1790713627450 1899640 34
1790713628538 1927232 29
1790713629264 1929472 33
1790713629739 1954512 33
1790713630959 1972944 35
1790713631775 1993104 33
1790713632295 2018676 34
1790713633528 2055540 33
1790713634215 2057316 34
1790713634772 2082900 34
1790713635052 2110608 32
1790713636100 2119764 32
1790713636885 2122008 35
1790713637453 2147076 34
1790713637770 2174784 33
1790713638816 2202372 33
1790713639607 2205212 31
