1786575111709 35344 17
1786575111781 45104 14
1786575111842 64112 14
1786575111907 115684 13
1786575112178 129528 14
1786575112448 152640 14
1786575120552 153696 17
1786575120933 153928 16
1786575121261 155368 16
1786575121445 157040 15
1786575121767 157092 15
1786575122094 158552 15
1786575122324 160220 15
1786575122644 160276 18
1786575123012 161724 17
1786575123217 163392 15
1786575123533 163448 15
1786575123845 164904 15
1786575124098 166576 16
1786575124462 166640 16
1786575124789 168084 17
1786575125107 169772 16
1786575125444 171196 17
1786575125819 171260 16
1786575126175 172964 17
1786575126526 174428 17
1786575126888 176112 17
1786575127266 177592 18
1786575127656 179272 17
1786575128011 179332 17
1786575128407 180788 16
1786575128773 182488 18
1786575129193 183952 18
1786575129591 185644 17
1786575130069 187132 19
1786575130483 188832 19
1786575130906 190312 18
1786575131388 191996 19
1786575131775 192048 18
1786575132263 193488 18
1786575132668 195156 17
1786575133096 195200 18
1786575133683 196652 19
1786575134069 198320 20
1786575134495 198376 21
1786575135013 199820 19
1786575135408 201496 21
1786575135838 201540 19
1786575136376 203000 18
1786575136764 203024 19
1786575137149 204716 18
1786575137548 206148 19
1786575137983 206200 21
1786575138416 207888 19
1786575138832 208612 19
1786575139230 209380 20
1786575139765 211060 20
1786575140271 212428 22
1786575140744 212556 20
1786575141158 214232 20
1786575141565 214288 20
1786575142022 215724 19
1786575142433 217400 21
1786575142891 217452 20
1786575143323 218908 20
1786575143734 220332 20
1786575144153 220628 20
1786575144685 222088 21
1786575145150 223760 22
1786575145620 223816 22
1786575146167 225272 23
1786575146541 229080 23
1786575146614 239820 25
1786575196999 240632 23
1786575197223 339300 29
1786575197322 350252 32
1786575197416 357764 36
1786575197535 437396 28
1786575198104 444776 30
1786575198258 475152 39
1786575198386 508268 35
1786575198594 516056 33
1786575199055 521732 36
1786575199829 526396 39
1786575199946 555760 32
1786575200085 582976 31
1786575200715 606624 33
1786575200916 627280 31
1786575201051 731336 35
1786575201177 739664 37
1786575201894 755040 34
1786575207272 765044 35
1786575207396 772988 43
1786575207517 787900 33
1786575209548 793552 36
1786575209683 806044 39
1786575210200 829868 36
1786575210427 859240 35
1786575210616 909164 48
1786575210803 1032280 37
1786575211552 1038688 39
1786575211757 1064120 37
1786575212344 1076208 37
1786575217057 1077204 48
1786575217667 1093564 47
1786575217887 1104716 46
1786575218013 1145852 87
1786575218225 1333036 43
1786575218859 1364852 58
1786575224279 1371348 48
1786575225047 1393736 54
1786575225250 1483764 46
1786575226256 1494140 49
1786575258964 1494268 44
1786575260061 1504044 51
1786575261372 1510636 55
1786575261709 1559664 44
1786575261891 1578112 43
1786575269235 1579980 58
1786575269391 1605620 54
1786575269589 1676408 45
1786575274262 1677076 53
1786575274519 1704576 64
1786575274694 1761648 56
1786575278830 1777708 56
1786575279028 1799536 44
1786575279366 1821008 46
1786575311022 1823436 46
1786575311876 1855992 45
1786575312174 1877644 47
1786575319487 1877652 58
1786575324565 1911736 55
1786575325246 1935620 58
1786575328756 1941908 64
1786575328958 1973788 56
1786575361129 1981336 57
1786575361828 2004208 53
1786575368302 2020200 55
1786575368741 2053908 46
1786575373501 2068188 56
1786575377655 2084776 58
1786575411572 2093460 49
1786575412590 2113388 57
1786575418659 2115980 58
1786575423520 2125184 73
1786575428055 2139272 59
1786575461437 2144456 52
1786575462508 2165396 47
1786575468505 2168112 57
1786575473777 2181488 57
1786575478623 2188620 57
1786575512609 2193112 58
1786575513892 2199192 57
1786575521599 2214188 58
1786575527025 2217144 73
1786575531478 2224180 59
1786575566236 2229496 52
1786575567336 2240612 51
1786575573377 2240772 56
1786575578383 2243700 60
1786575582834 2248824 61
1786575616099 2251176 58
1786575623204 2262304 85
1786575628497 2268108 74
1786575632784 2272776 60
1786575665757 2278388 59
1786575673021 2289312 56
1786575678424 2290284 55
1786575682408 2293604 58
1786575716471 2295552 55
1786575723778 2302404 54
1786575729235 2302624 62
1786575733129 2306464 62
1786575768497 2307660 56
1786575775531 2314832 58
1786575780913 2316208 69
1786575785009 2319792 74
1786575787091 2322720 54
1786575787425 2349392 58
