# timestamp_ms rss_kb
1790737185798 47248
1790737185955 49252
1790737187974 58564
1790737188066 67988
1790737188158 110536
1790737188272 159252
1790737188360 178744
1790737189255 186240
1790737189352 192896
1790737189450 202284
1790737190027 212180
1790737190129 249284
1790737190234 261992
1790737190432 273120
1790737190626 283704
1790737190820 292020
1790737190924 300412
1790737191123 308832
1790737191229 317204
1790737191429 325532
1790737191542 333800
1790737191748 342076
1790737191859 350396
1790737192064 358712
1790737192175 367020
1790737192382 485892
1790737192515 957436
1790737192720 1762784
1790737195128 1891820
1790737196027 1947048
1790737196935 2045940
1790737197190 2104400
1790737201318 2166412
1790737202050 2493944
1790737202327 2647548
1790737203470 2930940
1790737203749 3291344
1790737231368 3372084
1790737231644 3772116
1790737297680 3855796
1790737498814 3913076 (true peak, below trigger threshold; snapshot is in peaks/peak.smaps)
