1790712638734 66
1790712638850 36
1790712638921 35
1790712638993 34
1790712640648 56
1790712640761 61
1790712640883 62
1790712641003 66
1790712641130 70
1790712641258 65
1790712641381 66
1790712641508 67
1790712641636 71
1790712641766 69
1790712641877 71
1790712642009 73
1790712642124 65
1790712642251 66
1790712642377 68
1790712642508 70
1790712642640 67
1790712642750 64
1790712642879 69
1790712643015 71
1790712643158 73
1790712643303 74
1790712643441 48
1790712643531 45
1790712643618 43
1790712643705 45
1790712643795 42
1790712643880 76
1790712643999 44
1790712644085 44
1790712644173 45
1790712644261 46
1790712644352 46
1790712644464 78
1790712644585 47
1790712644676 44
1790712644765 47
1790712644856 45
1790712644948 48
1790712645042 77
1790712645191 45
1790712645283 47
1790712645376 46
1790712645468 46
1790712645559 44
1790712645749 74
1790712646035 81
1790712646192 81
1790712646461 38
1790712646541 40
1790712646623 73
1790712646741 73
1790712646876 69
1790712646989 70
1790712647124 73
1790712647243 68
1790712647376 73
1790712647494 41
1790712651406 82
1790712653498 81
1790712653655 78
1790712658204 88
1790712664625 89
1790712664764 48
1790712664888 87
1790712665024 44
1790712665144 90
1790712665283 47
1790712665403 84
1790712665926 91
1790712669457 103
1790712669647 105
1790712669803 54
1790712669907 101
1790712670090 104
1790712670245 55
1790712670351 100
1790712670540 105
1790712670700 55
1790712670803 102
