# timestamp_ms rss_kb
1790425092624 37376
1790425092728 49888
1790425092805 70572
1790425092882 109848
1790425092955 195984
1790425093034 280040
1790425093114 300032
1790425093253 322644
1790425093381 329168
1790425093578 337316
1790425093657 348756
1790425093786 355904
1790425093866 368212
1790425094071 382020
1790425094150 395860
1790425094234 561024
1790425094327 877584
1790425094437 1691080
1790425094537 1860520
1790425094638 2897724
1790425094746 3440336
1790425094856 3673636
1790425094975 3976628
1790425095083 4099852
1790425095299 4245812
1790425095433 4363356
1790425095580 4503940
1790425095751 4680644
1790425095935 4831572
1790425096136 4993348
1790425096352 5183744
1790425097152 5323384
1790425097365 5453552
1790425099714 5587552
1790425099937 5818312
1790425100161 6041088
1790425100389 6279968
1790425100614 6437300
1790425100880 8025348
1790425101148 8235824
1790425101586 9515196
1790425101818 9706900
1790425102050 9904900
1790425102455 10236768
1790425102898 11483988
1790425103305 11819632
1790425103553 12086864
1790425103810 12380440
1790425104283 12786008
1790425104553 13052424
1790425104840 13393972
1790425105138 13766232
1790425105515 14220892
1790425105945 14705476
1790425106436 15348152
1790425106992 16064396
1790425107642 16958608
1790425108397 17943468
1790425109257 19256656
1790425110253 20667052
1790425111368 21610716
1790425120680 22046272
1790425131987 22502456
1790425142917 22958920
1790425153768 23425856
1790425164986 23909656
1790425175886 24403436
1790425184215 24911948
1790425193646 25432648
1790425206968 25956904
1790425214103 26500912
1790425224607 27031200
1790425336186 27596324
1790425376516 28342136
1790425378220 28947904
1790425379756 29623300
1790425381461 30280580
1790425383006 30997332
1790425384560 31667392
1790425385941 32339780
1790425387671 33021308
1790425389636 33965756
1790425391804 34731996
1790425393992 35684260
1790425396818 36401720
1790425400531 37235776
1790425404897 38056224
1790425407701 38857184
1790425410714 39866800
1790425413143 40846476
1790425415396 41751996
1790425418000 42737524
1790425420062 43729528
1790425422450 44826588
1790425424856 45838768
1790425426877 46842696
1790425429123 47877664
1790425432010 49233256
1790425441176 50227300
1790425448157 51255296
1790425451163 52359120
1790425483078 53547312
1790425502058 54637500
1790425505907 55909108
1790425521584 57130144
1790425527023 58337312
1790425531384 59625252
1790425546508 60868552
1790425552342 62119992
1790425556059 63389572
1790425571182 64689876
1790425622868 66004676
1790425629208 67374284
1790425648534 68723668
1790425655091 70143332
1790425667998 71639344
1790425674421 73131100
1790425687560 74600200
1790425702048 77601084
1790425706242 79272380
1790425719817 80914388
1790425725236 82632388
1790425743777 84373076
1790425763218 86070656
1790425779507 87792744
1790425788160 89588824
1790425802635 91380752
1790425813222 93318408
1790425907952 95269708
1790425915132 97367804
1790425920698 99407988
1790426047103 101457896
1790426115842 103633844
1790426121181 105744692
1790426127661 108051176
1790426134423 110417360
1790426141124 112711264
1790426147768 115141064
1790426155127 117582984
1790426162738 120090028
1790426169530 122550916
1790426178008 125010444
1790426193829 133467272
1790426200816 136395164
1790426213083 139275208
1790426219983 142264444
1790426226950 145296816
1790426330605 148351532
1790426337337 151624144
1790426344126 154695452
1790426357064 157803832
1790426365299 161136876
1790426370451 164813384
1790426470266 171443336
1790426482272 174980320
1790426492297 183335984
1790426566418 187537072
1790426577957 191323672
1790426868727 195225028
1790426887356 199214628
1790426902333 203200348
1790426920794 207368608
1790428720748 211741788
1790428735529 216220236
1790431579403 220951216
1790432839127 225559448
1790433438067 230287108
1790433857348 234896236
1790435864277 239646936
1790440307428 244593812
1790443970173 249640720
1790444433029 255036024
1790444447089 256181204 (true peak, below trigger threshold; snapshot is in peaks/peak.smaps)
