1785396257868 777
1785396258684 863
1785396259585 872
1785396260495 856
1785396261391 868
1785396262298 894
1785396263230 847
1785396264117 796
1785396264955 779
1785396265776 776
1785396266595 792
1785396267432 765
1785396268241 804
1785396269090 772
1785396269906 770
1785396270723 784
1785396271552 765
1785396272362 778
1785396273188 800
1785396274035 766
1785396274846 580
1785396275473 447
1785396278783 159
1785396278979 29
1785396279044 36
1785396279204 36
1785396279304 37
1785396279406 36
1785396279477 38
1785396279553 38
1785396279631 45
1785396279712 50
1785396279805 54
1785396279904 49
1785396279983 176
1785396280201 45
1785396280335 48
1785396280432 65
1785396280649 57
1785396281046 67
1785396281361 67
1785396281674 56
1785396281975 63
1785396282092 64
1785396282209 67
1785396282333 69
1785396284666 227
1785396284929 66
1785396285055 85
1785396285200 78
1785396285340 72
1785396285575 71
1785396285705 72
1785396286436 57
1785396286708 56
1785396286816 50
1785396287696 203
1785396293882 191
1785396301320 192
