1785396257868 13266480 121
1785396258684 14835248 118
1785396259585 16916016 117
1785396260495 19021360 118
1785396261391 21124656 122
1785396262298 23213616 119
1785396263230 25312816 118
1785396264117 27424304 118
1785396264955 29527600 121
1785396265776 31622704 120
1785396266595 33719856 124
1785396267432 35823152 119
1785396268241 37910064 124
1785396269090 40009264 120
1785396269906 42110512 121
1785396270723 44215856 127
1785396271552 46308912 121
1785396272362 48406064 121
1785396273188 50505264 125
1785396274035 52602416 121
1785396274846 54687280 120
1785396278783 55148112 127
1785396279983 55727992 127
1785396284666 56005448 142
1785396287696 56284352 146
1785396293882 56285448 138
1785396301320 56286540 141
