# timestamp_ms rss_kb
1785395095345 259048
1785395095675 264408
1785395095889 274564
1785395096199 281336
1785395096466 325568
1785395096533 382748
1785395096608 459312
1785395096688 507684
1785395096772 540136
1785395096853 559860
1785395096934 582936
1785395097015 602056
1785395097161 634128
1785395097308 653540
1785395097393 669220
1785395097477 685008
1785395097628 706472
1785395097842 722304
1785395098048 739404
1785395098199 755480
1785395098481 774380
1785395098637 790464
1785395098790 812640
1785395098887 847208
1785395098988 877036
1785395099085 904160
1785395099187 926804
1785395099290 962628
1785395099391 985160
1785395099494 1012920
1785395099600 1039312
1785395099704 1071420
1785395099894 1106412
1785395100257 1132132
1785395100521 1171024
1785395103414 1237740
1785395103490 1610476
1785395103629 1672816
1785395103711 1803888
1785395103793 1930864
1785395104449 2041088
1785395104524 2051888 (true peak, below trigger threshold; snapshot is in peaks/peak.smaps)
