# timestamp_ms rss_kb
1785367504787 254124
1785367505253 260760
1785367505805 266744
1785367506155 276292
1785367506378 281940
1785367506671 287880
1785367506986 311952
1785367507132 373264
1785367507208 423248
1785367507289 482556
1785367507367 501520
1785367507452 538320
1785367507533 549908
1785367507613 595740
1785367507752 609364
1785367507834 643784
1785367507921 659220
1785367508010 678504
1785367508098 696756
1785367508248 712596
1785367508336 731332
1785367508424 749256
1785367508579 769992
1785367508742 805036
1785367508832 824924
1785367508931 887128
1785367509035 923600
1785367509131 963720
1785367509308 994056
1785367509409 1015640
1785367509659 1068632
1785367509839 1090224
1785367509951 1121212
1785367510473 1149440
1785367510620 1180228
1785367510979 1204808
1785367511245 1240524
1785367511656 1272016
1785367514213 1370888
1785367514307 1667848
1785367514392 1723144
1785367514471 1769660
1785367514557 1888444
1785367514640 2029756
1785367515075 2128544
1785367515163 2286240
1785367515250 2458272
1785367515455 2544688
1785367519044 2661556
1785367526167 2712452 (true peak, below trigger threshold; snapshot is in peaks/peak.smaps)
