1786855424467 69380 23
1786855424552 108888 14
1786855424626 148672 14
1786855424700 187436 18
1786855424786 211404 16
1786855424864 222648 13
1786855424937 263124 14
1786855425011 268404 15
1786855425088 278344 15
1786855425164 288440 15
1786855425238 294272 15
1786855425365 303780 16
1786855425442 309632 14
1786855425509 319332 15
1786855425635 326668 15
1786855425712 334764 15
1786855425786 343868 16
1786855425863 349000 16
1786855425955 358048 14
1786855426030 363872 15
1786855426119 374108 16
1786855426197 379404 16
1786855426319 386728 16
1786855426397 395736 16
1786855426474 404588 16
1786855426552 410604 15
1786855426627 418280 17
1786855426709 426720 16
1786855426842 432868 16
1786855426912 441284 16
1786855426992 449244 16
1786855427085 457700 16
1786855427163 464876 16
1786855427254 472312 17
1786855427334 479048 15
1786855427457 487844 16
1786855427536 496112 17
1786855427629 502260 16
1786855427707 509484 16
1786855427833 521048 17
1786855427976 533780 16
1786855428107 541864 16
1786855428178 548692 17
1786855428311 558940 17
1786855428382 565292 16
1786855428483 571472 15
1786855428604 578340 16
1786855428683 587056 17
1786855428804 594932 16
1786855428882 603124 17
1786855428975 609276 16
1786855429133 624624 18
1786855429266 632816 16
1786855429335 641008 16
1786855429464 649204 17
1786855429596 658200 17
1786855429717 670180 17
1786855429851 678524 16
1786855429921 686724 17
1786855430107 700696 16
1786855430238 708372 16
1786855430309 715632 16
1786855430440 723828 17
1786855430571 731660 16
1786855430643 740128 18
1786855430716 748320 16
1786855430869 760592 17
1786855430993 771064 17
1786855431126 779528 17
1786855431273 792248 16
1786855431429 807376 17
1786855431586 823248 17
1786855431683 833512 18
1786855431767 848444 17
1786855431838 859716 17
1786855431920 876164 18
1786855431992 889424 18
1786855432072 904792 17
1786855432204 929396 17
1786855432276 941684 18
1786855432358 956028 18
1786855432438 970372 18
1786855432519 987760 17
1786855432591 998048 17
1786855432672 1014396 18
1786855432746 1026724 18
1786855432829 1043076 17
1786855432965 1069716 19
1786855433039 1082004 17
1786855433122 1098396 18
1786855433193 1110684 18
1786855433275 1124076 19
1786855433348 1136376 18
1786855433430 1152760 18
1786855433504 1165048 18
1786855433585 1179392 19
1786855433661 1191680 19
1786855433745 1206056 18
1786855433818 1218356 18
1786855433901 1234740 18
1786855434039 1264552 20
1786855434180 1295276 18
1786855434316 1322944 20
1786855434456 1350640 19
1786855434594 1379320 20
1786855434734 1409148 20
1786855434873 1437824 19
1786855435012 1465528 19
1786855435141 1490108 21
1786855435227 1506496 20
1786855435358 1532228 20
1786855435443 1548616 19
1786855435573 1573964 20
1786855435658 1590620 19
1786855435789 1615232 20
1786855435872 1631624 20
1786855436002 1659424 21
1786855436146 1688100 21
1786855436287 1716784 22
1786855436419 1743440 21
1786855436560 1772120 20
1786855436702 1802948 20
1786855436833 1829576 22
1786855436976 1856588 21
1786855437118 1886972 21
1786855437250 1913700 20
1786855437390 1942384 20
1786855437529 1971084 20
1786855437663 1997712 21
1786855437806 2026480 21
1786855437949 2057204 21
1786855438081 2081816 21
1786855438224 2112540 22
1786855438366 2144476 20
1786855438499 2171104 23
1786855438643 2199808 21
1786855438776 2225424 22
1786855438918 2256232 21
1786855439064 2286976 21
1786855439196 2311500 22
1786855439341 2345428 21
1786855439475 2372056 23
1786855439620 2400760 22
1786855439757 2425352 22
1786855439902 2456152 22
1786855440038 2482816 22
1786855440182 2513540 22
1786855440316 2540188 22
1786855440461 2568892 23
1786855440596 2595520 22
1786855440743 2629460 22
1786855440946 2670472 21
1786855441135 2711492 22
1786855441280 2742212 22
1786855441480 2785312 22
1786855441673 2826304 23
1786855441819 2854980 22
1786855441956 2883700 23
1786855442102 2913436 23
1786855442306 2958552 23
1786855442499 2997488 22
1786855442699 3039456 23
1786855442891 3081588 24
1786855443096 3124616 23
1786855443303 3169732 22
1786855443496 3211788 24
1786855443644 3244604 24
1786855443840 3283544 23
1786855444045 3330700 24
1786855444239 3371720 25
1786855444446 3416860 24
1786855444653 3464016 26
1786855444850 3507068 25
1786855445055 3556284 25
1786855445195 3649684 25
1786855445460 3725708 24
1786855445695 3780356 26
1786855445920 3818388 25
1786855446261 3890968 26
1786855446593 3965868 26
1786855446925 4038432 26
1786855447256 4113332 28
1786855447557 4172724 26
1786855447815 4222756 25
1786855448078 4283324 26
1786855448282 4334524 26
1786855448631 4408252 26
1786855448964 4481988 27
1786855449240 4527044 27
1786855449441 4592580 28
1786855449786 4666308 29
1786855450083 4719564 27
1786855450289 4776908 28
1786855450614 4846544 26
1786855450951 4920276 28
1786855451292 4996928 27
1786855451651 5069548 29
1786855451988 5147372 28
1786855452325 5221104 27
1786855452652 5292792 28
1786855452990 5368584 27
1786855453331 5442312 29
1786855453662 5516044 29
1786855453966 5583628 29
1786855454306 5663500 28
1786855454636 5733140 29
1786855455012 5810968 31
1786855455309 5874456 30
1786855455651 5958424 29
1786855455980 6023960 30
1786855456355 6104688 29
1786855456654 6179616 30
1786855457000 6253344 30
1786855457299 6327072 31
1786855457643 6401312 31
1786855458011 6475048 31
1786855458324 6547580 30
1786855458694 6622520 31
1786855459015 6696248 31
1786855459315 6769976 31
1786855459628 6843704 31
1786855459986 6917432 33
1786855460275 6991160 30
1786855460635 7064900 37
1786855460931 7138628 32
1786855461235 7212356 32
1786855461587 7286084 32
1786855461889 7359812 33
1786855462203 7433540 32
1786855462673 7542932 32
1786855463156 7654744 32
1786855463714 7765348 34
1786855464166 7875940 33
1786855464653 7986536 33
1786855465094 8095920 33
1786855465545 8207732 34
1786855466018 8318324 34
1786855466471 8428916 34
1786855466927 8539508 35
1786855467371 8650108 33
1786855467858 8760708 35
1786855468304 8871300 34
1786855468835 8982668 36
1786855469291 9093260 35
1786855469736 9203852 35
1786855470229 9313228 35
1786855470719 9425044 36
1786855471203 9535636 36
1786855471688 9646228 37
1786855472184 9756820 36
1786855472663 9867416 36
1786855473123 9976788 37
1786855473606 10088608 37
1786855474128 10199200 37
1786855474589 10309800 37
1786855475053 10420392 37
1786855475507 10530984 39
1786855475973 10641576 37
1786855476457 10752176 39
1786855476924 10862768 39
1786855477452 10973368 40
1786855477881 11083960 37
1786855478486 11231416 38
1786855479078 11378880 39
1786855479752 11526348 41
1786855480348 11673804 41
1786855481002 11821260 42
1786855481599 11968716 43
1786855482242 12116172 40
1786855482885 12263636 42
1786855483483 12411092 42
1786855484129 12558548 41
1786855484729 12706004 40
1786855485424 12854492 44
1786855486139 13001956 42
1786855486840 13149428 44
1786855487481 13296888 44
1786855488171 13444344 44
1786855488787 13591800 44
1786855489412 13739256 44
1786855490015 13886712 45
1786855490632 14034176 46
1786855491281 14181636 45
1786855491939 14329100 44
1786855492582 14476556 45
1786855493204 14624012 45
1786855493814 14771468 44
1786855494582 14954544 45
1786855495320 15111444 49
1786855495973 15287572 48
1786855496791 15457564 47
1786855497438 15617308 47
1786855498246 15803676 49
1786855499004 15987996 47
1786855499773 16172324 50
1786855500532 16356644 48
1786855501319 16540964 50
1786855502157 16725288 50
1786855502993 16909612 49
1786855503760 17093932 50
1786855504583 17278260 50
1786855505348 17462580 52
1786855506128 17646900 49
1786855506904 17831220 52
1786855507735 18016824 52
1786855508552 18201148 51
1786855509342 18384212 52
1786855510115 18569796 54
1786855511085 18790980 53
1786855512004 19012172 54
1786855512961 19233356 53
1786855513926 19454544 56
1786855514891 19674468 56
1786855515801 19896924 57
1786855516697 20099676 56
1786855517504 20302428 55
1786855518439 20523612 56
1786855519491 20744800 58
1786855520465 20965984 58
1786855521417 21187176 58
1786855522352 21408360 59
1786855523351 21629544 58
1786855524321 21850728 60
1786855525278 22071916 59
1786855526294 22293104 58
1786855527407 22551160 61
1786855528516 22809212 62
1786855529657 23067260 60
1786855530770 23325316 62
1786855531941 23583364 62
1786855533072 23841412 62
1786855534217 24099472 63
1786855535285 24357520 64
1786855536457 24617108 65
1786855537534 24875156 63
1786855538669 25133204 64
1786855539754 25391252 63
1786855540875 25645212 67
1786855542041 25907360 67
1786855543374 26194084 67
1786855544574 26460324 65
1786855545855 26755236 67
1786855547165 27050156 66
1786855548411 27343788 68
1786855549726 27639992 70
1786855551011 27934904 72
1786855552349 28229816 69
1786855553672 28524732 71
1786855555006 28819648 72
1786855556291 29114560 69
1786855557493 29409480 74
1786855558809 29704396 75
1786855560285 30036184 75
1786855561724 30367968 73
1786855563108 30699744 72
1786855564622 30994672 74
1786855566020 31326464 78
1786855567526 31658248 75
1786855568983 31990036 75
1786855570500 32319524 77
1786855571917 32655396 76
1786855573318 32987172 76
1786855574656 33318956 79
1786855576252 33687608 79
1786855577913 34056248 80
1786855579487 34420792 81
1786855581127 34756668 83
1786855582662 35125320 80
1786855584306 35457112 83
1786855585887 35825752 83
1786855587522 36194400 82
1786855589175 36563044 83
1786855590853 36911204 83
1786855592503 37300328 83
1786855594195 37658744 85
1786855595908 38037632 89
1786855597623 38443136 87
1786855599469 38776980 87
1786855601270 39180440 89
1786855603125 39585944 88
1786855604869 39991448 88
1786855606707 40396964 92
1786855608546 40802468 90
1786855610477 41244840 92
1786855612408 41689260 90
1786855614237 42094764 93
1786855616127 42537144 94
1786855617980 42979524 94
1786855619822 43413700 97
1786855621854 43762984 98
1786855624666 43763168 94
1786855628008 43763172 97
1786855641579 43763560 98
1786855646963 43788560 99
1786855649879 43789312 97
1786855651932 44092200 101
1786855654042 44546856 98
1786855656036 44968744 100
1786855658147 45423400 98
1786855660176 45817388 103
1786855662316 46290476 103
1786855664424 46716468 102
1786855666538 47181364 105
1786855668715 47660596 103
1786855670804 48139836 105
1786855672978 48612932 107
1786855675182 49098308 107
1786855677369 49577544 107
1786855679629 50093640 106
1786855681867 50572880 107
1786855684133 51088976 109
1786855686435 51605080 113
1786855688714 52121188 113
1786855691037 52637288 115
1786855693388 53153396 115
1786855695777 53706356 112
1786855698103 54222452 114
1786855700429 54738564 118
1786855702829 55291524 119
1786855705258 55807624 121
1786855707798 56397448 122
1786855710258 56950412 123
1786855712837 57540236 122
1786855715350 58093208 126
1786855717932 58683040 126
1786855720510 59272864 127
1786855723143 59862696 123
1786855725696 60452520 127
1786855728269 61042348 125
1786855730795 61632180 130
1786855733494 62222012 133
1786855736177 62848700 131
1786855738831 63438528 133
1786855741552 64065216 134
1786855744382 64691908 133
1786855747182 65318580 132
1786855749954 65945304 138
1786855752858 66608856 138
1786855755668 67235548 140
1786855758489 67862240 140
1786855761409 68488936 139
1786855764256 69152488 138
1786855767047 69779184 143
1786855769928 70405876 149
1786855772949 71069432 143
1786855775971 71732988 144
1786855778940 72359680 144
1786855781922 73033476 144
1786855784881 73686800 157
1786855788076 74387220 151
1786855791108 75013916 157
1786855794371 75751196 151
1786855797536 76451616 152
1786855800598 77115168 158
1786855803913 77815592 161
1786855807184 78516016 158
1786855810488 79216440 159
1786855813752 79916856 156
1786855816982 80619580 159
1786855820241 81320000 159
1786855823480 81995848 159
1786855826735 82716752 166
1786855830112 83421268 167
1786855833491 84121696 171
1786855836975 84895840 167
1786855840360 85633124 167
1786855843827 86356068 167
1786855847192 87070828 167
1786855850551 87752824 176
1786855854207 88545400 174
1786855857791 89288832 176
1786855861340 90056832 174
1786855864830 90794124 173
1786855868303 91531404 176
1786855871940 92305552 175
1786855875504 93042848 182
1786855879165 93853856 184
1786855882937 94667424 184
1786855886674 95478436 184
1786855890452 96289452 186
1786855894277 97100464 184
1786855898017 97911472 184
1786855901717 98685636 193
1786855905625 99496648 193
1786855909534 100307656 192
1786855913398 101110476 194
1786855917370 101952204 193
1786855921277 102777556 195
1786855925234 103625436 193
1786855929166 104454884 202
1786855931543 106470628 219
1786855932696 107877640 220
1786855933744 108965780 228
1786855935014 110170428 232
1786855936032 111317324 228
1786855937222 112464220 232
1786855938450 113612132 233
1786855939756 114758004 234
1786855941198 115941756 237
1786855942455 117122788 237
1786855943851 118755732 241
1786855945340 119955868 246
1786855946741 121278884 245
1786855948075 122786220 246
1786855949654 124148148 250
1786855950987 125626812 254
1786855952472 126944708 250
1786855953891 128485836 257
1786855955554 129811924 258
1786855957137 131459548 258
1786855958810 132786652 258
1786855960420 134229476 264
1786855961752 135582188 265
1786855963120 136978200 265
1786855964573 138470900 272
1786855965953 139918844 280
1786855967416 141424124 272
1786855968792 142886404 276
1786855970255 144385548 280
1786855971644 145868300 279
1786855973120 147394068 284
1786855974532 148887060 292
1786855976044 150455836 291
1786855977465 151961116 289
1786855978963 153502244 293
1786855980522 155185700 297
1786855982163 156902956 305
1786855983738 158590508 306
1786855985400 160274996 311
1786855986506 162093284 317
1786855987109 164153516 319
1786855987937 165817468 333
1786856009266 165965232 327
1786856028883 166281692 327
1786856041697 166582740 328
1786856048850 167837192 342
1786856064468 168318400 333
1786856082432 168609232 347
1786856099420 168823680 338
1786856120930 169285104 337
1786856136163 169332208 339
1786856152217 169562616 316
1786856158575 169745920 338
1786856169709 169793024 345
1786856176748 170007048 346
1786856193537 170429572 343
1786856194637 172345848 350
1786856196018 174174752 354
1786856197313 175966776 362
1786856198717 177825360 360
1786856200021 179626600 374
1786856201448 181531256 369
1786856209222 182894448 341
1786856218284 183248900 340
1786856220731 185100932 386
1786856227222 186979004 375
1786856232378 188859100 357
1786856237435 190794492 391
1786856242747 192744212 397
1786856248811 194677632 401
1786856263355 194742412 402
1786856278272 194915476 400
1786856300592 195028872 400
1786856308703 196191136 372
1786856316216 196935876 401
1786856353954 196956072 390
1786856363423 197567724 397
1786856390301 197760236 394
1786856405219 197890292 395
1786856413702 197953780 395
1786856422905 197994740 411
1786856436847 198126844 406
1786856446144 198298876 407
1786856468865 198363396 398
1786856480423 198469892 406
1786856488864 198535428 402
1786856499575 198598916 406
1786856510077 198642956 407
1786856521775 198706444 408
1786856534719 198878476 397
1786856550247 198965524 407
1786856570676 198986004 396
1786856580251 199051540 407
1786856610008 199072020 406
1786856621106 199137556 399
1786856623658 201202404 410
1786856631945 202909652 423
1786856641663 203900912 403
1786856656404 204044272 403
1786856678433 204079156 402
1786856701807 204128312 407
1786856709962 204484796 407
1786856719098 204572940 408
1786856753011 204920264 410
1786856761836 204968524 392
1786856772976 205000880 394
1786856782075 205100320 409
1786856790356 206682308 418
1786856798754 207582936 424
1786856942627 207662824 413
1786857029717 207677160 421
1786857321761 208512236 424
1786857464687 208516332 420
1786857473224 208594184 422
1786857613279 208643344 427
1786857990333 208661776 426
1786858140333 208693344 430
1786858149010 208762996 429
1786858295744 208783484 410
1786858673689 208801916 419
1786858819929 208806012 430
1786858828753 208881796 428
1786859014639 208914572 428
1786859396670 208933004 430
1786859546339 208937100 408
1786859554555 209000596 421
1786859706716 209045660 412
1786860087534 209049560 416
1786860220438 209100924 416
1786860228917 209176716 421
1786860376167 209209492 419
1786860757035 209227924 426
1786860884748 209232020 420
1786860893287 209318044 442
1786861044871 209340580 419
1786861423475 209359012 415
1786861554906 209365952 417
1786861563321 209432660 427
1786861711267 209474504 419
1786862089663 209492936 411
1786862218164 209497032 416
1786862226649 209576912 417
1786862379240 209613784 422
1786862764682 209632216 418
1786862895063 209636312 414
1786862903533 209718232 429
1786863052731 209744864 414
1786863435937 209763296 418
1786863563103 209767392 416
1786863571568 209837024 417
1786863718384 209863656 439
1786864100473 209894376 436
1786864252103 209898472 439
1786864260947 209982448 427
1786864435220 211514816 432
1786864444788 211787200 438
1786864448195 214368312 435
1786864461294 216125748 447
1786864467754 218334692 449
1786864474146 220528132 458
1786864487796 221502996 449
1786864495739 223833884 467
1786864502668 226200388 472
1786864515412 226910028 469
1786864522524 229312844 476
1786864528902 231613592 487
1786864536415 234025196 485
1786864541937 236454584 468
1786864549252 238850920 501
1786864557380 241259968 502
1786864573866 243347036 506
1786864591214 243371612 496
1786864601182 245459104 508
1786864611423 247600048 514
1786864621909 249023824 519
1786864632406 250931592 525
1786864642996 251764216 531
1786864653690 253387848 544
1786864665240 253758548 532
1786864727872 253984764 511
1786864745267 254044664 519
1786864757591 254386564 524
1786864774893 254399556 515
1786864808586 254512888 548
1786864832085 254748912 542
1786864962212 254752504 547
1786864977971 254783728 542
1786865115686 254930680 541
1786865255315 254949616 543
1786865270783 255154952 544
1786865288911 255233280 542
1786865403913 255505664 517
1786865424288 255745288 514
1786865443086 255816968 513
1786865552126 255945992 515
1786865566937 256230664 514
1786865586975 256412432 517
1786865603845 256513264 525
1786865705913 256857328 516
1786865722467 257096944 511
1786865742151 257172216 513
1786865759437 257271024 513
1786865862199 257723632 529
1786865879259 257940728 549
1786865896430 258016000 518
1786865907001 258262436 527
1786865917814 258475252 513
1786866026424 258891008 524
1786866050554 258962184 526
1786866063292 258981120 528
1786866074172 259153152 528
1786866179439 259497216 544
1786866195942 259736840 544
1786866208462 259884300 530
1786866224752 259902728 547
1786866236222 260103432 545
1786866333876 260162824 544
1786866349990 260467976 542
1786866361296 260829968 546
1786866386233 260863240 542
1786866480709 260920584 546
1786866498019 261091584 551
1786866509444 261325080 547
1786866521132 261365536 546
1786866532193 261613852 537
1786866543506 262146328 550
1786866637819 262168856 550
1786866656432 262363428 549
1786866678260 262401836 548
1786866690634 262615332 549
1786866791378 263067940 550
1786866825317 263071532 550
1786866837860 263282956 552
1786866934444 263829804 528
1786866975548 264036148 533
1786866988720 264317228 528
1786867091581 264935724 530
1786867104367 265083188 528
1786867132054 265086780 564
1786867145024 265388340 553
1786867243568 265881908 532
1786867261518 266223924 530
1786867288100 266299196 531
1786867298848 266449176 531
1786867309775 266735896 530
1786867400473 266758424 535
1786867415520 267108632 531
1786867446339 267220768 533
1786867457473 267278616 530
1786867556413 267526424 531
1786867571089 267878688 529
1786867604354 268117792 538
1786867619222 268286232 537
1786867715602 268917016 538
1786867732089 269336856 560
1786867764249 269518620 539
1786867777079 269586712 539
1786867870614 269789464 554
1786867885412 269949220 553
1786867918166 270309164 555
1786868024565 270350628 559
1786868039466 270475556 553
1786868069469 270694184 555
1786868084868 270840100 554
1786868184837 271098148 534
1786868200303 271419684 535
1786868229453 271673132 536
1786868248835 271706404 533
1786868323038 271728932 554
1786868343751 271796516 553
1786868356748 272300332 554
1786868384466 272730412 553
1786868501610 272859436 557
1786868516698 273201452 557
1786868553870 273743668 556
1786868619520 273785132 558
1786868663413 273942836 558
1786868675528 274293044 560
1786868717636 275122000 568
1786868780450 275124552 551
1786868819364 275163464 575
1786868835108 275505480 573
1786868875358 276045648 559
1786868975003 276083016 560
1786868990326 276506964 563
1786869034880 276868956 566
1786869132381 276928852 563
1786869146772 277215572 565
1786869192871 277757788 565
1786869246276 277776724 563
1786869293554 277844308 570
1786869305837 278059320 570
1786869353086 278552384 567
1786869389726 278571356 569
1786869456903 278683996 566
1786869468569 278778204 569
1786869480840 279087452 568
1786869514222 279306084 567
1786869614289 279325020 557
1786869628304 279812444 567
1786869641074 280492380 567
1786869674634 280532836 570
1786869767504 280551772 568
1786869780332 280744292 572
1786869834160 280999788 572
1786869869559 281018724 570
1786869885416 281248100 560
1786869924897 281485668 565
1786869936525 281545060 571
1786869949332 281727332 569
1786869989918 281964900 557
1786870023797 282005860 570
1786870038321 282227044 570
1786870091672 282463608 579
1786870104052 282967416 574
1786870146833 283149184 577
1786870207371 283272568 572
1786870239832 283438420 578
1786870256580 283687300 578
1786870302445 284299148 568
1786870397573 284430724 578
1786870413082 284940676 574
1786870456856 285446028 579
1786870556441 285464964 576
1786870569308 285837708 578
1786870612215 286271380 576
1786870628286 286290316 577
1786870713098 286658956 578
1786870728479 286908812 573
1786870767792 287137684 578
1786870787971 287216012 577
1786870867762 287453580 581
1786870885040 287601036 576
1786870924612 287891348 581
1786870941789 288000396 578
1786871022686 288260492 586
1786871043441 288467340 579
1786871080178 288651156 581
1786871100073 288849244 579
1786871179972 289204628 583
1786871226533 289329556 565
1786871240931 289536408 581
1786871252959 289855892 578
1786871334555 289878420 578
1786871348369 290048364 568
1786871368468 290155944 586
1786871382391 290299304 574
1786871394239 290446764 598
1786871407244 290604456 587
1786871419476 290735528 574
1786871492208 290758056 579
1786871509067 290936232 576
1786871528056 291093928 581
1786871539737 291175848 575
1786871551302 291322800 588
1786871568305 291515816 585
1786871582945 291632552 575
1786871650974 291763624 588
1786871668742 291876264 588
1786871683275 292027816 587
1786871707515 292144564 588
1786871720928 292283828 590
1786871733220 292543924 592
1786871810644 292660660 592
1786871830333 292855220 589
1786871865684 293036988 584
1786871958624 293326260 580
1786872006812 293442492 587
1786872100057 293457204 585
1786872104823 296983668 607
1786872106362 300010652 609
1786872108005 303606972 618
1786872109812 307155156 600
1786872121493 310347828 632
1786872125248 313706620 638
1786872129055 317085860 643
1786872132743 320485572 650
1786872136598 323844324 651
1786872195780 324126948 658
1786872216854 324241636 659
1786872256085 324290788 646
1786872274961 324313316 665
1786872290214 325236168 671
1786879599223 325910708 625
1786879611925 326002876 651
1786879625206 326176972 645
1786879638138 326340820 645
1786879651288 326473948 648
1786879664728 326627556 647
1786879678060 326791404 645
1786879691999 326955252 650
1786879705614 327119100 648
1786879720478 327293188 649
1786879734197 327457036 646
1786879747297 327620884 632
1786879760694 327784732 648
1786879773904 327947196 632
1786879787359 328112420 650
1786879801466 328276268 650
1786879814761 328438724 652
1786879828030 328593716 652
1786879841487 328747324 631
1786879854163 328900924 653
1786879867411 329054532 650
1786879880593 329218372 652
1786879893815 329371980 654
1786879906950 329505100 630
1786879919757 329654604 633
1786879932900 329812308 631
1786879945915 329965908 664
1786879959588 330119516 667
1786879973907 330293596 654
1786879987352 330455396 653
1786880000639 330611044 656
1786880014090 330764644 653
1786880028103 330938732 654
1786880042492 331112812 632
1786880055624 331276660 643
1786880068944 331440500 634
1786880082688 331594100 635
1786880096185 331757948 635
1786880109404 331921788 636
1786880122467 332075388 639
1786880136019 332239236 636
1786880149319 332403076 636
1786880163021 332566916 634
1786880176389 332730764 660
1786880191329 332904844 657
1786880204951 333068684 659
1786880218216 333232532 658
1786880231847 333396372 658
1786880247108 333560212 636
1786880260383 333724052 638
1786880275388 333898140 643
1786880289025 334061980 640
1786880302278 334225820 641
1786880315531 334379420 665
1786880329463 334543268 642
1786880343878 334707108 639
1786880357103 334870948 640
1786880370561 335034796 650
1786880385066 335198636 645
1786880399721 335362476 644
1786880413372 335526316 667
1786880428399 335698948 644
1786880442736 335864244 643
1786880456448 336028084 642
1786880469622 336191924 641
1786880483016 336355764 643
1786880496767 336509372 644
1786880510376 336673212 653
1786880523780 336837052 650
1786880537640 337000892 644
1786880552180 337173516 645
1786880565758 337338820 652
1786880579230 337502660 644
1786880592700 337666500 650
1786880605841 337840580 643
1786880618881 337994188 648
1786880632339 338137548 667
1786880645732 338311628 648
1786880659001 338465228 647
1786880672107 338629068 651
1786880685690 338803148 652
1786880699023 338966996 650
1786880712370 339110356 649
1786880725535 339274196 649
1786880738581 339427796 651
1786880751786 339591636 648
1786880765642 339755484 649
1786880778695 339909084 649
1786880791759 340072924 649
1786880804774 340226524 660
1786880818505 340390364 674
1786880833228 340564444 654
1786880846410 340728292 652
1786880859674 340881892 670
1786880874314 341055972 652
1786880888719 341219812 652
1786880902420 341393892 657
1786880917336 341567972 653
1786880930499 341731820 655
1786880943721 341895660 655
1786880957318 342059500 654
1786880970592 342223340 664
1786880984534 342397420 658
1786880997834 342561260 651
1786881011105 342714868 656
1786881024322 342878708 656
1786881038120 343032308 657
1786881051848 343185908 653
1786881065312 343349748 655
1786881079301 343513588 657
1786881093153 343677428 656
1786881107095 343841276 659
1786881120611 344015356 665
1786881133941 344168956 660
1786881147575 344343036 657
1786881160760 344506876 656
1786881173902 344660476 659
1786881187781 344814076 662
1786881201497 344955948 658
1786881214913 345111044 663
1786881228269 345274884 658
1786881242374 345438724 656
1786881256663 345612804 657
1786881269924 345776644 657
1786881283611 345940484 657
1786881296874 346104324 660
1786881310369 346268172 660
1786881325567 346442252 661
1786881339628 346606092 663
1786881353662 346780172 662
1786881366944 346944012 663
1786881380767 347107852 660
1786881394456 347302412 662
1786881408095 347474996 661
1786881421638 347640340 663
1786881434945 347804180 665
1786881448829 347978260 661
1786881462113 348142100 666
1786881475642 348295700 663
1786881491129 348459540 664
1786881505061 348623380 662
1786881519256 348807700 665
1786881534761 348981788 669
1786881548631 349145628 666
1786881561996 349309468 662
1786881576651 349493788 669
1786881590302 349657628 667
1786881604306 349831708 665
1786881618416 350016028 670
1786881631868 350179868 667
1786881645426 350333476 674
1786881659921 350497316 671
1786881673404 350671396 667
1786881687620 350835236 668
1786881702116 351009316 668
1786881715828 351173156 669
1786881729838 351336996 670
1786881744188 351500836 666
1786881757624 351664676 670
1786881771874 351838764 674
1786881785374 351992364 671
1786881799177 352166444 670
1786881812701 352330284 672
1786881826153 352483884 676
1786881840016 352631340 671
1786881854410 352811564 671
1786881868063 352975404 670
1786881882397 353149484 673
1786881896336 353313324 671
1786881910210 353487412 679
1786881923978 353641012 673
1786881938050 353804852 674
1786881951898 353968692 673
1786881965464 354122292 676
1786881979605 354296372 672
1786881993292 354449972 674
1786882007802 354613812 673
1786882021431 354787892 675
1786882035120 354961972 674
1786882048725 355115580 678
1786882062433 355279420 680
1786882076127 355443260 678
1786882090641 355617340 686
1786882105041 355791420 676
1786882119953 355965500 678
1786882133710 356129340 675
1786882147291 356282940 685
1786882161607 356446780 677
1786882175701 356620860 677
1786882191492 356805188 680
1786882205293 356897348 693
1786882220297 356989508 694
1786882267107 357112604 685
1786882317402 358906436 697
1786882354882 358910532 693
1786882368937 359083676 695
1786882383152 359249564 698
1786882397378 359421600 691
1786882411564 359579300 693
1786882425475 359741092 698
1786882439486 359896744 695
1786882453821 360070828 695
1786882467972 360230572 693
1786882482187 360386224 699
1786882496319 360562352 694
1786882510536 360718004 694
1786882524438 360885940 694
1786882538397 361039544 694
1786882552406 361203384 696
1786882566577 361377472 726
1786882581361 361541312 702
1786882595764 361707200 698
1786882609791 361879232 698
1786882623915 362034884 703
1786882638225 362202820 698
1786882652286 362362568 702
1786882666492 362530504 706
1786882680632 362700492 706
1786882694974 362866380 699
1786882709097 363030220 698
1786882723411 363206352 703
1786882737507 363364048 700
1786882751776 363517652 710
1786882778280 363607752 694
1786882794049 363638472 695
1786882809042 363669192 695
1786882826384 363706056 698
1786882842905 363738824 698
1786882859154 363769544 730
1786882875871 363804360 730
1786882892559 363833032 725
1786882909910 363869896 730
1786882926334 363902664 733
1786882941808 363931344 724
1786882958857 363964112 728
1786882975659 363998928 725
1786882992572 364037840 728
1786883007841 364064464 709
1786883022847 364095184 728
1786883037426 364123856 731
1786883054038 364152528 727
1786883069358 364185296 734
1786883087387 364218064 723
1786883102392 364250832 728
1786883119178 364281552 737
1786883134310 364312272 732
1786883149343 364338896 723
1786883164498 364365520 725
1786883179322 364396248 726
1786883195707 364426968 728
1786883211068 364459736 731
1786883226544 364486360 729
1786883242758 364517080 728
1786883258320 364549848 731
1786883276793 364580568 730
1786883293039 364613336 729
1786883308672 364644056 726
1786883326846 364676824 726
1786883341796 364707544 731
1786883359560 364742360 728
1786883376308 364773080 730
1786883393430 364803800 733
1786883408837 364838616 727
1786883427428 364873432 705
1786883443641 364904160 726
1786883458622 364936928 728
1786883473423 364965600 731
1786883489498 364996320 725
1786883504133 365022944 730
1786883519501 365051616 729
1786883539596 365086432 732
1786883556570 365121248 730
1786883644520 365208804 705
1786883665899 365355192 700
1786883705751 366069856 737
1786883726014 366506748 725
1786883740573 366930756 730
1786885603764 366933292 733
1786886059331 366934816 731
1786890973033 367232280 725
1786890975028 371555512 735
1786890977171 375727312 740
1786890979193 379973916 755
1786891078179 383611120 760
1786891132015 383760196 761
1786891147346 383798604 772
1786898065392 384259908 759
1786898090709 384331588 745
1786898116524 384335180 746
1786898527340 384345924 741
1786899639455 384416308 744
1786905178688 384487988 756
1786906632500 384512564 766
1786906648033 384610364 763
1786906694820 384698932 765
1786906715617 384766516 768
1786906800979 384770108 770
1786914036452 384792860 761
1786920903490 384868636 778
1786920920828 385015588 772
1786923616746 385067304 744
1786924879046 385108252 775
1786924960677 385111844 773
1786932130744 385122084 769
1786932148790 385205008 732
1786932177443 385233680 757
1786932198893 385346328 760
1786932214421 385350428 746
