# timestamp_ms rss_kb
1786986294270 27820
1786986294347 30248
1786986294417 42360
1786986294493 61112
1786986294566 92520
1786986294642 98032
1786986294719 106776
1786986294801 112936
1786986294880 118076
1786986294962 123048
1786986295044 127128
1786986295203 131236
1786986295287 138904
1786986295479 142548
1786986295692 146376
1786986295853 153116
1786986295942 161252
1786986296038 167472
1786986296136 236656
1786986296241 279500
1786986296641 291500
1786986296925 299200
1786986297044 310512
1786986297165 322052
1786986297288 330668
1786986297522 343120
1786986297836 351104
1786986298122 359708
1786986298523 367268
1786986298902 374736
1786986299392 471308
1786986300319 483188
1786986301329 494424
1786986301919 504968
1786986302774 518056
1786986302916 532340
1786986303565 543984
1786986304089 557224
1786986304676 570820
1786986305495 582660
1786986305994 607980
1786986306145 624984
1786986306309 738376
1786986306475 813716
1786986306645 928872
1786986306813 992856
1786986308146 1027584
1786986308313 1074688
1786986308481 1123840
1786986308649 1168896
1786986308816 1213952
1786986308986 1261056
1786986309153 1310208
1786986309320 1357312
1786986309487 1404416
1786986309654 1539260
1786986309821 1797000
1786986311255 1871824
1786986311449 2338176
1786986311717 2355084 (true peak, below trigger threshold; snapshot is in peaks/peak.smaps)
