# timestamp_ms rss_kb
1790194940673 61876
1790194940798 106536
1790194940894 150388
1790194940993 193012
1790194941086 218204
1790194941186 238360
1790194941291 269864
1790194941462 288376
1790194941601 316756
1790194941737 341200
1790194941870 361748
1790194942008 390224
1790194942152 420240
1790194942281 442652
1790194942419 462632
1790194942571 487952
1790194942709 515320
1790194942846 542976
1790194942989 571024
1790194943144 599592
1790194943291 622264
1790194943428 643936
1790194943582 671764
1790194943735 699552
1790194943884 726056
1790194944027 749272
1790194944180 775972
1790194944333 804612
1790194944487 832004
1790194944654 860180
1790194944808 887292
1790194944972 914180
1790194945276 975520
1790194945425 1020840
1790194945576 1074280
1790194945726 1130056
1790194945885 1179464
1790194946052 1241044
1790194946202 1294492
1790194946357 1341904
1790194946545 1395752
1790194946707 1446188
1790194946885 1511108
1790194947058 1567044
1790194947231 1618016
1790194947396 1686632
1790194947578 1756812
1790194947741 1818736
1790194947916 1874228
1790194948078 1931932
1790194948241 1983320
1790194948403 2045108
1790194948579 2115028
1790194948745 2163260
1790194948929 2232164
1790194949125 2309756
1790194949314 2376628
1790194949505 2445460
1790194949699 2519636
1790194949890 2593668
1790194950074 2666460
1790194950268 2742852
1790194950460 2814720
1790194950652 2880500
1790194950851 2946368
1790194951078 3024508
1790194951264 3099532
1790194951454 3165044
1790194951647 3245416
1790194951845 3324664
1790194952054 3400640
1790194952254 3477544
1790194952452 3550784
1790194952665 3631028
1790194953047 3733460
1790194953336 3831640
1790194953909 3938392
1790194954491 4049012
1790194955186 4159648
1790194955808 4270268
1790194956428 4368992
1790194956974 4457108
1790194957412 4565276
1790194958085 4675900
1790194958617 4786516
1790194959258 4896152
1790194959846 5007740
1790194960468 5118352
1790194961111 5230808
1790194961843 5341436
1790194962393 5452044
1790194963066 5562664
1790194963859 5710152
1790194964641 5857648
1790194965426 5975004
1790194966054 6115776
1790194966963 6263280
1790194967820 6410756
1790194968766 6558800
1790194969637 6706316
1790194970463 6853800
1790194971442 7001288
1790194972310 7148776
1790194973282 7296264
1790194974171 7443744
1790194975294 7628108
1790194976394 7812480
1790194977555 7996880
1790194978643 8181256
1790194979544 8365612
1790194980682 8549960
1790194981873 8734332
1790194982712 8918696
1790194983901 9103844
1790194984973 9287168
1790194986326 9509444
1790194987651 9730680
1790194988817 9951928
1790194990086 10173148
1790194991309 10381088
1790194992684 10615628
1790194994002 10836880
1790194995377 11058144
1790194996421 11279384
1790194997986 11537472
1790194999462 11795600
1790195000909 12036492
1790195002194 12311788
1790195003668 12569912
1790195005113 12828056
1790195006593 13087256
1790195008387 13382268
1790195010056 13714108
1790195011680 14009072
1790195013506 14304084
1790195015247 14599092
1790195017148 14894056
1790195019095 15225900
1790195020897 15557772
1790195022811 15889640
1790195024680 16221464
1790195026596 16553320
1790195028577 16885172
1790195030745 17253900
1790195033121 17622648
1790195035342 17991364
1790195037407 18361376
1790195039366 18730096
1790195041680 19135744
1790195044122 19541324
1790195046559 19946912
1790195048936 20352536
1790195051664 20795012
1790195054410 21237460
1790195057177 21679908
1790195129883 22121684
1790195132990 22592296
1790195135811 23071592
1790195138894 23550900
1790195141525 24030192
1790195144587 24546372
1790195147981 25062548
1790195151276 25578720
1790195154642 26094884
1790195158259 26647944
1790195161789 27200984
1790195165453 27754036
1790195169179 28343952
1790195173144 28924324
1790195176986 29523780
1790195181137 30129116
1790195185144 30740732
1790195189391 31367520
1790195193780 32031168
1790195197992 32695068
1790195202277 33358724
1790195207141 34059256
1790195211572 34759764
1790195215927 35460268
1790195220859 36197636
1790195277568 36937816
1790195282482 37712044
1790195287596 38486536
1790195292664 39261028
1790195297847 40072132
1790195303324 40883492
1790195395435 41781580
1790195396456 42712928
1790195398474 44195216
1790195400314 45153236
1790195400810 46158784
1790195402134 47148516
1790195403969 48280732
1790195404940 49269192
1790195407136 50594572
1790195410711 51631484
1790195446453 52751884
1790195449271 53923248
1790195451997 55031368
1790195970683 56138068
1790196321706 57381684
1790196325326 58598380
1790196328266 59925676
1790196356312 61247596
1790196360224 62622668
1790196364485 63921052
1790196369068 65351064
1790196429885 66664548
1790197588439 68043128
1790207191856 69442464
1790242083373 71310092
1790247400166 72760916
