# timestamp_ms rss_kb
1790709780869 5836
1790709781837 19592
1790709781871 22140
1790709781903 25932
1790709781933 55160
1790709781965 58300
1790709782020 78372
1790709782051 95404
1790709782108 100304
1790709782139 131160
1790709782172 136704
1790709782227 155696
1790709782260 176208
1790709782316 186448
1790709782346 213132
1790709782424 229548
1790709782456 253628
1790709782534 272612
1790709782569 295172
1790709782648 317768
1790709782682 332104
1790709782739 344424
1790709782770 371628
1790709782851 390220
1790709782884 413652
1790709782964 440832
1790709782997 453152
1790709783055 469044
1790709783088 494176
1790709783172 512640
1790709783206 533368
1790709783286 559840
1790709783319 574176
1790709783376 588012
1790709783408 615228
1790709783491 641352
1790709783574 656244
1790709783608 686404
1790709783688 701024
1790709783896 718456
1790709785276 744508
1790709785640 768992
1790709785749 788152
1790709785860 812052
1790709785971 839924
1790709786082 865124
1790709789648 888688
1790709789768 910008
1790709789887 932656
1790709821410 951392
1790709858975 960568 (true peak, below trigger threshold; snapshot is in peaks/peak.smaps)
