# timestamp_ms rss_kb
1785659569871 531640
1785659569985 611476
1785659570520 626404
1785659570718 652788
1785659571247 680680
1785659571817 712888
1785659572412 737080
1785659572750 754028
1785659573172 779900
1785659573671 801296
1785659574136 826012
1785659574354 845844
1785659574826 876480
1785659575301 904844
1785659575794 926868
1785659576281 946260
1785659576558 969496
1785659577122 990392
1785659578328 1010444
1785659578426 1032244
1785659578561 1057112
1785659578697 1177412
1785659579063 1232144
1785659579203 1269008
1785659579339 1324196
1785659579683 1351956
1785659580254 2086908
1785659580546 2241864
1785659586854 2569944
1785659587005 2929172
1785659596255 3014784
1785659597735 3090968
1785659599661 3164884
1785659601332 3238660
1785659603232 3312528
1785659605353 3388068
1785659607163 3463144
1785659608364 3500936 (true peak, below trigger threshold; snapshot is in peaks/peak.smaps)
