1785802679424 252776 19
1785802679524 256236 22
1785802679840 260544 19
1785802680169 265316 20
1785802680429 279364 19
1785802680737 284144 20
1785802680924 289492 20
1785802681015 304192 23
1785802681130 412000 23
1785802681249 481144 26
1785802681373 515876 26
1785802681497 552404 23
1785802681619 587584 24
1785802681742 602624 24
1785802681862 623504 25
1785802681995 641832 25
1785802682117 655304 25
1785802682244 674900 25
1785802682375 694056 26
1785802682504 708344 25
1785802682632 725760 25
1785802682758 742868 26
1785802682886 750804 24
1785802682995 758420 25
1785802683131 777168 25
1785802683259 794024 28
1785802683410 854208 28
1785802683555 908504 30
1785802683699 946816 26
1785802683842 989748 29
1785802683990 1014056 29
1785802684137 1044872 27
1785802684288 1077972 28
1785802684436 1091300 29
1785802684560 1118284 29
1785802684882 1132940 28
1785802685069 1145560 28
1785802685196 1172520 28
1785802685586 1185240 27
1785802688883 1212392 29
1785802689014 1517584 28
1785802689146 1635392 28
1785802689279 1696256 27
1785802689404 1878528 28
1785802689529 2058752 27
1785802690149 2060232 28
1785802696640 2061056 32
1785802696841 2102016 32
1785802696975 2130688 33
1785802697198 2179840 31
1785802697396 2279084 31
