# timestamp_ms rss_kb
1785803263380 213296
1785803274164 266052
1785803274231 335512
1785803274302 421280
1785803274370 494688
1785803274441 568632
1785803274516 637592
1785803274589 652832
1785803274663 699532
1785803274737 754076
1785803274814 839120
1785803274888 929828
1785803274964 1146916
1785803275230 1237112
1785803275517 1307224
1785803275600 1431832
1785803275681 1609464
1785803275810 2098608
1785803275892 2347832
1785803275975 2560836
1785803276059 2645556
1785803276142 2737068
1785803276313 2839352
1785803276455 3021756
1785803276538 3107124
1785803276712 3205628
1785803276794 3274948
1785803276876 3461444
1785803279744 3614536
1785803279828 3698512
1785803280012 3788648
1785803280324 3948448
1785803280410 4059052
1785803280893 4327452
1785803281080 4427796
1785803281457 4599892
1785803281648 4708456
1785803281739 4804720
1785803282100 4999328
1785803282292 5163960
1785803282614 5275876
1785803282812 5392656
1785803283199 5611860
1785803283396 5747052
1785803283783 5902740
1785803283977 6035908
1785803319605 6219400
1785803319704 6377112
1785803319882 6509892
1785803320058 6846792
1785803320172 7015452
1785803320285 7189528
1785803320492 7318264 (true peak, below trigger threshold; snapshot is in peaks/peak.smaps)
