# timestamp_ms rss_kb
1785826218392 209556
1785826220220 223652
1785826276311 235752
1785826276415 242288
1785826276690 256784
1785826276788 285396
1785826276889 301172
1785826277107 332972
1785826277213 386876
1785826277315 416628
1785826277425 439484
1785826277536 458444
1785826277650 485700
1785826277765 522484
1785826277876 532952
1785826277985 547408
1785826278097 564372
1785826278211 594456
1785826278325 607896
1785826278436 646604
1785826278549 667928
1785826278664 687648
1785826278779 738448
1785826278897 774860
1785826279014 796244
1785826279132 816724
1785826279322 885208
1785826279441 1014232
1785826279719 1045072
1785826281163 1076040
1785826281488 1118036
1785826281829 1155240
1785826282103 1200876
1785826282499 1229156
1785826283174 1279428
1785826283294 1314304
1785826283694 1350056
1785826283923 1379308
1785826284043 1411020
1785826284269 1458428
1785826284542 1493468
1785826285101 1559928
1785826285722 1602928
1785826286043 1656060
1785826286427 1714012
1785826287048 1762884
1785826287235 1812228
1785826287805 1874612
1785826288137 1923772
1785826288852 1997856
1785826289440 2041572
1785826289825 2095312
1785826290214 2149012
1785826290799 2197360
1785826291354 2276104
1785826291489 2360064
1785826291625 2491140
1785826291760 2595264
1785826292007 2703176
1785826292145 2912072
1785826292786 2995680
1785826293037 3060196
1785826293143 3163632
1785826293392 3255808
1785826293609 3347976
1785826293860 3438088
1785826294119 3583512
1785826294380 3704360
1785826294641 3805080
1785826294781 3898936
1785826320868 3977244
1785826323029 4064664
1785826323996 4157636
1785826325648 4243784
1785826328883 4337312
1785826329496 4430092
1785826331582 4522536
1785826341386 4625568
1785826377337 4723568
1785826429154 4800124 (true peak, below trigger threshold; snapshot is in peaks/peak.smaps)
