0
0
1
2
3
4
5
6
7
8
10
12
14
16
19
22
26
30
36
42
48
59
73
91
114
141
177
219
275
307
384
429
543
680
773
794
776
830
1004
1390
1822
2393
3074
3588
3200
3763
4315
4752
5744
7232
8760
10632
12797
15392
16809
17383
18625
19746
20543
23097
25300
27773
30371
32860
37760
40224
42918
45579
47385
50538
53549
56364
58943
62394
65905
64877
64839
64964
68646
81508
88740
101792
102859
83300
84542
77875
81489
63730
75269
88614
100299
80708
81951
76116
79013
65958
70012
82465
97347
97911
78251
79083
76461
76284
68054
80276
90854
95333
77115
77118
73899
73623
64064
74783
87871
92773
73479
73810
71240
71066
57010
66922
79145
90059
71140
71975
68781
68505
53907
62548
73375
86395
87652
67919
70037
66221
66443
47544
59514
69712
82065
85092
66726
66741
62967
63585
48828
54146
63256
74061
82378
63567
64897
59717
60999
59524
50528
58692
68585
79820
60311
61040
55366
58471
58384
42129
52821
60209
69763
77272
56590
59531
59060
56002
56203
41726
44645
51046
58914
68521
74852
54503
55859
56543
53418
53054
39563
40913
48954
48940
48022
51966
49431
50854
48829
50356
50404
51933
49953
51606
55092
52180
55817
53058
53271
53793
53294
54475
57670
55357
54216
55902
55115
57304
56734
57774
57011
60159
57615
62125
60313
62277
60718
60879
62654
60002
61859
62717
66206
63710
62445
64117
64665
64158
66664
64952
67752
67118
66781
67709
69694
69059
72910
71166
68688
74302
72078
70847
72144
73550
72710
73985
75486
73853
78925
78895
77205
77019
79063
78427
79456
79001
79449
81375
80546
80483
81717
82414
46482
46426
46486
46524
46551
51116
54505
58081
45921
56959
42586
42635
42669
42711
33699
36772
45196
48341
52471
56279
46925
23068
28156
34446
37359
37419
36659
37118
37539
37265
38242
39403
36794
38579
41663
40142
42706
39186
40653
42655
41082
44155
40562
42559
44802
42345
42153
41846
43143
42519
43991
43670
43919
44829
44027
45773
47458
47045
46010
45195
49312
46894
48095
47809
48966
47671
49336
51312
49615
50077
49677
54102
49833
54884
50441
55695
51466
55602
52806
53265
54050
54661
54456
56766
55507
59119
57341
56646
57332
56573
59723
56584
58141
59190
60598
59790
60370
60465
60222
64422
62150
64464
63320
62453
66429
64859
67578
64934
65538
65870
66627
66772
70082
67731
67411
70250
69878
69513
71743
71529
70254
40966
43620
46526
49427
52769
56379
59850
63856
68086
72491
77188
77901
85186
87229
86785
86271
85686
85092
84189
84152
86339
86559
86121
86131
86039
85551
84847
86052
86573
86270
85648
86006
86462
86415
86505
87876
87815
87728
87830
87910
87724
87506
87209
86774
86310
86808
87368
88197
88757
89105
89209
89344
89496
89622
89546
89661
89748
89747
89925
89423
89567
89440
89577
89756
89744
89861
89888
89831
89762
89918
89925
89798
89790
89864
89628
89648
89804
88948
90044
37998
43601
52365
53621
52496
53777
54315
55011
54962
56962
54657
54646
54877
56015
56679
56208
59540
56411
57828
58369
60388
59590
58591
61102
58694
60305
61193
61446
62011
61635
63127
63819
63599
64472
63280
65657
66020
65815
66473
67297
67562
67726
68344
68658
69197
69820
70433
70761
71551
70681
72812
72558
72343
73412
75009
74342
75231
75851
76019
76206
77119
77304
78273
78255
79089
79702
80308
80834
81088
82395
83125
83303
83913
83283
84686
85404
51392
62853
42669
48157
52876
57283
48566
49908
32195
37963
40668
37726
38586
40054
38430
39558
39768
38012
40183
40402
40765
41277
39848
41508
41940
41885
42202
41697
43077
42343
43766
43767
43130
44680
44689
45301
45249
45675
45971
46036
46932
46001
47319
47268
48424
47293
48390
49164
48868
49474
50029
50523
50810
50883
51551
51674
51980
52465
52515
53400
53601
54268
54218
54661
54861
55416
55130
55741
56279
56571
57165
57641
58353
59568
59848
59554
59611
58987
60953
60576
61717
61615
61596
62418
63741
63713
64234
64309
64831
65411
66535
66008
66261
66908
67524
68597
69116
68344
70298
70411
69620
70220
67810
63303
34845
34911
34899
34963
34980
35792
44728
38162
40625
43352
46122
48098
51211
54497
54700
60598
64655
68843
64886
64942
65415
77237
91216
102859
84589
84254
81581
64756
72999
86233
98313
100453
82224
81828
79016
63700
71613
84090
95248
97893
78271
78986
76456
59702
66800
78846
89778
95333
76909
76342
73899
73544
62280
72735
85736
92773
74002
74683
71377
71191
58836
68854
81238
90213
71300
72127
68780
68530
54161
63204
74401
87499
68991
69931
66096
66234
53217
59083
68625
80568
85092
66723
66615
63315
63653
49802
55101
63402
74112
82378
63201
64202
59481
61095
60664
50513
58114
67558
79132
79710
60923
62303
57201
58444
58942
47268
54543
63320
73898
77412
57520
59489
59753
55878
55847
39242
48829
56531
65536
74768
54324
55717
57045
53418
53179
39659
39677
47810
50056
47856
49818
50286
50457
50024
50253
50000
50050
54714
50216
55140
50413
55218
51540
55855
52457
57111
53317
54364
54736
55310
56674
57670
57917
60354
56971
58382
59753
57541
58697
60155
62154
60508
60974
63039
60792
62787
62697
62013
64462
62518
64902
65433
65372
68525
67491
65578
67721
66418
69567
69502
69310
69886
69903
70110
71134
71550
72241
73755
72988
72768
77406
77323
75193
74910
76703
76804
76477
81072
80478
79425
77578
79614
80487
80580
79709
85094
83572
81891
46516
46511
46522
46341
52264
55743
59519
50350
42556
42644
42642
42694
42710
33959
42065
47034
51390
55407
46640
47305
31119
36508
39205
35869
38303
39985
37181
38343
41637
36845
39149
39277
37799
39118
42697
40680
43187
38790
41364
41882
40547
42787
40681
42866
42105
42565
42583
46413
44973
43568
44415
44628
43648
45293
46854
46305
45689
44877
47790
47438
48509
46492
48607
50937
49542
50435
50643
50052
49942
50064
49180
53997
50467
54829
50733
55843
51460
56748
52631
57748
54374
54828
55971
56793
57126
59666
57335
56533
57401
56408
59535
59255
62854
61134
63056
61718
59477
63160
60305
62086
62964
66486
63962
62614
64393
66242
64458
66928
65399
67858
68402
65945
71223
68465
67529
70959
70352
73643
73246
38477
41205
43377
46090
48818
51661
54827
58349
62217
66112
70382
74863
79441
87448
87148
86697
86110
85409
84489
83322
85775
86939
86953
86732
86346
85974
85622
84856
85674
86631
86915
86689
86389
86650
86797
86582
86333
85965
86838
86780
87952
87880
87702
87499
87254
87436
87732
87464
87470
87839
87847
87787
88173
88436
88398
88632
88598
88602
88911
88950
88978
89031
89093
89195
89292
89406
89560
89515
89678
89797
90046
90238
90332
90547
90642
90823
90495
90425
87932
89020
90236
38023
45758
52242
50823
53549
55698
53213
51959
53917
52839
55460
53687
55821
54972
56399
55646
57726
57051
57694
57047
60591
57523
58817
60686
62518
61244
59108
62815
60065
61733
62859
65448
63315
62758
63449
64352
67882
65705
63929
66608
67540
65278
70648
68320
67230
70479
69895
70846
71518
70856
74077
73473
72231
72328
76184
74670
73594
76318
75974
76782
76346
76399
78143
77086
77539
78203
79738
79189
79280
80670
80854
82028
82541
83612
84483
85279
83455
84046
62989
41660
47509
52475
56808
48274
49599
29443
35159
37100
36794
36556
37681
39582
37109
38553
42305
38090
39303
40935
38824
41366
39572
41866
40736
39585
41413
44942
42251
41880
42464
42757
44966
44368
44046
42707
46069
44176
45625
48495
46837
47194
46741
48988
45594
48113
47625
48040
51509
48706
51023
49879
50929
49741
51093
51400
51418
51733
51788
52072
52323
52688
53177
53828
54538
55432
56237
56266
58697
56667
56343
57205
56694
59964
56763
58203
59718
61494
59813
59697
61113
59014
64497
62693
65015
62284
62030
66369
64408
66666
63949
64463
67444
66734
65654
68751
67880
70725
69519
68850
72319
71123
70820
69207
72940
34875
34850
34877
34952
34957
34989
36648
45790
