1790718731354 54
1790718731546 30
1790718731612 53
1790718731700 32
1790718731778 51
1790718732230 53
1790718737575 55
1790718737679 59
1790718737786 56
1790718737890 57
1790718737984 36
1790718738055 33
1790718738123 34
1790718738205 32
1790718738273 55
1790718738533 55
1790718738624 34
1790718738694 35
1790718738764 32
1790718739514 56
1790718739607 36
1790718739678 32
1790718739747 31
1790718740434 55
1790718740853 58
1790718740961 57
1790718741171 55
1790718741640 53
1790718741732 56
1790718741825 57
1790718741931 57
1790718742037 62
1790718742149 53
1790718742252 53
1790718742355 59
1790718742463 59
1790718742572 57
1790718742678 56
1790718742783 60
1790718742892 57
1790718743007 58
1790718743103 64
1790718743206 35
1790718743303 36
1790718743376 61
1790718743473 35
1790718743546 57
1790718743640 36
1790718743712 36
1790718743785 34
1790718743856 33
1790718743925 30
1790718743993 33
1790718744063 57
1790718744157 32
1790718744227 30
1790718744295 36
1790718744367 32
1790718744436 34
1790718744508 30
1790718744575 60
1790718744672 30
1790718744741 35
1790718744812 32
1790718744882 35
1790718744953 31
1790718745049 35
1790718746981 60
1790718747078 61
1790718747188 62
1790718747288 62
1790718747386 64
1790718747487 63
1790718747643 34
