1790718731354 270064 21
1790718731612 275300 20
1790718731778 280092 20
1790718732230 287848 21
1790718737575 324260 22
1790718737679 365224 23
1790718737786 370828 21
1790718737890 375536 21
1790718738273 386068 21
1790718738533 392908 20
1790718739514 424992 23
1790718740434 468668 22
1790718740853 495132 23
1790718740961 621036 22
1790718741171 656652 22
1790718741640 657440 22
1790718741732 675872 23
1790718741825 692256 23
1790718741931 714784 23
1790718742037 737312 25
1790718742149 760912 22
1790718742252 783440 21
1790718742355 805968 25
1790718742463 828500 25
1790718742572 851028 23
1790718742678 873556 22
1790718742783 896084 25
1790718742892 992140 23
1790718743007 1093768 25
1790718743546 1103792 23
1790718744063 1119632 24
1790718744575 1140920 23
1790718746981 1146328 24
1790718747078 1162712 26
1790718747188 1185240 25
1790718747288 1203672 26
1790718747386 1222104 27
1790718747487 1238488 26
