# timestamp_ms rss_kb
1786774272668 433112
1786774273155 442136
1786774273254 455148
1786774273556 500028
1786774273656 554388
1786774273758 609544
1786774274109 623752
1786774274560 659592
1786774275165 683536
1786774275470 700452
1786774275848 716768
1786774276223 735396
1786774276555 752708
1786774276913 770004
1786774277392 792520
1786774277994 824704
1786774278501 844540
1786774278895 862976
1786774279386 886052
1786774279923 905816
1786774280625 934344
1786774281246 953660
1786774281497 973200
1786774282129 1005804
1786774283295 1026548
1786774283411 1062388
1786774283526 1096052
1786774283749 1145492
1786774283875 1182356
1786774284006 1219220
1786774284137 1257212
1786774284268 1302920
1786774284398 1329816
1786774284636 1366680
1786774294321 1545028
1786774294462 2068208
1786774303712 2552260
1786774303864 2595296 (true peak, below trigger threshold; snapshot is in peaks/peak.smaps)
