1790712757483 52
1790712757613 30
1790712757705 52
1790712757793 28
1790712757856 28
1790712757920 51
1790712758018 54
1790712758146 27
1790712758209 54
1790712758314 55
1790712758420 55
1790712758578 34
1790712758698 54
1790712758926 57
1790712759051 58
1790712759184 56
1790712759322 37
1790712759527 64
1790712759678 62
1790712759858 32
1790712760020 58
1790712760179 63
1790712760315 59
1790712760461 62
1790712760664 47
1790712760829 60
1790712760955 48
1790712761068 64
1790712761230 32
1790712761335 69
1790712761585 84
1790712761849 62
1790712761980 67
1790712762242 50
1790712762399 60
1790712762540 63
1790712762691 33
1790712762814 33
1790712763001 63
1790712763235 74
1790712763437 41
1790712763559 61
1790712763787 48
1790712763963 73
1790712764136 33
1790712764239 63
1790712764437 44
1790712764575 61
1790712764770 73
1790712764960 53
1790712765076 34
1790712765274 63
1790712765401 34
1790712765477 35
1790712765555 34
1790712765630 34
1790712765707 33
1790712765783 35
1790712765859 34
1790712765934 61
1790712766037 34
1790712766113 33
1790712766188 34
1790712766265 35
1790712766343 64
1790712766470 64
1790712766598 66
1790712766729 65
1790712766862 65
1790712766993 65
1790712767126 67
1790712767260 65
1790712767394 66
1790712767766 38
1790712767886 49
1790712768019 77
1790712768271 80
1790712768476 81
1790712773656 74
1790712779112 79
1790712779353 87
1790712779570 47
1790712779779 78
1790712780005 49
1790712780150 77
1790712780384 88
1790712780696 79
1790712780872 85
1790712781117 79
1790712781274 84
1790712781419 46
1790712781552 55
1790712783581 132
1790712783770 86
1790712783942 49
1790712784044 47
1790712784145 48
1790712784247 49
1790712784353 46
1790712784538 48
1790712784642 87
1790712784787 49
1790712784892 47
1790712784992 48
1790712785095 47
1790712785286 47
1790712785814 89
1790712786088 49
1790712786366 49
1790712786645 89
1790712786963 49
1790712787066 49
1790712787559 89
1790712787704 49
1790712787851 49
1790712787954 48
1790712788058 50
1790712788166 49
1790712788311 48
1790712788414 90
1790712788562 48
1790712788750 48
1790712788853 50
1790712789003 48
1790712789104 48
1790712789206 48
1790712789310 89
1790712789582 48
1790712789689 50
1790712789877 49
1790712789982 47
1790712790130 92
1790712790275 47
1790712790377 49
1790712790484 50
1790712790719 49
1790712790997 88
1790712791228 49
1790712791332 47
1790712791436 49
1790712791622 48
1790712791725 49
1790712791831 89
1790712792062 48
1790712792167 48
1790712792353 46
1790712792453 49
1790712792559 49
1790712792664 90
1790712792808 47
1790712792908 48
