# timestamp_ms rss_kb
1790720058878 257732
1790720058993 264524
1790720059185 269848
1790720059515 277192
1790720059873 287100
1790720060276 297412
1790720061199 312196
1790720061317 349128
1790720061429 371148
1790720061546 400356
1790720061664 439712
1790720061788 510896
1790720061905 551436
1790720062026 624428
1790720062080 713720
1790720062217 736828
1790720062350 767620
1790720062488 814992
1790720062627 850164
1790720062769 919036
1790720063032 953396
1790720063349 982828
1790720063476 1022984
1790720063610 1055128
1790720064254 1077380
1790720065392 1103160
1790720066854 1140096
1790720068002 1176236
1790720068261 1200744
1790720072941 1248568
1790720073083 1484588
1790720073221 1605420
1790720073360 1696024
1790720073500 1884440
1790720074918 1970844
1790720075060 2157212
1790720075195 2228400
1790720075333 2283592
1790720079142 2381584
1790720079288 2473908
1790720079433 2547572
1790720086600 2608980
1790720088892 2669644
1790720098347 2744532
1790720108381 2822728
1790720128315 2903964
1790720142983 2990800
1790720173603 3051392
1790720176055 3124160
1790720195648 3226524
1790720207010 3305536
1790720208858 3314000 (true peak, below trigger threshold; snapshot is in peaks/peak.smaps)
