1790720058878 61
1790720058993 56
1790720059097 53
1790720059185 30
1790720059261 32
1790720059329 57
1790720059515 52
1790720059614 35
1790720059686 32
1790720059873 57
1790720060140 31
1790720060207 33
1790720060276 57
1790720060379 35
1790720060452 34
1790720061199 60
1790720061317 60
1790720061429 60
1790720061546 62
1790720061664 62
1790720061788 63
1790720061905 63
1790720062080 72
1790720062217 68
1790720062350 70
1790720062488 74
1790720062627 68
1790720062769 77
1790720063032 69
1790720063160 39
1790720063241 66
1790720063476 68
1790720063610 77
1790720063749 72
1790720063862 43
1790720064006 41
1790720064088 42
1790720064172 41
1790720064254 41
1790720064357 40
1790720064439 69
1790720064544 40
1790720064627 41
1790720064709 42
1790720064792 42
1790720064878 42
1790720064957 42
1790720065039 72
1790720065152 37
1790720065230 38
1790720065311 39
1790720065392 37
1790720065489 38
1790720065568 38
1790720065649 38
1790720065729 70
1790720065841 39
1790720065923 40
1790720066005 40
1790720066087 40
1790720066169 39
1790720066251 40
1790720066333 38
1790720066413 74
1790720066529 37
1790720066608 39
1790720066689 40
1790720066771 40
1790720066854 68
1790720066982 40
1790720067065 42
1790720067149 37
1790720067228 40
1790720067310 39
1790720067480 73
1790720067714 40
1790720067890 67
1790720068002 72
1790720068141 75
1790720068261 41
1790720068368 39
1790720068517 39
1790720068601 38
1790720068716 39
1790720068962 72
1790720069143 39
1790720069378 40
1790720069494 40
1790720069640 40
1790720069722 70
1790720069836 41
1790720069922 37
1790720070004 40
1790720070088 42
1790720070329 40
1790720070475 73
1790720071889 72
1790720072941 78
1790720073083 73
1790720073221 76
1790720073360 75
1790720073500 74
1790720074918 78
1790720075060 73
1790720075195 74
1790720075333 75
1790720079012 84
1790720079142 77
1790720079288 78
1790720079433 85
1790720085989 93
1790720086133 52
1790720086237 97
1790720086392 50
1790720086600 90
1790720087099 42
1790720087190 45
1790720087280 51
1790720087379 50
1790720087477 86
1790720087611 43
1790720087700 44
1790720087793 45
1790720087886 46
1790720087981 44
1790720088074 44
1790720088167 43
1790720088260 44
1790720088352 82
1790720088483 44
1790720088577 46
1790720088671 44
1790720088763 43
1790720088892 84
1790720100473 92
1790720108381 82
1790720118312 92
1790720128315 88
1790720141643 84
1790720142050 43
1790720142983 83
1790720143337 43
1790720143431 47
1790720143527 40
1790720143841 85
1790720143975 46
1790720144070 43
1790720144163 44
1790720144256 48
1790720144355 54
1790720144456 57
1790720144564 43
1790720144659 47
1790720144756 85
1790720144922 45
1790720163852 84
1790720164791 85
1790720173603 86
1790720174714 46
1790720176055 89
1790720176434 50
1790720185988 85
1790720195490 99
1790720195648 90
1790720196623 87
1790720205962 93
1790720207010 91
1790720207343 46
1790720207478 48
1790720207967 95
1790720208113 58
1790720208221 54
1790720208329 56
1790720208437 56
1790720208528 46
1790720208625 46
1790720208724 45
1790720208858 47
