1785426154666 12612 15
1785426155632 30304 12
1785426155695 69572 11
1785426155755 88244 20
1785426155823 137944 13
1785426155883 183840 12
1785426156015 188452 13
1785426156151 193060 12
1785426156310 199020 12
1785426156377 246268 15
1785426156457 288860 15
1785426156534 329620 16
1785426156649 340800 17
1785426157334 360740 18
1785426157725 362788 17
1785426158149 364996 15
1785426158467 366232 15
1785426158855 368348 17
1785426160290 371112 17
1785426160452 376768 16
1785426160836 379072 19
1785426161264 391848 18
1785426161348 434260 17
1785426161971 438356 16
1785426162400 444500 15
1785426162717 452692 16
1785426163181 458836 17
1785426163891 464980 15
1785426164384 467028 16
