1790722410169 82432 13
1790722410241 188768 12
1790722410334 192248 12
1790722410398 196856 11
1790722410527 211832 13
1790722410602 261848 13
1790722410674 317864 14
1790722410761 370492 13
1790722410842 425876 15
1790722410931 476248 17
1790722411024 533032 19
1790722411131 591540 19
1790722411235 652436 18
1790722411352 693164 20
1790722411484 733448 22
1790722411613 799400 22
1790722411750 813744 24
1790722411864 849496 21
1790722412455 852148 20
1790722417058 895676 22
1790722417205 930588 24
1790722417356 972088 25
1790722417507 1012788 25
1790722417656 1055608 26
1790722417823 1136556 25
