# timestamp_ms rss_kb
1790724707106 485864
1790724707167 500284
1790724707206 551556
1790724707245 574660
1790724707282 592532
1790724707579 651820
1790724707923 681804
1790724708289 695680
1790724708969 710656
1790724709154 729196
1790724709279 746676
1790724709472 763344
1790724709595 781136
1790724709692 800068
1790724709761 861368
1790724709886 886988
1790724710011 910528
1790724710530 931484
1790724710752 950812
1790724710972 977488
1790724711148 1042964
1790724711658 1077896
1790724712141 1114748
1790724712745 1140932
1790724712996 1189768
1790724713650 1223832
1790724714793 1253608
1790724714946 1284420
1790724715122 1376760
1790724716095 1404896
1790724716226 1460192
1790724723651 1506372
1790724728357 1565300
1790724733421 1601340
1790724735567 1638188
1790724740439 1673884
1790724740531 1702556 (true peak, below trigger threshold; snapshot is in peaks/peak.smaps)
