# timestamp_ms rss_kb
1786339619222 229000
1786339621425 237828
1786339621515 244956
1786339701120 264108
1786339701967 283916
1786339702067 304600
1786339702171 334868
1786339702280 359144
1786339702389 379364
1786339702493 399848
1786339702666 411108
1786339702773 423600
1786339702881 433840
1786339702986 454324
1786339703095 474804
1786339703270 486840
1786339703475 529144
1786339703588 549624
1786339703791 571604
1786339703996 602816
1786339704271 623292
1786339704384 639680
1786339704497 674384
1786339704773 694972
1786339704889 831236
1786339705003 972548
1786339705120 1046412
1786339705229 1224268
1786339709349 1270092
1786339709762 1296600
1786339710067 1327320
1786339710346 1374196
1786339710849 1416436
1786339711253 1463672
1786339711516 1500544
1786339712237 1539336
1786339712455 1574284
1786339712750 1608668
1786339713583 1647904
1786339713702 1692184
1786339714406 1729836
1786339714908 1768756
1786339714991 1808948
1786339715207 1864256
1786339716060 1906128
1786339716246 1963044
1786339717043 2016744
1786339717409 2096160
1786339717523 2185108
1786339717642 2294824
1786339717831 2420308
1786339718050 2508896
1786339718319 2625136
1786339718617 2736300
1786339718840 2856592
1786339719136 2972148
1786339719434 3086596
1786339719662 3181596
1786339719858 3279060
1786339720092 3392572
1786339720323 3525148
1786339720630 3643692
1786339720865 3750196
1786339760239 3847640
1786339768102 3940288
1786339838133 4001592 (true peak, below trigger threshold; snapshot is in peaks/peak.smaps)
