1786339619222 229000 22
1786339621287 229516 21
1786339621425 237828 19
1786339621515 244956 21
1786339622394 245032 21
1786339622860 245264 21
1786339623397 245272 21
1786339624864 245296 20
1786339625398 245300 20
1786339625874 245328 20
1786339628483 245332 20
1786339629867 245368 19
1786339635403 245372 23
1786339643409 245376 21
1786339677413 245380 20
1786339682508 245384 21
1786339684411 245388 21
1786339700911 248204 21
1786339701120 264108 21
1786339701217 268504 21
1786339701967 283916 22
1786339702067 304600 24
1786339702171 334868 24
1786339702280 359144 25
1786339702389 379364 23
1786339702493 399848 24
1786339702666 411108 24
1786339702773 423600 25
1786339702881 433840 26
1786339702986 454324 26
1786339703095 474804 25
1786339703270 486840 25
1786339703376 495540 27
1786339703475 529144 26
1786339703588 549624 24
1786339703697 559988 26
1786339703791 571604 27
1786339703900 582332 27
1786339703996 602816 24
1786339704173 613052 27
1786339704271 623292 25
1786339704384 639680 28
1786339704497 674384 25
1786339704675 684736 27
1786339704773 694972 28
1786339704889 831236 28
1786339705003 972548 29
1786339705120 1046412 27
1786339705229 1224268 28
1786339708995 1236884 28
1786339709349 1270092 28
1786339709597 1287380 30
1786339709966 1306840 30
1786339710067 1327320 28
1786339710182 1343840 26
1786339710346 1374196 29
1786339710612 1388784 32
1786339710849 1416436 27
1786339711153 1436916 29
1786339711253 1463672 27
1786339711516 1500544 28
1786339711894 1517652 28
1786339712237 1539336 28
1786339712353 1567700 31
1786339712648 1584396 31
1786339712750 1608668 30
1786339713262 1628440 30
1786339713583 1647904 29
1786339713702 1692184 32
1786339714041 1721768 29
1786339714515 1739056 29
1786339714812 1758516 29
1786339714991 1808948 31
1786339715207 1864256 30
1786339715885 1879376 33
1786339716060 1906128 28
1786339716246 1963044 32
1786339716870 1989984 31
1786339717043 2016744 29
1786339717233 2037096 34
1786339717409 2096160 30
1786339717523 2185108 31
1786339717642 2294824 33
1786339717831 2420308 30
1786339717947 2449504 33
1786339718050 2508896 31
1786339718319 2625136 31
1786339718510 2664676 35
1786339718617 2736300 33
1786339718736 2781420 32
1786339718840 2856592 32
1786339719030 2902200 33
1786339719136 2972148 32
1786339719327 3027136 34
1786339719434 3086596 33
1786339719557 3147976 34
1786339719662 3181596 34
1786339719858 3279060 35
1786339719981 3312160 37
1786339720092 3392572 35
1786339720216 3442068 35
1786339720323 3525148 34
1786339720520 3582184 36
1786339720630 3643692 34
1786339720755 3707120 36
1786339720865 3750196 35
1786339721642 3774116 36
1786339722397 3777280 40
1786339723248 3777672 38
1786339724050 3777752 39
1786339724897 3777848 42
1786339726071 3777944 42
1786339726968 3778068 38
1786339727751 3778120 38
1786339728530 3778152 41
1786339729395 3778204 40
1786339730212 3778244 41
1786339731094 3778308 41
1786339732231 3778380 40
1786339733151 3778444 40
1786339734026 3778492 38
1786339734802 3778576 38
1786339735619 3778636 39
1786339736458 3778664 36
1786339737440 3778712 36
1786339738250 3778752 41
1786339739086 3778804 38
1786339739893 3778828 38
1786339740980 3778856 41
1786339741885 3778888 41
1786339742785 3778916 41
1786339743668 3778924 42
1786339744749 3778948 43
1786339746000 3779024 38
1786339746846 3779052 41
1786339747907 3779080 41
1786339748876 3779092 40
1786339749690 3779112 39
1786339750583 3779148 40
1786339753881 3779180 39
1786339755201 3779784 38
1786339756079 3789788 40
1786339757361 3793816 39
1786339759549 3796492 41
1786339760239 3847640 41
1786339766217 3869044 52
1786339767353 3881368 41
1786339768102 3940288 43
1786339768639 3982632 44
1786339787930 3990696 45
1786339820950 3995140 44
1786339838133 4001592 44
