1785697412029 19
1785697412076 19
1785697412123 21
1785697412172 21
1785697412222 23
1785697412276 25
1785697412399 23
1785697413353 21
1785697413398 405
1785697413827 44
1785697413904 22
1785697413958 24
1785697414006 24
1785697414064 25
1785697414122 24
1785697414180 23
1785697414236 24
1785697414293 25
1785697414353 27
1785697414417 26
1785697414481 27
1785697414546 27
1785697414608 28
1785697414675 28
1785697414743 29
1785697414812 29
1785697414882 29
1785697414952 29
1785697415022 31
1785697415095 31
1785697415168 31
1785697415242 32
1785697415301 31
1785697415376 32
1785697415453 32
1785697415531 33
1785697415610 32
1785697415671 33
1785697415751 34
1785697415833 35
1785697415917 35
1785697415982 34
1785697416067 36
1785697416154 37
1785697416243 36
1785697416309 36
1785697416398 37
1785697416458 37
1785697416549 38
1785697416618 39
1785697416711 40
1785697416782 39
1785697416878 40
1785697416941 40
1785697417029 41
1785697417092 41
1785697417191 40
1785697417254 41
1785697417354 40
1785697417425 42
1785697417524 42
1785697417600 43
1785697417701 43
1785697417780 44
1785697417884 43
1785697417961 46
1785697418073 43
1785697418150 45
1785697418257 44
1785697418335 46
1785697418443 46
1785697418524 46
1785697418634 47
1785697418703 46
1785697418813 45
1785697418894 46
1785697419005 49
1785697419089 50
1785697419206 47
1785697419289 50
1785697419407 56
1785697419501 51
1785697419622 51
1785697419711 51
1785697419833 50
1785697419920 50
1785697420042 52
1785697420133 50
1785697420206 53
1785697420333 51
1785697420407 54
1785697420538 51
1785697420612 54
1785697420689 53
1785697420818 54
1785697420911 53
1785697421002 54
1785697421132 56
1785697421228 55
1785697421323 56
1785697421457 56
1785697421552 57
1785697421650 56
1785697421785 58
1785697421884 58
1785697421965 57
1785697422106 58
1785697422205 59
1785697422286 59
1785697422430 61
1785697422534 41
1785697422617 41
1785697422726 41
1785697422809 46
1785697422964 104
1785697423203 141
1785697423806 100
1785697425455 87
1785697429274 88
1785697433466 93
1785697434499 65
1785697434609 65
1785697437173 63
1785697438900 65
1785697439058 64
1785697439168 64
1785697439255 132
1785697439432 65
1785697439544 66
1785697439655 66
1785697439767 67
1785697439880 67
1785697440044 67
1785697440209 67
1785697440718 69
1785697440888 71
1785697441461 70
1785697441578 69
1785697441748 70
1785697441865 69
1785697441981 69
1785697442098 69
1785697442214 70
1785697442331 70
1785697442448 70
1785697442565 69
1785697442682 68
1785697442797 68
1785697442913 68
1785697443029 70
1785697443146 69
1785697443262 72
1785697443383 68
1785697443498 70
1785697443616 69
1785697443732 69
1785697443848 69
1785697443964 69
1785697444080 72
1785697444199 70
1785697444316 70
1785697444433 72
1785697445000 73
1785697445123 73
1785697445248 73
1785697445389 72
1785697445513 72
1785697445635 73
1785697445758 71
1785697445882 73
1785697455924 73
1785697460982 69
1785697475560 69
1785697475734 69
1785697475826 70
1785697475943 68
1785697476057 68
1785697476172 69
1785697476289 69
1785697476404 68
1785697476519 66
1785697476631 69
1785697476747 68
1785697476863 69
1785697477204 67
1785697507679 69
1785697507849 71
1785697507968 69
1785697508083 69
1785697508201 70
1785697508319 70
1785697508436 70
1785697508554 69
1785697508673 67
1785697508787 70
1785697508906 70
1785697539629 70
1785697539806 70
1785697539925 70
1785697540044 68
1785697540161 70
1785697540280 69
1785697540399 69
1785697540518 69
1785697540613 70
1785697540733 70
1785697540853 70
1785697571458 71
1785697571632 70
1785697571751 70
1785697571870 68
1785697571987 71
1785697572107 71
1785697572228 72
1785697572349 71
1785697572469 71
1785697572589 70
1785697602803 70
1785697602900 72
1785697603021 71
1785697603198 73
1785697603320 72
1785697603418 71
1785697603539 72
1785697603637 70
1785697603755 71
1785697603876 73
1785697603999 70
1785697604120 72
1785697634583 69
1785697634702 74
1785697634826 73
1785697635009 71
1785697635108 70
1785697635229 71
1785697635351 71
1785697635474 72
1785697635596 72
1785697635719 71
1785697666033 72
1785697666156 73
1785697666280 72
1785697666379 70
1785697666475 70
1785697666595 71
1785697666777 71
1785697666899 72
1785697667020 70
1785697667143 72
1785697697817 74
1785697697942 75
1785697698068 74
1785697698193 74
1785697698320 74
1785697698445 74
1785697698588 75
1785697698775 73
1785697698900 74
1785697699025 74
1785697729320 73
1785697729445 74
1785697729548 74
1785697729674 75
1785697729801 73
1785697729926 74
1785697730051 73
1785697730174 73
1785697730299 73
1785697730484 74
1785697761170 74
1785697761298 73
1785697761423 74
1785697761524 73
1785697761648 73
1785697761773 73
1785697761899 75
1785697762043 50
1785697762146 52
1785697762252 51
1785697762356 51
1785697793137 51
1785697793278 51
1785697793382 52
1785697793487 52
1785697793589 51
1785697793693 52
1785697793798 52
1785697793879 50
1785697793979 52
1785697794082 51
1785697794186 52
1785697824887 52
1785697824991 53
1785697825097 54
1785697825202 53
1785697825348 54
1785697825452 53
1785697825559 53
1785697825665 54
1785697825772 54
1785698294383 53
1785698314504 54
1785698333930 53
1785698353460 52
1785698373592 53
1785698393117 53
1785698414410 52
1785698433703 51
1785698452385 52
1785698934531 52
1785698946063 51
1785698957413 53
1785698969952 55
1785699199748 53
1785699199854 54
1785699199960 54
1785699200068 53
1785699200175 54
1785699200282 53
1785699200390 54
1785699200497 52
1785699200604 53
1785699200711 53
1785699200817 53
1785699200924 53
1785699201030 53
1785699201135 53
1785699201241 52
1785699201346 52
1785699201452 54
1785699201561 53
1785699201666 52
1785699201771 54
1785699201920 53
1785699202026 53
1785699202131 52
1785699202237 52
1785699202343 53
1785699202451 53
1785699202559 53
1785699202666 54
1785699202774 53
1785699202881 53
1785699202986 53
1785699203094 54
1785699203203 53
1785699203311 52
1785699203416 52
1785699203520 53
1785699203628 53
1785699203736 53
1785699203844 55
1785699203954 53
1785699204062 56
1785699204172 55
1785699204282 54
1785699204392 54
1785699204501 54
1785699204610 54
1785699204719 54
1785699204828 54
1785699204937 55
1785699205089 54
1785699205196 54
1785699205305 54
1785699205415 55
1785699205525 54
1785699205634 54
1785699205743 54
1785699205852 54
1785699205961 54
1785699206070 54
1785699206179 55
1785699206289 54
1785699206398 54
1785699206507 55
1785699206618 54
1785699206728 54
1785699206837 54
1785699206947 55
1785699207058 54
1785699207168 53
1785699207277 54
1785699207361 53
1785699207468 54
1785699207579 54
1785699207688 55
1785699207775 53
1785699207884 54
1785699207992 53
1785699208099 55
1785699208209 55
1785699208360 55
1785699208469 53
1785699208576 54
1785699208684 54
1785699208793 54
1785699208902 55
1785699209013 54
1785699209122 54
1785699209232 55
1785699209343 55
1785699209453 54
1785699209562 54
1785699209672 54
1785699209783 54
1785699209893 55
1785699210005 55
1785699210114 56
1785699210226 56
1785699210339 55
1785699210468 56
1785699210580 56
1785699210668 55
1785699210778 55
1785699210887 56
1785699210975 54
1785699211084 55
1785699211196 55
1785699211308 55
1785699211417 55
1785699211569 55
1785699211681 55
1785699211769 53
1785699211879 55
1785699211966 54
1785699212053 54
1785699212162 56
1785699212272 55
1785699212382 54
1785699212492 56
1785699212603 55
1785699212714 56
1785699212825 55
1785699212935 55
1785699213045 55
1785699213156 54
1785699213262 55
1785699213374 56
1785699213488 55
1785699213599 56
1785699213711 55
1785699213824 57
1785699213939 55
1785699214051 56
1785699214165 56
1785699214277 56
1785699214390 57
1785699214503 55
1785699214616 56
1785699214746 56
1785699214904 56
1785699215017 56
1785699215130 57
1785699215220 55
1785699215309 55
1785699215397 54
1785699215508 56
1785699215621 56
1785699215734 55
1785699215846 56
1785699215960 56
1785699216073 57
1785699216204 57
1785699216319 56
1785699216432 56
1785699216546 56
1785699216661 56
1785699216772 55
1785699216881 57
1785699216972 55
1785699217060 55
1785699217173 57
1785699217287 55
1785699217417 58
1785699217534 56
1785699217624 57
1785699217739 58
1785699217853 56
1785699217967 56
1785699218125 57
1785699218240 58
1785699218353 57
1785699218466 57
1785699218579 57
1785699218693 57
1785699218806 58
1785699218922 56
1785699219037 58
1785699219153 57
1785699219268 57
1785699219383 58
1785699219498 58
1785699219588 56
1785699219699 58
1785699219811 59
1785699219903 57
1785699220018 60
1785699220133 58
1785699220275 59
1785699220367 58
1785699220482 59
1785699220572 81
1785699220712 58
1785699220802 58
1785699220919 58
1785699221010 58
1785699221127 59
1785699221245 58
1785699221362 59
1785699221480 59
1785699221598 59
1785699221737 57
1785699221829 59
1785699221946 59
1785699222061 59
1785699222177 58
1785699222293 58
1785699222410 58
1785699222528 58
1785699222645 58
1785699222762 58
1785699222879 59
1785699222998 57
1785699223114 59
1785699223232 59
1785699223350 58
1785699223466 59
1785699223618 59
1785699223712 59
1785699223847 59
1785699223965 59
1785699224084 58
1785699224202 58
1785699224319 59
1785699224437 59
1785699224556 60
1785699224675 60
1785699224794 60
1785699224930 60
1785699225048 60
1785699225214 59
1785699225333 59
1785699225451 59
1785699225570 58
1785699225688 59
1785699225807 58
1785699225924 59
1785699226043 61
1785699226163 59
1785699226279 59
1785699226396 60
1785699226513 60
1785699226630 59
1785699226748 59
1785699226864 59
1785699226983 58
1785699227101 59
1785699227217 59
1785699227333 60
1785699227469 59
1785699227587 60
1785699227705 59
1785699227824 60
1785699227943 59
1785699228059 59
1785699228179 59
1785699228298 60
1785699228418 59
1785699228537 59
1785699228656 60
1785699228775 60
1785699228942 59
1785699229062 59
1785699229181 60
1785699229301 58
1785699229419 59
1785699229537 60
1785699229656 59
1785699229776 60
1785699229893 59
1785699230011 60
1785699230131 59
1785699230250 60
1785699230370 60
1785699230491 60
1785699230612 60
1785699230732 59
1785699230852 60
1785699230972 60
1785699231092 61
1785699231213 60
1785699231333 60
1785699231454 60
1785699231573 60
1785699231694 60
1785699231812 60
1785699231934 60
1785699232053 60
1785699232173 60
1785699232294 61
1785699232413 59
1785699232534 61
1785699232704 61
1785699232857 62
1785699232996 60
1785699233118 61
1785699233240 60
1785699233360 61
1785699233478 60
1785699233596 60
1785699233717 60
1785699233839 60
1785699233961 61
1785699234083 60
1785699234200 61
1785699234322 61
1785699234443 60
1785699234564 61
1785699234684 61
1785699234806 60
1785699234904 61
1785699235025 60
1785699235161 62
1785699235284 60
1785699235404 61
1785699235524 61
1785699235645 62
1785699235768 60
1785699235889 61
1785699236010 60
1785699236133 62
1785699236256 62
1785699236428 61
1785699236549 61
1785699236670 61
1785699236790 61
1785699236914 62
1785699237037 62
1785699237160 61
1785699237281 61
1785699237402 61
1785699237525 62
1785699237666 62
1785699237790 61
1785699237913 61
1785699238035 61
1785699238156 61
1785699238278 61
1785699238400 61
1785699238523 61
1785699238646 60
1785699238767 62
1785699238889 62
1785699239013 62
1785699239137 62
1785699239261 61
1785699239385 62
1785699239508 62
1785699239632 62
1785699239756 62
1785699239881 62
1785699770933 61
1785699771696 62
1785699772461 61
1785700110180 63
1785700132695 62
1785700156660 63
1785700179161 62
1785700199719 62
1785700220105 62
1785700241124 61
1785700260877 61
1785700280619 62
1785700300311 62
1785700314045 63
