1787344565874 37
1787344565943 35
1787344566009 35
1787344566078 38
1787344566150 37
1787344566221 39
1787344566296 38
1787344566813 40
1787344572118 41
1787344572253 42
1787344572324 396
1787344572756 47
1787344572833 45
1787344572915 24
1787344572968 23
1787344573020 41
1787344573099 43
1787344573183 28
1787344573287 27
1787344573411 45
1787344573556 27
1787344573683 44
1787344573816 27
1787344573873 26
1787344573976 45
1787344574122 27
1787344574250 45
1787344574385 28
1787344574443 26
1787344574548 44
1787344574693 28
1787344574822 45
1787344574955 27
1787344575084 45
1787344575231 27
1787344575360 45
1787344575516 40
1787344575658 47
1787344575807 28
1787344575937 46
1787344576072 29
1787344576202 29
1787344576333 47
1787344576482 28
1787344576611 29
1787344576731 47
1787344576880 28
1787344577011 28
1787344577142 46
1787344577290 29
1787344577409 29
1787344577541 48
1787344577691 27
1787344577819 29
1787344577952 47
1787344578090 27
1787344578149 46
1787344578235 26
1787344578340 27
1787344578471 27
1787344578602 46
1787344578752 26
1787344578883 27
1787344578999 47
1787344579150 27
1787344579282 27
1787344579413 46
1787344579563 27
1787344579680 28
1787344579813 49
1787344579966 28
1787344580100 26
1787344580230 47
1787344580366 27
1787344580500 27
1787344580632 48
1787344580760 28
1787344580893 27
1787344581012 47
1787344581164 27
1787344581297 28
1787344581431 47
1787344581583 28
1787344581702 28
1787344581835 48
1787344581989 28
1787344582123 27
1787344582232 48
1787344582396 27
1787344582532 27
1787344582641 49
1787344582796 28
1787344582930 26
1787344582998 49
1787344583079 27
1787344583188 28
1787344583323 49
1787344583479 28
1787344583599 28
1787344583736 49
1787344583892 27
1787344584002 28
1787344584063 26
1787344584171 48
1787344584326 28
1787344584447 29
1787344584584 47
1787344584713 28
1787344584849 27
1787344584985 50
1787344585143 28
1787344585265 27
1787344585400 50
1787344585532 29
1787344585670 28
1787344585807 49
1787344585939 29
1787344586062 28
1787344586200 51
1787344586360 28
1787344586472 28
1787344586610 50
1787344586769 29
1787344586893 29
1787344587006 50
1787344587165 28
1787344587304 28
1787344587417 51
1787344587578 29
1787344587702 34
1787344587770 28
1787344587831 52
1787344587915 28
1787344588028 29
1787344588168 29
1787344588308 51
1787344588455 29
1787344588569 27
1787344588629 28
1787344588742 53
1787344588900 30
1787344589041 29
1787344589156 28
1787344589295 51
1787344589446 29
1787344589586 30
1787344589701 29
1787344589762 53
1787344589900 28
1787344590040 29
1787344590181 28
1787344590295 54
1787344590446 29
1787344590508 28
1787344590622 29
1787344590763 29
1787344590877 54
1787344591044 29
1787344591185 29
1787344591328 53
1787344591479 30
1787344591595 28
1787344591657 28
1787344591772 29
1787344591915 54
1787344592055 28
1787344592193 30
1787344592310 30
1787344592466 55
1787344592608 33
1787344592676 29
1787344592738 29
1787344592880 53
1787344593020 29
1787344593164 30
1787344593294 30
1787344593411 55
1787344593579 30
1787344593697 29
1787344593840 29
1787344593958 53
1787344594124 30
1787344594254 30
1787344594372 29
1787344594516 56
1787344594660 29
1787344594803 30
1787344594922 30
1787344594986 29
1787344595104 56
1787344595261 30
1787344595381 30
1787344595525 31
1787344595644 57
1787344595816 31
1787344595936 31
1787344596083 30
1787344596201 56
1787344596358 31
1787344596506 30
1787344596625 31
1787344596766 57
1787344596911 31
1787344597059 29
1787344597177 34
1787344597244 29
1787344597310 56
1787344597468 31
1787344597616 31
1787344597737 31
1787344597885 58
1787344598032 31
1787344598180 30
1787344598300 30
1787344598448 57
1787344598609 31
1787344598729 30
1787344598877 31
1787344598999 58
1787344599174 31
1787344599296 30
1787344599445 31
1787344599566 58
1787344599727 32
1787344599878 32
1787344600001 31
1787344600150 60
1787344600300 32
1787344600451 31
1787344600573 31
1787344600724 59
1787344600886 33
1787344601010 32
1787344601161 31
1787344601283 61
1787344601462 32
1787344601585 31
1787344601736 32
1787344601803 30
1787344601869 61
1787344602007 32
1787344602075 30
1787344602168 31
1787344602236 31
1787344602331 30
1787344602480 60
1787344602632 31
1787344602784 31
1787344602907 32
1787344603059 60
1787344603224 32
1787344603348 32
1787344603500 32
1787344603625 59
1787344603804 32
1787344603929 32
1787344604053 32
1787344604206 31
1787344604330 58
1787344604493 33
1787344604618 32
1787344604686 31
1787344604782 32
1787344604850 30
1787344604973 63
1787344605128 32
1787344605282 32
1787344605407 32
1787344605533 31
1787344605687 61
1787344605828 33
1787344605984 31
1787344606109 33
1787344606263 62
1787344606362 31
1787344606429 31
1787344606555 32
1787344606681 32
1787344606809 32
1787344606964 62
1787344607135 32
1787344607261 33
1787344607417 32
1787344607542 62
1787344607699 33
1787344607827 30
1787344607981 33
1787344608109 33
1787344608236 63
1787344608409 33
1787344608538 32
1787344608693 32
1787344608820 63
1787344608979 32
1787344609135 33
1787344609263 32
1787344609419 32
1787344609547 65
1787344609721 34
1787344609850 32
1787344610006 32
1787344610135 33
1787344610264 64
1787344610452 32
1787344610581 33
1787344610651 32
1787344610780 33
1787344610940 65
1787344611087 33
1787344611217 33
1787344611376 32
1787344611504 33
1787344611634 66
1787344611797 33
1787344611927 33
1787344612056 32
1787344612183 33
1787344612253 32
1787344612352 66
1787344612529 33
1787344612659 33
1787344612789 33
1787344612919 33
1787344613049 67
1787344613211 33
1787344613371 32
1787344613500 34
1787344613632 32
1787344613763 69
1787344613916 34
1787344613988 33
1787344614089 33
1787344614219 34
1787344614352 34
1787344614483 67
1787344614649 34
1787344614720 33
1787344614791 33
1787344614924 32
1787344615053 34
1787344615186 69
1787344615371 33
1787344615503 34
1787344615637 33
1787344615799 34
1787344615932 72
1787344616102 34
1787344616235 33
1787344616367 34
1787344616500 33
1787344616664 69
1787344616816 41
1787344616957 35
1787344617092 35
1787344617228 34
1787344617301 33
1787344617402 70
1787344617571 34
1787344617705 35
1787344617840 34
1787344617974 35
1787344618047 33
1787344618148 71
1787344618317 35
1787344618470 36
1787344618605 35
1787344618741 34
1787344618814 34
1787344618886 69
1787344619054 34
1787344619189 34
1787344619323 35
1787344619458 34
1787344619593 69
1787344619763 34
1787344619899 31
1787344620048 35
1787344620183 34
1787344620320 71
1787344620491 34
1787344620626 35
1787344620762 35
1787344620898 35
1787344621036 72
1787344621210 34
1787344621346 35
1787344621483 35
1787344621636 35
1787344621773 71
1787344621946 36
1787344622084 35
1787344622222 35
1787344622358 35
1787344622496 72
1787344622671 34
1787344622745 34
1787344622883 35
1787344623019 35
1787344623175 35
1787344623281 72
1787344623392 34
1787344623498 36
1787344623638 36
1787344623777 36
1787344623917 34
1787344624053 72
1787344624228 35
1787344624366 35
1787344624505 36
1787344624644 35
1787344624768 74
1787344624947 36
1787344625119 35
1787344625226 35
1787344625299 35
1787344625406 35
1787344625546 75
1787344625725 35
1787344625865 35
1787344626005 35
1787344626145 35
1787344626286 36
1787344626426 74
1787344626559 35
1787344626698 36
1787344626806 35
1787344626944 36
1787344627084 36
1787344627225 73
1787344627403 36
1787344627542 36
1787344627684 36
1787344627823 36
1787344627964 76
1787344628145 36
1787344628273 35
1787344628415 36
1787344628556 35
1787344628697 37
1787344628839 78
1787344629021 37
1787344629164 36
1787344629306 36
1787344629448 36
1787344629590 36
1787344629732 76
1787344629915 35
1787344630041 36
1787344630118 36
1787344630261 36
1787344630402 36
1787344630545 77
1787344630729 36
1787344630873 36
1787344631017 36
1787344631159 36
1787344631303 35
1787344631444 77
1787344631627 36
1787344631773 36
1787344631902 37
1787344632047 36
1787344632190 36
1787344632334 78
1787344632519 37
1787344632664 36
1787344632807 36
1787344632951 36
1787344633095 36
1787344633240 77
1787344633427 37
1787344633572 36
1787344633650 37
1787344633811 37
1787344633956 37
1787344634101 79
1787344634289 37
1787344634435 35
1787344634576 37
1787344634721 37
1787344634867 35
1787344635008 80
1787344635196 37
1787344635341 38
1787344635488 37
1787344635634 35
1787344635762 37
1787344635907 79
1787344636096 39
1787344636244 38
1787344636391 37
1787344636536 38
1787344636685 37
1787344636831 81
1787344637023 37
1787344637102 37
1787344637214 36
1787344637362 37
1787344637507 38
1787344637655 37
1787344637790 82
1787344637981 37
1787344638128 38
1787344638277 37
1787344638425 37
1787344638572 38
1787344638722 82
1787344638915 37
1787344639064 37
1787344639212 37
1787344639361 38
1787344639511 38
1787344639660 81
1787344639837 38
1787344639986 37
1787344640136 38
1787344640285 43
1787344640371 38
1787344640485 37
1787344640635 83
1787344640830 37
1787344640979 38
1787344641129 37
1787344641278 38
1787344641426 38
1787344641578 83
1787344641772 38
1787344641909 39
1787344642060 38
1787344642210 39
1787344642360 38
1787344642510 84
1787344642706 39
1787344642857 38
1787344643009 38
1787344643160 38
1787344643297 38
1787344643448 84
1787344643574 37
1787344643688 38
1787344643839 38
1787344643990 39
1787344644129 38
1787344644279 38
1787344644432 89
1787344644633 37
1787344644781 40
1787344644935 38
1787344645087 40
1787344645240 38
1787344645390 87
1787344645591 38
1787344645744 38
1787344645896 39
1787344646049 39
1787344646202 39
1787344646339 39
1787344646493 86
1787344646622 38
1787344646740 39
1787344646894 39
1787344647046 39
1787344647199 39
1787344647353 38
1787344647509 87
1787344647711 39
1787344647865 39
1787344648018 39
1787344648171 39
1787344648324 39
1787344648478 86
1787344648664 39
1787344648818 39
1787344648960 39
1787344649114 40
1787344649270 40
1787344649423 89
1787344649627 40
1787344649783 39
1787344649939 40
1787344650094 40
1787344650251 40
1787344650407 89
1787344650612 40
1787344650768 39
1787344650908 41
1787344651066 39
1787344651223 38
1787344651377 90
1787344651583 40
1787344651740 41
1787344651897 41
1787344652054 40
1787344652209 40
1787344652366 38
1787344652519 91
1787344652727 40
1787344652883 39
1787344653040 40
1787344653197 40
1787344653342 41
1787344653499 40
1787344653656 91
1787344653865 40
1787344654023 39
1787344654183 40
1787344654304 41
1787344654464 40
1787344654623 40
1787344654779 93
1787344654990 41
1787344655149 40
1787344655307 40
1787344655466 40
1787344655625 41
1787344655770 39
1787344655925 93
1787344656136 39
1787344656291 39
1787344656449 40
1787344656608 40
1787344656767 41
1787344656925 41
1787344657083 95
1787344657297 41
1787344657458 41
1787344657620 40
1787344657742 41
1787344657902 41
1787344658027 40
1787344658173 94
1787344658389 41
1787344658513 40
1787344658672 42
1787344658833 42
1787344658959 41
1787344659120 39
1787344659277 96
1787344659495 41
1787344659657 41
1787344659782 41
1787344659945 41
1787344660108 41
1787344660231 41
1787344660393 97
1787344660572 42
1787344660722 41
1787344660883 41
1787344661044 42
1787344661170 42
1787344661258 41
1787344661382 41
1787344661545 95
1787344661761 42
1787344661886 41
1787344661973 42
1787344662100 43
1787344662228 42
1787344662391 42
1787344662518 42
1787344662606 100
1787344662790 42
1787344662917 41
1787344663003 41
1787344663127 43
1787344663292 42
1787344663404 42
1787344663568 41
1787344663732 98
1787344663952 42
1787344664078 42
1787344664204 42
1787344664293 41
1787344664419 42
1787344664583 43
1787344664709 42
1787344664875 102
1787344665060 42
1787344665226 42
1787344665353 40
1787344665439 42
1787344665565 42
1787344665691 41
1787344665779 42
1787344665906 42
1787344666059 102
1787344666284 43
1787344666411 42
1787344666576 42
1787344666703 41
1787344666829 41
1787344666916 43
1787344667045 42
1787344667211 101
1787344667397 43
1787344667563 42
1787344667691 42
1787344667857 43
1787344667986 43
1787344668155 43
1787344668283 44
1787344668373 103
1787344668560 42
1787344668727 43
1787344668880 43
1787344669010 43
1787344669179 43
1787344669308 43
1787344669477 43
1787344669607 101
1787344669833 42
1787344670000 42
1787344670129 44
1787344670299 43
1787344670429 43
1787344670598 43
1787344670727 43
1787344670896 105
1787344671126 42
1787344671256 43
1787344671426 43
1787344671581 43
1787344671711 43
1787344671880 43
1787344672050 43
1787344672179 103
1787344672370 43
1787344672540 44
1787344672672 42
1787344672762 42
1787344672891 43
1787344673022 43
1787344673191 43
1787344673321 43
1787344673490 105
1787344673683 44
1787344673853 43
1787344673984 44
1787344674075 43
1787344674206 44
1787344674365 43
1787344674456 43
1787344674547 108
1787344674704 43
1787344674795 43
1787344674884 76
1787344675152 63
1787344675941 124
1787344676930 58
1787344678755 126
1787344702307 109
1787344702493 45
1787344702587 44
1787344702680 45
1787344702773 45
1787344702867 45
1787344702962 107
1787344703098 45
1787344703191 44
1787344704461 109
1787344706212 113
1787344708288 110
1787344708448 46
1787344708543 45
1787344708638 45
1787344708760 45
1787344708856 45
1787344708950 45
1787344709045 111
1787344709206 45
1787344709301 74
1787344709427 45
1787344709523 44
1787344709617 45
1787344709713 44
1787344709806 45
1787344709903 100
1787344710054 46
1787344710149 110
1787344710341 115
1787344710965 117
1787344711133 117
1787344711811 47
1787344711910 47
1787344712011 47
1787344712110 47
1787344712210 48
1787344712311 104
1787344712467 48
1787344712568 117
1787344712738 80
1787344712870 47
1787344712970 46
1787344713069 47
1787344713168 47
1787344713268 47
1787344713366 47
1787344713466 46
1787344713565 48
1787344713666 48
1787344713766 48
1787344713867 47
1787344713966 121
1787344714141 47
1787344714240 48
1787344714341 48
1787344714441 48
1787344714542 60
1787344714654 50
1787344714757 48
1787344714857 51
1787344714961 51
1787344715063 51
1787344715166 56
1787344715275 51
1787344715379 51
1787344723090 121
1787344723264 47
1787344723363 47
1787344723461 47
1787344723560 122
1787344723740 48
1787344723843 47
1787344723947 50
1787344724053 48
1787344724155 47
1787344724257 48
1787344724361 49
1787344731803 126
1787344738429 124
1787344741398 125
1787344753249 129
1787344753833 47
1787344753931 47
1787344754118 48
1787344754751 49
1787344784012 128
1787344800423 126
1787344800602 47
1787344802085 125
1787344810402 126
1787344861690 122
1787344876859 142
1787344892456 126
1787344937466 124
1787344998307 127
1787345059886 124
1787345091153 121
1787346258073 131
1787346493467 147
1787346645906 146
1787346909753 144
1787346920027 145
1787346971196 144
1787347046201 144
1787347769960 138
1787347790381 139
1787348121846 96
