1787344565874 17336 16
1787344565943 69196 12
1787344566009 119500 13
1787344566078 170404 14
1787344566150 210548 13
1787344566221 244728 14
1787344566296 264068 13
1787344566813 264132 15
1787344572118 264316 15
1787344572253 269032 14
1787344572756 270400 13
1787344572833 330368 15
1787344573020 343444 14
1787344573099 370456 15
1787344573411 374636 15
1787344573683 378736 15
1787344573976 382832 16
1787344574250 386932 15
1787344574548 391032 15
1787344574822 395128 15
1787344575084 399224 16
1787344575360 403320 16
1787344575658 407428 18
1787344575937 411524 17
1787344576333 417672 17
1787344576731 423816 17
1787344577142 429968 16
1787344577541 436112 18
1787344577952 442268 17
1787344578149 460316 18
1787344578602 466796 18
1787344578999 472940 19
1787344579413 479088 18
1787344579813 485232 20
1787344580230 491384 18
1787344580632 497528 18
1787344581012 503676 19
1787344581431 509824 18
1787344581835 515968 20
1787344582232 522112 19
1787344582641 528260 19
1787344582998 535296 20
1787344583323 541420 19
1787344583736 547568 19
1787344584171 553712 19
1787344584584 559856 20
1787344584985 566000 20
1787344585400 572144 20
1787344585807 578288 20
1787344586200 584432 20
1787344586610 590576 20
1787344587006 596720 21
1787344587417 602864 21
1787344587831 610800 22
1787344588308 617140 21
1787344588742 623284 23
1787344589295 631476 22
1787344589762 637620 25
1787344590295 645812 23
1787344590877 654004 22
1787344591328 660148 22
1787344591915 668340 23
1787344592466 676532 24
1787344592880 684544 22
1787344593411 692736 24
1787344593958 700928 23
1787344594516 709120 24
1787344595104 717312 25
1787344595644 725504 24
1787344596201 733696 24
1787344596766 741888 25
1787344597310 751488 25
1787344597885 759680 26
1787344598448 767872 25
1787344598999 776064 26
1787344599566 784256 25
1787344600150 792448 27
1787344600724 800640 26
1787344601283 808832 27
1787344601869 817352 27
1787344602480 825544 27
1787344603059 833736 27
1787344603625 841928 29
1787344604330 852168 28
1787344604973 860360 29
1787344605687 870600 27
1787344606263 878860 29
1787344606964 888972 28
1787344607542 897164 29
1787344608236 907404 28
1787344608820 915596 30
1787344609547 925836 31
1787344610264 936076 32
1787344610940 946120 30
1787344611634 956364 31
1787344612352 966604 31
1787344613049 976844 31
1787344613763 987084 33
1787344614483 997324 33
1787344615186 1007288 34
1787344615932 1017528 40
1787344616664 1027772 33
1787344617402 1038012 33
1787344618148 1048252 35
1787344618886 1058064 34
1787344619593 1068304 34
1787344620320 1078544 35
1787344621036 1088784 35
1787344621773 1099024 35
1787344622496 1109264 35
1787344623281 1119740 35
1787344624053 1131180 35
1787344624768 1141420 37
1787344625546 1151660 37
1787344626426 1163988 37
1787344627225 1175204 36
1787344627964 1185444 37
1787344628839 1197732 39
1787344629732 1210020 38
1787344630545 1221224 39
1787344631444 1233512 38
1787344632334 1245800 40
1787344633240 1258088 39
1787344634101 1269316 40
1787344635008 1281604 40
1787344635907 1293892 40
1787344636831 1306180 42
1787344637790 1319348 41
1787344638722 1331636 43
1787344639660 1343928 41
1787344640635 1357092 44
1787344641578 1369380 42
1787344642510 1381668 44
1787344643448 1394344 43
1787344644432 1407004 47
1787344645390 1419292 47
1787344646493 1434240 44
1787344647509 1446560 45
1787344648478 1458848 45
1787344649423 1471716 47
1787344650407 1484004 48
1787344651377 1496292 49
1787344652519 1511212 50
1787344653656 1525548 50
1787344654779 1540384 51
1787344655925 1554720 50
1787344657083 1569056 51
1787344658173 1583852 52
1787344659277 1598188 52
1787344660393 1612928 54
1787344661545 1627672 52
1787344662606 1639960 55
1787344663732 1654664 54
1787344664875 1669000 56
1787344666059 1683656 57
1787344667211 1698296 57
1787344668373 1712632 57
1787344669607 1729292 56
1787344670896 1746204 59
1787344672179 1762788 58
1787344673490 1779540 61
1787344674547 1818608 63
1787344675941 1823620 65
1787344678755 1823652 64
1787344702307 1824124 62
1787344702962 1844736 62
1787344704461 1848732 63
1787344706212 1848736 64
1787344708288 1850652 62
1787344709045 1869816 63
1787344710149 1941252 62
1787344710341 2000520 67
1787344710965 2038572 68
1787344711133 2081932 68
1787344712568 2085912 68
1787344713966 2087552 71
1787344723090 2088340 71
1787344723560 2117660 71
1787344731803 2117800 75
1787344738429 2117940 73
1787344741398 2117944 74
1787344753249 2133048 77
1787344784012 2133324 77
1787344800423 2133328 76
1787344802085 2133336 74
1787344810402 2133340 75
1787344861690 2133348 71
1787344876859 2133352 74
1787344892456 2133356 74
1787344937466 2134124 73
1787344998307 2134380 77
1787345059886 2134384 72
1787345091153 2134388 71
1787346258073 2134392 78
1787346493467 2198932 74
1787346645906 2198936 74
1787346909753 2199156 74
1787346920027 2199844 75
1787346971196 2199864 72
1787347046201 2199868 71
1787347769960 2199876 69
1787347790381 2202500 70
1787348121846 2202508 32
