1790716551182 60
1790716551278 56
1790716551472 30
1790716551539 53
1790716551721 58
1790716552202 55
1790716552293 33
1790716552363 33
1790716552446 35
1790716552518 53
1790716552608 32
1790716552678 32
1790716552748 60
1790716552845 34
1790716552916 35
1790716553848 62
1790716553968 65
1790716554220 170
1790716554451 66
1790716554578 66
1790716554774 64
1790716554900 63
1790716555024 67
1790716555153 68
1790716555285 67
1790716555396 75
1790716555534 65
1790716555663 67
1790716555773 41
1790716555877 69
1790716556011 42
1790716556100 71
1790716558803 76
1790716558926 74
1790716559073 76
1790716559197 73
1790716559345 77
1790716559471 75
1790716560061 73
1790716560201 70
1790716560311 42
1790716560631 73
1790716560749 41
1790716562729 71
1790716565711 73
1790716566517 71
1790716570764 77
1790716570885 81
1790716571034 38
1790716578925 81
1790716579095 40
