1790717701178 13410792 118
1790717701940 14848488 116
1790717702792 16923112 116
1790717703656 19022312 119
1790717704524 21127656 117
1790717705385 23224808 121
1790717706252 25324008 120
1790717707089 27437544 119
1790717707857 29524456 121
1790717708625 31615464 119
1790717709395 33733096 119
1790717710168 35834344 124
1790717710925 37925352 123
1790717711701 40026600 120
1790717712450 42115560 126
1790717713246 44239336 126
1790717714005 46318056 121
1790717714803 48402920 125
1790717715580 50522600 121
1790717716346 52607464 130
1790717717127 54712808 118
1790717721028 55160052 128
1790717721955 55726752 125
1790717722986 56353408 138
1790717725777 56553500 141
1790717728696 56831244 145
1790717735708 56900004 152
1790717742710 57009940 149
1790717756603 57240520 146
1790717763248 57370536 148
1790717769692 57429928 147
1790717776179 57487272 149
1790717782799 57546664 149
