1790694404010 63
1790694404190 32
1790694404258 33
1790694404329 33
1790694404401 32
1790694404472 60
1790694404570 32
1790694404642 31
1790694404741 30
1790694404810 32
1790694404878 61
1790694404991 31
1790694405060 30
1790694405157 30
1790694405229 31
1790694405301 33
1790694405373 30
1790694405443 32
1790694405512 60
1790694405610 30
1790694405682 31
1790694405784 33
1790694405857 31
1790694405926 34
1790694405997 32
1790694406066 31
1790694406136 60
1790694406234 33
1790694406308 32
1790694406407 32
1790694406480 33
1790694406593 35
1790694406665 34
1790694406735 60
1790694406834 29
1790694406901 32
1790694406970 32
1790694407038 31
1790694407107 32
1790694407175 65
1790694407277 33
1790694407401 29
1790694407468 32
1790694407539 33
1790694407611 63
1790694407721 34
1790694407792 31
1790694407861 35
1790694407934 34
1790694408036 31
1790694408103 34
1790694408174 60
1790694408268 36
1790694408356 35
1790694408430 32
1790694408499 33
1790694408572 32
1790694408673 31
1790694408741 34
1790694408813 66
1790694408918 31
1790694408987 33
1790694409057 31
1790694409125 33
1790694409207 34
1790694409278 60
1790694410781 62
1790694410882 34
1790694410955 34
1790694411031 66
1790694411188 35
1790694411280 38
1790694411402 80
1790694411538 65
1790694411677 70
1790694411822 67
1790694411968 72
1790694412117 70
1790694412266 72
1790694412415 68
1790694412562 72
1790694412698 71
1790694412858 36
1790694412934 36
1790694413013 38
1790694413090 35
1790694413202 68
1790694413311 35
1790694413388 35
1790694413465 36
1790694413545 35
1790694413622 35
1790694413696 36
1790694413775 37
1790694413903 68
1790694414011 35
1790694414091 37
1790694414168 35
1790694414244 37
1790694414323 34
1790694414412 36
1790694414488 37
1790694414566 67
1790694414704 34
1790694414780 36
1790694414861 34
1790694414937 35
1790694415011 36
1790694415088 39
1790694415168 69
1790694415279 34
1790694415386 36
1790694415464 38
1790694415544 37
1790694415625 38
1790694415704 36
1790694415782 38
1790694415864 69
1790694415973 39
1790694416089 40
1790694416171 35
1790694416249 38
1790694416327 39
1790694416408 36
1790694416487 39
1790694416569 71
1790694416684 36
1790694416764 36
1790694416876 35
1790694416954 35
1790694417031 37
1790694417112 36
1790694417189 37
1790694417269 38
1790694417349 72
1790694417463 36
1790694417576 37
1790694417657 37
1790694417740 37
1790694417820 38
1790694417900 36
1790694417978 72
1790694418106 70
1790694418217 36
1790694418326 36
1790694418404 39
1790694418534 37
1790694418616 36
1790694418693 37
1790694418773 36
1790694418851 72
1790694418964 35
1790694419042 37
1790694419120 35
1790694419229 40
1790694419314 33
1790694419389 38
1790694419466 37
1790694419545 35
1790694419622 67
1790694419747 34
1790694419821 37
1790694419935 37
1790694420014 36
1790694420091 38
1790694420173 38
1790694420253 35
1790694420332 73
1790694420450 36
1790694420529 36
1790694420640 34
1790694420717 38
1790694420797 35
1790694420875 36
1790694420952 34
1790694421028 39
1790694421108 71
1790694421222 36
1790694421332 73
1790694421461 66
1790694421572 36
1790694421681 37
1790694421774 35
1790694421851 36
1790694421930 35
1790694422006 36
1790694422084 34
1790694422159 70
1790694422273 37
1790694422353 38
1790694422469 36
1790694422547 36
1790694422625 35
1790694422702 38
1790694422797 36
1790694422874 71
1790694422987 36
1790694423065 38
1790694423147 38
1790694423257 36
1790694423466 38
1790694423639 75
1790694423777 75
1790694423911 74
1790694424077 80
1790694424218 41
1790694424323 71
1790694424501 77
1790694424621 75
1790694424790 85
1790694424917 74
1790694425087 42
1790694425172 76
1790694425324 51
1790694425420 39
1790694425562 73
1790694425715 74
1790694425851 40
1790694425954 43
1790694426056 75
1790694426197 41
1790694426300 78
1790694426435 42
1790694426557 43
1790694426675 78
1790694426817 41
1790694426902 44
1790694426991 43
1790694427109 42
1790694427194 42
1790694427284 44
1790694427372 41
1790694427492 77
1790694427644 41
1790694427728 41
1790694427814 44
1790694427906 43
1790694427995 39
1790694428078 44
1790694428203 73
1790694428320 42
1790694428410 42
1790694428497 42
1790694428584 42
1790694428673 42
1790694428764 41
1790694428853 40
1790694428974 80
1790694429106 39
1790694429190 44
1790694429277 42
1790694429366 40
1790694429455 41
1790694429560 43
1790694429725 73
1790694429843 43
1790694429932 42
1790694430018 38
1790694430103 43
1790694430192 41
1790694430279 41
1790694430365 40
1790694430502 77
1790694430623 41
1790694430711 41
1790694430799 42
1790694430886 42
1790694430975 41
1790694431062 40
1790694431146 40
1790694431269 78
1790694431392 42
1790694431479 42
1790694431567 42
1790694431658 41
1790694431743 41
1790694431833 42
1790694431923 78
1790694432102 44
1790694432190 42
1790694432279 41
1790694432367 42
1790694432473 42
1790694432565 42
1790694432652 44
1790694432776 78
1790694432898 41
1790694432989 41
1790694433075 43
1790694433167 42
1790694433252 41
1790694433341 43
1790694433432 43
1790694433557 78
1790694433680 42
1790694433767 43
1790694433857 42
1790694433946 42
1790694434035 44
1790694434130 43
1790694434220 42
1790694434343 77
1790694434469 42
1790694434558 39
1790694434646 42
1790694434734 39
1790694434823 42
1790694434913 44
1790694435008 41
1790694435132 77
1790694435257 42
1790694435348 44
1790694435438 42
1790694435566 79
1790694435729 41
1790694435815 40
1790694435903 42
1790694435995 41
1790694436084 43
1790694436175 43
1790694436303 77
1790694436429 41
1790694436518 41
1790694436611 38
1790694436695 41
1790694436783 38
1790694436869 38
1790694436961 41
1790694437084 75
1790694437207 40
1790694437296 41
1790694437383 42
1790694437472 40
1790694437587 39
1790694437867 72
1790694437985 42
1790694438296 54
1790694438395 57
1790694438499 79
1790694438688 44
1790694438795 80
1790694438940 82
1790694439131 88
1790694439288 79
1790694439431 84
1790694439585 46
1790694439696 83
1790694439905 84
1790694440051 86
1790694440206 46
1790694440317 81
1790694440448 45
1790694440578 81
1790694440735 83
1790694440883 48
1790694440984 85
1790694441182 47
1790694441277 85
1790694441479 46
1790694441571 48
1790694441669 46
1790694441766 47
1790694441896 45
1790694441987 48
1790694442082 83
1790694442253 49
1790694442353 46
1790694442451 45
1790694442547 48
1790694442646 46
1790694442743 46
1790694442840 47
1790694442974 85
1790694443112 49
1790694443212 47
1790694443308 48
1790694443404 47
1790694443505 49
1790694443608 47
1790694443743 87
1790694443943 47
1790694444067 44
1790694444190 47
1790694444286 46
1790694444385 47
1790694444520 48
1790694444641 85
1790694444774 45
1790694444873 47
1790694444968 46
1790694445068 46
1790694445163 46
1790694445298 47
1790694445396 43
1790694445494 86
1790694445628 45
1790694445725 47
1790694445825 46
1790694445921 46
1790694446019 86
1790694446192 47
1790694446293 46
1790694446395 48
1790694446546 45
1790694446641 46
1790694446738 48
1790694446838 85
1790694446974 47
1790694447069 48
1790694447172 46
1790694447307 46
1790694447405 47
1790694447502 46
1790694447601 86
1790694447738 47
1790694447838 49
1790694447938 45
1790694448073 46
1790694448172 47
1790694448271 46
1790694448370 86
1790694448508 49
1790694448607 46
1790694448705 49
1790694448806 45
1790694448945 49
1790694449044 46
1790694449146 90
1790694449288 48
1790694449390 48
1790694449492 46
1790694449590 47
1790694449690 45
1790694449827 46
1790694449923 46
1790694450022 87
1790694450165 46
1790694450263 43
1790694450360 46
1790694450484 82
1790694450632 45
1790694450770 47
1790694450896 44
1790694450992 46
1790694451095 45
1790694451193 43
1790694451284 83
1790694451421 46
1790694451521 44
1790694451656 46
1790694451755 46
1790694451854 44
1790694451952 45
1790694452048 86
1790694452187 45
1790694452290 46
1790694452426 45
1790694452523 46
1790694452621 45
1790694452723 45
1790694452820 45
1790694452916 86
1790694453080 45
1790694453203 44
1790694453435 88
1790694453575 90
1790694453777 51
1790694453890 90
1790694454032 47
1790694454133 49
1790694454320 92
1790694454460 49
1790694454602 87
1790694454771 50
1790694454883 49
1790694454986 90
1790694455128 48
1790694455271 89
1790694455462 67
1790694457059 68
1790694457245 36
1790694457323 35
1790694457401 73
1790694457577 38
1790694457655 74
1790694457804 40
1790694457889 38
1790694457969 71
1790694458096 34
1790694458194 39
1790694458275 39
1790694458357 70
1790694458502 34
1790694458580 35
1790694458658 72
1790694458821 68
1790694458932 35
1790694459041 37
1790694459151 69
1790694459281 34
1790694459357 37
1790694459436 37
1790694459540 36
1790694459618 37
1790694459830 74
1790694459946 41
1790694460031 37
1790694460109 41
1790694460190 40
1790694460276 36
1790694460354 40
1790694460435 40
1790694460520 40
1790694460635 74
1790694460754 37
1790694460835 40
1790694460914 37
1790694460991 41
1790694461072 36
1790694461150 38
1790694461247 38
1790694461326 39
1790694461444 75
1790694461562 41
1790694461644 40
1790694461724 40
1790694461808 38
1790694461887 37
1790694461963 38
1790694462042 36
1790694462152 37
1790694462229 73
1790694462345 38
1790694462425 37
1790694462503 39
1790694462584 36
1790694462663 39
1790694462744 42
1790694462865 38
1790694462942 37
1790694463019 75
1790694463137 36
1790694463213 38
1790694463295 38
1790694463375 41
1790694463458 37
1790694463536 40
1790694463651 38
1790694463728 41
1790694463811 77
1790694463932 39
1790694464013 39
1790694464102 39
1790694464183 39
1790694464264 39
1790694464380 39
1790694464460 42
1790694464545 38
1790694464625 77
1790694464745 38
1790694464825 41
1790694464906 38
1790694464986 40
1790694465102 38
1790694465183 38
1790694465264 41
1790694465347 39
1790694465427 75
1790694465568 41
1790694465649 39
1790694465732 40
1790694465846 37
1790694465926 39
1790694466007 39
1790694466089 41
1790694466171 39
1790694466252 78
1790694466371 41
1790694466457 40
1790694466576 37
1790694466657 39
1790694466738 40
1790694466823 43
1790694466947 38
1790694467026 73
1790694467140 38
1790694467220 41
1790694467336 40
1790694467417 38
1790694467495 40
1790694467577 40
1790694467659 39
1790694467738 75
1790694467856 36
1790694467933 39
1790694468053 42
1790694468139 40
1790694468221 36
1790694468300 40
1790694468384 40
1790694468468 40
1790694468550 74
1790694468692 42
1790694468812 42
1790694468898 38
1790694469030 41
1790694470675 73
1790694470790 74
1790694470921 37
1790694471024 37
1790694471114 74
1790694471265 35
1790694471343 36
1790694471421 36
1790694471513 71
1790694471643 36
1790694471721 34
1790694471800 73
1790694471949 36
1790694472027 37
1790694472109 36
1790694472203 76
1790694472340 34
1790694472417 38
1790694472499 38
1790694472578 75
1790694472732 38
1790694472813 38
1790694472892 71
1790694473020 37
1790694473118 36
1790694473199 36
1790694473280 38
1790694473358 76
1790694473539 37
1790694473700 36
1790694473778 39
1790694473861 37
1790694473941 35
1790694474018 36
1790694474097 36
1790694474175 73
1790694474290 37
1790694474369 36
1790694474484 37
1790694474563 34
1790694474641 35
1790694474719 37
1790694474797 35
1790694474875 40
1790694474965 69
1790694475077 36
1790694475157 37
1790694475265 37
1790694475344 35
1790694475423 36
1790694475500 36
1790694475580 37
1790694475658 37
1790694475737 75
1790694475855 36
1790694475934 40
1790694476053 40
1790694476136 38
1790694476216 38
1790694476299 36
1790694476377 39
1790694476459 36
1790694476539 73
1790694476655 38
1790694476734 36
1790694476846 39
1790694476927 40
1790694477009 35
1790694477085 38
1790694477165 36
1790694477244 36
1790694477325 71
1790694477444 38
1790694477526 40
1790694477647 36
1790694477726 40
1790694477811 37
1790694477890 38
1790694477970 40
1790694478053 37
1790694478132 74
1790694478248 38
1790694478327 38
1790694478445 37
1790694478526 35
1790694478607 38
1790694478687 36
1790694478764 44
1790694478850 74
1790694478965 39
1790694479050 37
1790694479130 37
1790694479246 36
1790694479324 35
1790694479400 38
1790694479483 37
1790694479564 38
1790694479645 75
1790694479762 36
1790694479843 36
1790694479921 37
1790694480035 38
1790694480116 35
1790694480193 37
1790694480273 38
1790694480354 36
1790694480434 73
1790694480551 40
1790694480635 36
1790694480715 37
1790694480829 38
1790694480910 37
1790694480993 39
1790694481076 37
1790694481157 40
1790694481241 72
1790694481358 40
1790694481446 38
1790694481529 37
1790694481649 38
1790694481732 35
1790694481816 38
1790694481899 37
1790694481979 78
1790694482102 39
1790694482185 37
1790694482265 38
1790694482347 37
1790694482462 37
1790694482543 42
1790694482629 36
1790694482710 38
1790694482840 72
1790694483039 36
1790694483174 38
1790694483254 36
1790694483333 36
1790694483412 35
1790694483491 75
1790694483641 37
1790694483723 37
1790694483836 78
1790694483976 36
1790694484054 38
1790694484134 38
1790694484215 73
1790694484364 35
1790694484442 37
1790694484521 38
1790694484618 76
1790694484735 38
1790694484852 37
1790694484931 37
1790694485022 76
1790694485178 37
1790694485274 74
1790694485388 36
1790694485506 38
1790694485599 72
1790694485713 36
1790694485829 35
1790694485924 73
1790694486038 37
1790694486153 36
1790694486244 38
1790694486377 36
1790694486639 35
1790694486716 74
1790694486832 37
1790694486948 36
1790694487026 37
1790694487105 37
1790694487184 37
1790694487262 37
1790694487342 38
1790694487422 36
1790694487500 71
1790694487615 39
1790694487732 37
1790694487894 41
1790694487976 42
1790694488062 40
1790694488145 40
1790694488230 39
1790694488313 71
1790694488426 41
1790694488549 41
1790694488631 37
1790694488712 41
1790694488794 39
1790694488876 41
1790694488957 40
1790694489043 77
1790694489161 41
1790694489243 40
1790694489364 42
1790694489452 41
1790694489536 41
1790694489618 41
1790694489705 39
1790694489787 41
1790694489875 78
1790694489992 38
1790694490078 39
1790694490198 40
1790694490282 42
1790694490365 41
1790694490454 37
1790694490531 40
1790694490613 74
1790694490730 37
1790694490810 38
1790694490891 41
1790694491011 39
1790694491093 39
1790694491175 40
1790694491258 42
1790694491359 76
1790694491475 34
1790694491556 37
1790694491640 37
1790694491754 39
1790694491835 36
1790694491914 35
1790694491994 36
1790694492073 37
1790694492153 70
1790694492266 36
1790694492344 36
1790694492424 37
1790694492539 35
1790694492617 34
1790694492693 36
1790694492773 36
1790694492851 36
1790694492929 70
1790694493041 37
1790694493121 38
1790694493231 35
1790694493347 37
1790694493482 40
1790694493697 76
