1790694404010 262064 29
1790694404472 264688 28
1790694404878 267848 28
1790694405512 270064 27
1790694406136 271404 28
1790694406735 274108 28
1790694407175 277156 31
1790694407611 281504 31
1790694408174 284816 29
1790694408813 286208 31
1790694409278 301276 28
1790694410781 301332 31
1790694411031 314608 31
1790694411402 337832 34
1790694411538 359980 31
1790694411677 385288 32
1790694411822 402224 32
1790694411968 425592 35
1790694412117 437808 34
1790694412266 459196 34
1790694412415 475208 32
1790694412562 483900 34
1790694412698 490812 33
1790694413202 495764 33
1790694413903 500036 31
1790694414566 501496 31
1790694415168 506684 31
1790694415864 507212 33
1790694416569 507784 35
1790694417349 508416 33
1790694417978 513620 33
1790694418106 522060 34
1790694418851 523200 34
1790694419622 523944 31
1790694420332 525316 35
1790694421108 527024 33
1790694421332 536744 33
1790694421461 544064 31
1790694422159 546400 33
1790694422874 547968 35
1790694423639 560512 36
1790694423777 566732 34
1790694423911 581044 34
1790694424077 599296 39
1790694424323 612196 31
1790694424501 621692 34
1790694424621 631264 35
1790694424790 640140 35
1790694424917 649324 34
1790694425172 658184 35
1790694425562 672308 33
1790694425715 686176 33
1790694426056 701688 32
1790694426300 711896 35
1790694426675 719640 36
1790694427492 726160 34
1790694428203 727472 32
1790694428974 728500 36
1790694429725 733076 32
1790694430502 733752 34
1790694431269 734412 35
1790694431923 747820 36
1790694432776 749152 34
1790694433557 749788 35
1790694434343 750820 35
1790694435132 752420 36
1790694435566 769676 35
1790694436303 771848 36
1790694437084 773364 36
1790694437867 774536 35
1790694438499 794700 35
1790694438795 802856 35
1790694438940 817052 36
1790694439131 845060 40
1790694439288 853516 34
1790694439431 867964 37
1790694439696 892580 36
1790694439905 908572 38
1790694440051 924144 37
1790694440317 934816 34
1790694440578 945244 36
1790694440735 957500 37
1790694440984 975332 36
1790694441277 985208 36
1790694442082 988988 38
1790694442974 989648 36
1790694443743 994228 38
1790694444641 995128 37
1790694445494 995840 36
1790694446019 1009100 37
1790694446838 1010128 37
1790694447601 1010712 36
1790694448370 1011276 36
1790694449146 1012292 39
1790694450022 1013856 41
1790694450484 1030852 36
1790694451284 1032912 37
1790694452048 1034292 40
1790694452916 1035580 40
1790694453435 1048192 38
1790694453575 1065832 40
1790694453890 1080240 37
1790694454320 1096848 41
1790694454602 1114556 38
1790694454986 1132968 38
1790694455271 1144776 37
1790694457059 1153596 34
1790694457401 1174076 36
1790694457655 1188412 36
1790694457969 1200700 37
1790694458357 1215036 34
1790694458658 1227324 35
1790694458821 1239612 34
1790694459151 1255996 34
1790694459830 1269040 37
1790694460635 1270492 36
1790694461444 1278556 35
1790694462229 1279212 36
1790694463019 1279996 35
1790694463811 1290916 36
1790694464625 1297680 36
1790694465427 1298788 39
1790694466252 1300620 38
1790694467026 1313696 32
1790694467738 1315452 37
1790694468550 1316456 36
1790694470675 1323484 38
1790694470790 1343964 37
1790694471114 1360348 36
1790694471513 1374684 36
1790694471800 1389020 36
1790694472203 1405404 37
1790694472578 1419740 38
1790694472892 1434076 36
1790694473358 1448612 38
1790694474175 1449680 37
1790694474965 1451140 35
1790694475737 1451792 38
1790694476539 1452544 36
1790694477325 1453200 36
1790694478132 1453864 35
1790694478850 1454508 37
1790694479645 1455848 37
1790694480434 1457776 37
1790694481241 1459648 35
1790694481979 1461200 38
1790694482840 1462980 36
1790694483491 1480304 37
1790694483836 1498736 38
1790694484215 1515120 35
1790694484618 1537648 39
1790694485022 1556080 40
1790694485274 1572464 37
1790694485599 1590896 36
1790694485924 1611376 36
1790694486716 1625820 37
1790694487500 1626504 37
1790694488313 1627248 34
1790694489043 1627812 37
1790694489875 1628576 36
1790694490613 1629716 35
1790694491359 1631664 36
1790694492153 1633728 35
1790694492929 1635572 35
1790694493697 1717452 38
