# timestamp_ms rss_kb
1790704780378 29760
1790704780470 31692
1790704780499 37588
1790704780527 42072
1790704780556 54296
1790704780585 60124
1790704780635 61880
1790704780666 82516
1790704780695 92688
1790704780725 95440
1790704780777 98720
1790704780807 101124
1790704780839 105136
1790704780869 108376
1790704780901 110724
1790704780933 113464
1790704780963 116536
1790704781037 119944
1790704781069 122860
1790704781144 126012
1790704781221 128880
1790704781364 131848
1790704781397 135652
1790704781469 139124
1790704781608 142124
1790704781814 145032
1790704781930 148712
1790704782008 151776
1790704782063 156084
1790704782114 160776
1790704782165 164972
1790704782260 178340
1790704782296 217152
1790704782333 236840
1790704782416 262324
1790704782454 269684
1790704782539 275084
1790704782893 287232
1790704783099 293932
1790704783652 301924
1790704783795 309644
1790704784063 316920
1790704784283 324244
1790704784531 331456
1790704784781 338860
1790704785244 346292
1790704785778 353328
1790704786205 360680
1790704787159 368012
1790704788315 375860
1790704788870 562440
1790704788980 607744
1790704797196 620116
1790704797276 634036
1790704797333 684876
1790704797440 698744
1790704797496 715008
1790704797604 736980
1790704797660 756784
1790704797799 783272
1790704797942 806452
1790704798050 834124
1790704798106 858288
1790704798218 875792
1790704798391 898072
1790704798535 922124
1790704798681 954112
1790704798827 976416
1790704801779 1003060
1790704801867 1029684
1790704801955 1054260
1790704802044 1078836
1790704802132 1103412
1790704802219 1125940
1790704802308 1150516
1790704802428 1181236
1790704802566 1218100
1790704802654 1242676
1790704802772 1275444
1790704802892 1310260
1790704803029 1347124
1790704803147 1379892
1790704803373 1451000
1790704803426 1560772
1790704803661 1609756
1790704803810 1680904
1790704803866 1720076
1790704803980 1779988
1790704804129 1839896
1790704805803 1884696
1790704805973 1983916
1790704806039 2170284
1790704806105 2314824
1790704806269 2406392
1790704806576 2413356 (true peak, below trigger threshold; snapshot is in peaks/peak.smaps)
