1790704782319 73
1790704782433 73
1790704782547 74
1790704782663 74
1790704782819 51
1790704782912 74
1790704783029 50
1790704783122 76
1790704783241 49
1790704783333 48
1790704783453 48
1790704783545 75
1790704783666 78
1790704783791 81
1790704783918 81
1790704784045 78
1790704784170 83
1790704784300 82
1790704784428 53
1790704784529 84
1790704784660 86
1790704784793 84
1790704784925 51
1790704785024 82
1790704785153 52
1790704785254 53
1790704785355 53
1790704785455 81
1790704785582 52
1790704785683 81
1790704785811 54
1790704785913 53
1790704786013 83
1790704786143 53
1790704786244 56
1790704786346 51
1790704786445 53
1790704786546 84
1790704786678 52
1790704786779 53
1790704786880 53
1790704786983 53
1790704787085 50
1790704787183 84
1790704787315 53
1790704787417 53
1790704787519 55
1790704787650 53
1790704787752 54
1790704787852 84
1790704787984 51
1790704788112 55
1790704788215 53
1790704788317 55
1790704788419 55
1790704788523 79
1790704788651 53
1790704788752 53
1790704788854 84
1790704793994 90
1790704794216 56
1790704794324 56
1790704794432 57
1790704794540 57
1790704794648 58
1790704794757 88
1790704794895 58
1790704795005 57
1790704795113 58
1790704795222 56
1790704795358 56
1790704795465 93
1790704795609 55
1790704795715 56
1790704795822 58
1790704795985 56
1790704796094 56
1790704796203 93
1790704796347 57
1790704796455 57
1790704796565 56
1790704796673 57
1790704796783 95
1790704796930 60
1790704797042 95
1790704797190 57
1790704797330 92
1790704797478 93
1790704797628 98
1790704797781 97
1790704797932 97
1790704798084 95
1790704798235 97
1790704798387 103
1790704798545 99
1790704798698 96
1790704798848 57
1790704798958 58
1790704799069 58
1790704799177 59
1790704799290 58
1790704799398 58
1790704799508 101
1790704799661 59
1790704799773 57
1790704799884 59
1790704799994 58
1790704800132 56
1790704800319 99
1790704800471 58
1790704800581 60
1790704800694 59
1790704800806 58
1790704800917 58
1790704801029 57
1790704801139 94
1790704801286 57
1790704801393 57
1790704801503 58
1790704801613 59
1790704801727 1628
1790704803409 105
1790704803566 57
1790704803677 103
1790704803833 104
1790704803990 106
1790704804610 113
1790704805513 113
1790704805684 64
1790704805804 109
1790704805971 223
1790704806250 111
1790704806416 64
1790704806589 113
