1790741272993 26136 25
1790741273155 46940 21
1790741274150 46976 20
1790741274218 48280 21
1790741275167 48624 20
1790741275233 57156 20
1790741275312 100760 22
1790741275389 121900 21
1790741275509 158788 21
1790741275585 177252 20
1790741276012 177260 22
1790741276479 177508 22
1790741276593 182944 21
1790741276673 190420 21
1790741276755 197004 23
1790741276840 201912 25
1790741277370 204368 24
1790741277445 212120 25
1790741277535 225628 24
1790741277678 228756 25
1790741277759 232228 26
1790741277851 238652 24
1790741277938 245612 25
1790741278026 269104 26
1790741278120 340996 27
1790741278210 410748 28
1790741278303 488680 27
1790741278396 580932 26
1790741279064 581164 26
1790741279764 581176 26
1790741279845 603708 27
1790741279939 656956 26
1790741280032 710220 25
1790741280124 736880 26
1790741280694 737008 25
1790741280937 746520 26
1790741281473 756384 25
1790741282029 763724 27
1790741282110 788616 26
1790741282202 821124 25
1790741282298 859420 26
1790741282528 873388 26
1790741282611 906660 27
1790741282708 916648 27
1790741282923 929052 30
1790741283083 939416 27
1790741284075 940860 31
1790741286181 945348 30
1790741288226 947012 28
1790741290292 951492 28
1790741292173 951528 31
1790741292449 965056 29
1790741293507 969792 33
1790741294355 978008 27
1790741294904 984200 30
1790741294991 1014940 29
1790741295090 1064124 32
1790741295192 1117404 28
1790741295290 1133784 28
1790741295904 1133796 29
1790741296500 1136284 29
1790741297228 1136876 28
1790741298250 1137256 29
1790741298844 1137280 29
1790741299653 1137288 29
1790741300328 1137420 29
1790741301440 1138900 30
1790741302154 1139016 28
1790741302913 1140436 29
1790741303519 1140464 28
1790741304148 1140476 29
1790741305411 1141064 28
1790741306045 1148136 31
1790741308015 1148484 30
1790741309397 1149060 29
1790741310009 1149772 28
1790741310596 1149796 31
1790741311855 1149820 30
1790741312477 1149840 29
1790741314015 1149844 30
1790741314759 1150044 30
1790741315784 1150056 28
1790741316411 1151084 29
1790741317490 1151104 28
1790741318103 1151120 31
1790741318912 1152072 28
1790741319740 1152116 28
1790741322914 1152768 30
1790741324383 1153652 30
1790741325404 1153672 29
1790741326124 1155148 30
1790741332569 1155356 30
1790741337279 1156384 30
1790741338468 1156480 29
1790741339285 1163496 28
1790741339866 1169940 30
1790741340738 1169944 29
1790741340882 1255248 32
1790741340981 1366892 30
1790741341640 1370688 29
1790741342024 1400452 29
1790741342630 1421524 31
1790741343320 1433784 34
1790741343416 1476148 31
1790741411700 1476856 33
1790741411795 1496256 29
1790741412917 1515916 32
1790741413096 1545044 33
1790741611843 1554004 35
1790741873011 1554428 33
1790741938397 1555472 32
1790742003558 1574044 32
1790742069073 1588908 32
