# timestamp_ms rss_kb
1785799281677 13490116
1785799282478 14843844
1785799283374 16928708
1785799284287 19034052
1785799285216 21125060
1785799286123 23224260
1785799287018 25327556
1785799287868 27430852
1785799288674 29525956
1785799289469 31627204
1785799290257 33730500
1785799291044 35823556
1785799291834 37924804
1785799292628 40024004
1785799293418 42123204
1785799294209 44218308
1785799295002 46323652
1785799295802 48428996
1785799296592 50515908
1785799297407 52617156
1785799298202 54718404
1785799303240 55851728
1785799316119 56974880
1785799382936 57857128 (true peak, below trigger threshold; snapshot is in peaks/peak.smaps)
