1785799281677 13490116 120
1785799282478 14843844 117
1785799283374 16928708 122
1785799284287 19034052 153
1785799285216 21125060 118
1785799286123 23224260 120
1785799287018 25327556 118
1785799287868 27430852 121
1785799288674 29525956 121
1785799289469 31627204 120
1785799290257 33730500 122
1785799291044 35823556 123
1785799291834 37924804 123
1785799292628 40024004 121
1785799293418 42123204 121
1785799294209 44218308 123
1785799295002 46323652 124
1785799295802 48428996 123
1785799296592 50515908 162
1785799297407 52617156 125
1785799298202 54718404 121
1785799302095 55136448 127
1785799302980 55722756 126
1785799304040 56331536 140
1785799308301 56610808 147
1785799314755 56946076 157
1785799321934 56998176 151
1785799335766 57231448 151
1785799342980 57372036 160
1785799350103 57429380 161
1785799356621 57488772 149
1785799363016 57546116 160
1785799382936 57857128 154
