# timestamp_ms rss_kb
1785493118601 430316
1785493118979 445872
1785493119236 494592
1785493119312 571472
1785493119385 625276
1785493119747 641652
1785493120045 658592
1785493120302 675164
1785493120774 697956
1785493121237 718648
1785493121570 736688
1785493121850 753556
1785493122287 770184
1785493122607 791856
1785493123027 812144
1785493123329 828396
1785493123720 854308
1785493124153 877932
1785493124745 901044
1785493125340 930308
1785493125847 949560
1785493126176 975540
1785493126597 996608
1785493127464 1023768
1785493127639 1057424
1785493127736 1143636
1785493127871 1171004
1785493127968 1225560
1785493128066 1271600
1785493128171 1326900
1785493128444 1354584
1785493133528 1487644
1785493133641 1761708
1785493133767 2301256
1785493134009 2622864
1785493144718 2839068
