1785493118601 31
1785493118677 29
1785493118738 31
1785493118798 31
1785493118858 30
1785493118918 31
1785493118979 30
1785493119053 30
1785493119114 31
1785493119175 31
1785493119236 31
1785493119312 30
1785493119385 32
1785493119475 37
1785493119570 31
1785493119647 35
1785493119747 31
1785493119856 33
1785493119952 37
1785493120045 33
1785493120147 37
1785493120224 33
1785493120302 32
1785493120428 32
1785493120549 31
1785493120656 34
1785493120774 33
1785493120921 35
1785493121026 48
1785493121147 37
1785493121237 42
1785493121366 52
1785493121457 41
1785493121570 38
1785493121750 35
1785493121850 39
1785493121970 35
1785493122061 36
1785493122152 35
1785493122287 48
1785493122473 35
1785493122607 36
1785493122756 45
1785493122902 44
1785493123027 36
1785493123161 35
1785493123329 38
1785493123488 49
1785493123598 47
1785493123720 41
1785493123886 40
1785493124019 58
1785493124153 36
1785493124277 45
1785493124378 36
1785493124465 41
1785493124561 42
1785493124647 41
1785493124745 39
1785493124872 43
1785493124972 40
1785493125089 36
1785493125212 39
1785493125340 39
1785493125481 40
1785493125603 36
1785493125704 47
1785493125847 40
1785493126063 44
1785493126176 35
1785493126360 51
1785493126522 37
1785493126597 49
1785493126736 39
1785493126811 37
1785493126886 35
1785493126957 34
1785493127026 38
1785493127101 38
1785493127176 35
1785493127246 36
1785493127318 35
1785493127391 37
1785493127464 37
1785493127557 42
1785493127639 38
1785493127736 41
1785493127871 41
1785493127968 35
1785493128066 41
1785493128171 41
1785493128277 42
1785493128363 41
1785493128444 42
1785493128551 43
1785493128699 52
1785493133528 41
1785493133641 46
1785493133767 51
1785493134009 68
1785493144718 52
