# timestamp_ms rss_kb
1786774272665 431860
1786774273156 441208
1786774273263 454332
1786774273500 494492
1786774273604 553108
1786774273715 608068
1786774274059 621528
1786774274395 644284
1786774274728 659872
1786774275140 679512
1786774275435 696152
1786774275804 711376
1786774276149 726636
1786774276510 746544
1786774276944 762500
1786774277322 784456
1786774277764 807216
1786774278113 823624
1786774278532 841512
1786774279105 859108
1786774279337 878468
1786774279951 903668
1786774280574 928956
1786774281076 947672
1786774281435 968644
1786774281931 990756
1786774283239 1024896
1786774283374 1049628
1786774283506 1074292
1786774283641 1113356
1786774283775 1159892
1786774283911 1196756
1786774284048 1251460
1786774284183 1288916
1786774284323 1370840
1786774293824 1624984
1786774294114 2077052
1786774294347 2832176
1786774303559 2935732
