1786774272665 431860 24
1786774272836 436272 24
1786774273156 441208 23
1786774273263 454332 23
1786774273500 494492 24
1786774273604 553108 24
1786774273715 608068 23
1786774273947 614636 25
1786774274059 621528 25
1786774274395 644284 25
1786774274537 655644 26
1786774274896 667292 25
1786774275140 679512 25
1786774275297 691548 26
1786774275531 698552 24
1786774275804 711376 26
1786774276014 721128 25
1786774276343 734072 27
1786774276510 746544 27
1786774276656 755752 26
1786774277096 764248 24
1786774277322 784456 25
1786774277617 796572 26
1786774277764 807216 25
1786774277948 817712 27
1786774278296 826024 26
1786774278532 841512 26
1786774278714 852064 28
1786774279212 869272 28
1786774279337 878468 28
1786774279707 887528 28
1786774279951 903668 28
1786774280297 914904 27
1786774280574 928956 28
1786774280730 938548 28
1786774281215 954024 27
1786774281435 968644 29
1786774281791 981124 27
1786774282089 1002796 28
1786774282712 1006284 28
1786774283239 1024896 29
1786774283374 1049628 27
1786774283506 1074292 28
1786774283641 1113356 28
1786774283775 1159892 27
1786774283911 1196756 28
1786774284048 1251460 28
1786774284183 1288916 29
1786774284323 1370840 29
1786774284742 1390292 30
1786774293824 1624984 35
1786774294114 2077052 33
1786774294347 2832176 33
1786774303559 2935732 37
