# timestamp_ms rss_kb
1790703691037 25372
1790703691127 28888
1790703691155 31492
1790703691182 37276
1790703691210 42036
1790703691238 53652
1790703691266 60268
1790703691316 62380
1790703691345 83424
1790703691375 93196
1790703691421 97052
1790703691472 100700
1790703691503 105072
1790703691533 108132
1790703691565 110548
1790703691595 113032
1790703691627 116188
1790703691700 119600
1790703691748 123064
1790703691823 126552
1790703691901 129168
1790703692020 131760
1790703692051 135540
1790703692083 139004
1790703692243 142036
1790703692453 145328
1790703692552 148620
1790703692623 151668
1790703692678 156920
1790703692734 160980
1790703692789 165380
1790703692845 170360
1790703692879 188320
1790703692915 218844
1790703692950 236612
1790703693034 268716
1790703693164 276052
1790703693446 282136
1790703693532 289952
1790703693887 295864
1790703694247 304732
1790703694488 311784
1790703694628 318584
1790703694871 326320
1790703695190 333428
1790703695336 340576
1790703695920 348088
1790703696429 355092
1790703697068 362340
1790703698182 370008
1790703698983 377568
1790703699314 462648
1790703699373 563048
1790703699445 608304
1790703707410 625556
1790703707518 649788
1790703707686 706440
1790703707824 735376
1790703707963 762012
1790703708131 803648
1790703708273 822216
1790703708328 849904
1790703708436 886864
1790703708611 905464
1790703708753 933180
1790703708897 963516
1790703709250 983024
1790703710664 1006220
1790703710751 1030796
1790703710840 1055372
1790703710927 1077900
1790703711015 1102476
1790703711099 1125004
1790703711187 1149580
1790703711305 1180300
1790703711420 1208972
1790703711506 1233548
1790703711621 1266316
1790703711738 1299084
1790703711854 1331852
1790703711969 1364620
1790703712083 1393292
1790703712287 1480804
1790703712342 1557808
1790703712512 1589692
1790703712624 1645760
1790703712767 1708636
1790703712822 1757312
1790703712936 1807568
1790703713079 1867916
1790703714641 1984416
1790703714708 2176928
1790703714775 2264992
1790703714904 2350416
1790703737663 2412844
1790703737723 2498176
