1790703692928 73
1790703693044 75
1790703693159 78
1790703693280 74
1790703693436 48
1790703693528 76
1790703693647 51
1790703693740 75
1790703693886 49
1790703694031 82
1790703694158 51
1790703694255 79
1790703694380 80
1790703694506 75
1790703694627 82
1790703694755 75
1790703694877 76
1790703694999 51
1790703695097 80
1790703695225 78
1790703695349 82
1790703695478 51
1790703695575 51
1790703695674 50
1790703695770 82
1790703695926 53
1790703696026 79
1790703696152 52
1790703696249 52
1790703696348 51
1790703696445 84
1790703696575 53
1790703696676 52
1790703696776 54
1790703696877 52
1790703696977 82
1790703697106 53
1790703697207 50
1790703697304 52
1790703697404 53
1790703697505 83
1790703697635 53
1790703697735 53
1790703697836 52
1790703697934 54
1790703698087 52
1790703698185 85
1790703698315 54
1790703698417 52
1790703698571 54
1790703698673 83
1790703698804 52
1790703698904 54
1790703699003 55
1790703699106 50
1790703699203 83
1790703699341 87
1790703704707 94
1790703704852 92
1790703705580 56
1790703705688 92
1790703705829 55
1790703705935 56
1790703706041 57
1790703706227 55
1790703706331 55
1790703706437 93
1790703706582 58
1790703706690 57
1790703706798 54
1790703706903 54
1790703707010 93
1790703707153 52
1790703707256 94
1790703707399 93
1790703707548 96
1790703707700 95
1790703707849 94
1790703707997 95
1790703708145 95
1790703708296 98
1790703708448 98
1790703708600 96
1790703708750 96
1790703708901 94
1790703709047 95
1790703710607 1651
1790703712309 100
1790703712485 100
1790703712637 104
1790703712795 105
1790703712949 105
1790703713571 111
1790703714598 246
1790703714898 115
1790703715066 63
