1790249700083 22816 39
1790249700175 75660 18
1790249700247 129148 17
1790249700318 180820 18
1790249700391 218600 19
1790249700464 249292 22
1790249700544 274444 59
1790249700664 306544 39
1790249700761 325496 40
1790249700862 357664 39
1790249700960 380484 40
1790249701060 406436 42
1790249701163 442292 41
1790249701263 466904 43
1790249701367 487916 42
1790249701468 514604 42
1790249701573 547688 44
1790249701679 571776 42
1790249701781 598912 43
1790249701884 625728 50
1790249701992 643232 46
1790249702099 671064 43
1790249702204 698816 45
1790249702311 725320 46
1790249702419 749088 45
1790249702525 771092 43
1790249702631 797936 47
1790249702742 823084 46
1790249702850 849652 47
1790249702958 877972 47
1790249703067 904424 46
1790249703175 921728 48
1790249703277 961440 46
1790249703385 1015892 49
1790249703496 1065320 50
1790249703605 1116684 50
1790249703717 1168108 52
1790249703833 1221572 49
1790249703946 1279352 50
1790249704059 1330880 52
1790249704175 1390616 50
1790249704288 1443016 52
1790249704405 1501628 52
1790249704521 1562436 54
1790249704639 1612868 54
1790249704756 1670660 53
1790249704874 1721116 54
1790249704992 1780780 54
1790249705110 1834284 57
1790249705232 1898092 55
1790249705354 1955548 58
1790249705477 2013128 60
1790249705600 2072876 59
1790249705722 2128360 57
1790249705843 2183108 58
1790249705967 2240048 58
1790249706089 2296392 57
1790249706211 2355096 58
1790249706334 2410564 57
1790249706457 2471272 59
1790249706580 2524768 60
1790249706704 2580308 63
1790249706833 2635832 61
1790249706960 2690520 60
1790249707087 2754204 60
1790249707213 2807604 62
1790249707331 2856916 66
1790249707462 2916520 61
1790249707586 2972028 62
1790249707706 3019336 62
1790249707832 3079956 63
1790249707963 3137624 62
1790249708082 3181748 61
1790249708210 3246464 63
1790249708338 3308184 61
1790249708453 3346264 78
1790249708596 3407824 64
1790249708716 3455156 65
1790249708848 3517920 68
1790249708972 3564140 63
1790249709102 3629944 65
1790249709222 3677384 67
1790249709356 3772784 67
1790249709567 3846804 65
1790249709776 3902656 68
1790249710086 3976420 65
1790249710374 4019540 67
1790249710577 4087072 70
1790249710925 4160824 67
1790249711188 4234576 70
1790249711468 4308312 74
1790249711763 4382068 70
1790249712083 4455828 69
1790249712340 4529580 70
1790249712639 4603320 70
1790249712938 4677060 72
1790249713221 4750800 72
1790249713521 4824536 72
1790249713816 4898272 72
1790249714101 4972012 73
1790249714402 5045752 72
1790249714699 5119492 73
1790249715015 5195060 74
1790249715352 5268836 73
1790249715656 5342588 78
1790249715949 5416332 76
1790249716250 5490076 76
1790249716560 5563844 77
1790249716854 5637588 75
1790249717132 5711344 77
1790249717424 5785096 75
1790249717729 5858852 76
1790249718023 5932604 77
1790249718306 6006356 77
1790249718633 6080104 77
1790249718946 6153852 79
1790249719244 6227588 80
1790249719529 6301332 81
1790249719829 6375072 80
1790249720147 6448808 79
1790249720510 6523072 80
1790249720828 6596828 81
1790249721131 6670576 83
1790249721425 6744324 81
1790249721731 6818076 81
1790249722023 6891824 82
1790249722328 6965564 83
1790249722623 7039304 84
1790249722931 7113040 82
1790249723223 7186780 84
1790249723531 7260524 84
1790249723827 7334260 85
1790249724137 7408008 84
1790249724544 7518620 86
1790249724954 7629236 85
1790249725355 7734184 88
1790249725751 7813668 90
1790249726157 7924024 88
1790249726609 8034904 90
1790249727016 8145512 88
1790249727459 8256136 91
1790249727857 8366748 92
1790249728298 8477356 92
1790249728738 8587972 94
1790249729188 8698592 91
1790249729618 8809204 95
1790249730054 8919812 95
1790249730480 9030428 92
1790249730948 9141836 96
1790249731435 9252484 94
1790249731868 9363108 96
1790249732376 9473740 99
1790249732819 9584364 101
1790249733339 9695000 97
1790249733804 9805632 99
1790249734323 9916248 98
1790249734781 10026856 100
1790249735231 10137472 100
1790249735661 10248076 103
1790249736108 10358692 102
1790249736612 10469328 103
1790249737032 10579948 103
1790249737502 10690576 103
1790249737958 10801192 104
1790249738429 10911832 102
1790249738885 11022440 106
1790249739327 11133052 105
1790249739890 11244384 105
1790249740403 11391136 107
1790249740955 11538612 109
1790249741601 11686128 108
1790249742226 11833636 108
1790249742826 11981128 112
1790249743444 12128620 113
1790249744083 12276096 111
1790249744610 12423568 114
1790249745256 12571052 113
1790249745817 12718532 119
1790249746433 12866016 113
1790249747121 13014580 117
1790249747737 13162100 118
1790249748362 13309608 121
1790249748981 13457124 121
1790249749623 13604612 119
1790249750192 13752112 121
1790249750756 13899596 127
1790249751347 14047084 127
1790249751958 14194556 126
1790249752595 14342060 125
1790249753171 14489572 126
1790249753768 14637060 125
1790249754346 14784548 126
1790249755041 14968916 128
1790249755753 15153272 129
1790249756457 15337616 135
1790249757201 15521980 132
1790249757968 15706372 133
1790249758648 15890736 135
1790249759394 16075100 132
1790249760183 16259472 133
1790249761049 16443856 139
1790249761779 16628212 140
1790249762585 16812576 141
1790249763365 16996936 141
1790249764095 17181300 142
1790249764925 17365656 148
1790249765786 17550052 143
1790249766578 17734412 144
1790249767329 17914204 151
1790249768203 18104432 146
1790249768953 18288800 146
1790249769811 18473144 146
1790249770632 18659160 153
1790249771530 18851716 150
1790249772438 19063096 153
1790249773381 19275824 155
1790249774187 19468696 155
1790249775161 19689928 154
1790249776003 19908832 159
1790249776983 20132400 159
1790249777966 20353652 160
1790249778941 20574868 163
1790249779870 20796088 373
1790249781068 21017320 168
1790249782002 21238552 167
1790249782991 21459808 167
1790249783850 21681024 165
1790249784806 21902252 170
1790249785175 21943916 170
1790249804380 21950540 175
1790249816111 21950544 175
1790249825917 21951468 173
1790249830988 21975932 174
1790249834520 21993836 174
1790249834864 22040868 175
1790249835786 22243176 180
1790249836900 22482836 185
1790249837957 22740920 180
1790249839006 22999000 185
1790249840067 23257076 185
1790249841126 23515152 187
1790249842334 23773236 188
1790249843397 24031312 189
1790249844467 24289392 192
1790249845554 24547468 193
1790249846624 24805544 197
1790249847886 25063632 194
1790249848983 25321708 196
1790249850090 25579788 198
1790249851196 25837864 206
1790249852462 26114376 209
1790249853687 26390892 201
1790249854954 26685836 203
1790249856206 26980784 207
1790249857538 27275732 209
1790249858861 27570680 209
1790249860159 27865628 210
1790249861437 28160572 214
1790249862765 28455516 219
1790249864183 28750464 214
1790249865534 29045416 218
1790249866838 29340364 219
1790249868172 29635308 220
1790249869659 29967120 222
1790249871216 30299200 223
1790249872692 30631016 227
1790249874200 30962828 223
1790249875634 31276216 230
1790249877068 31589600 231
1790249878511 31921416 231
1790249879968 32253232 235
1790249881538 32585308 237
1790249882931 32917124 238
1790249884329 33248940 243
1790249885922 33617620 243
1790249887603 33986308 246
1790249889195 34354988 249
1790249890797 34723668 248
1790249892377 35092348 249
1790249894064 35461036 250
1790249895646 35829716 253
1790249897261 36198400 256
1790249938710 36422200 260
1790249940392 36791148 264
1790249942064 37159832 268
1790249943880 37565384 267
1790249945797 37971216 267
1790249947602 38376784 271
1790249949384 38782340 271
1790249951283 39188172 273
1790249953057 39593728 276
1790249954861 39999292 278
1790249956750 40405116 282
1790249958572 40810680 286
1790249960473 41253104 284
1790250015472 41588508 288
1790250027106 41623968 287
1790250027815 42444300 290
1790250028403 43298592 296
1790250029054 44033444 293
1790250030173 45649444 300
1790250030849 46440096 314
1790250031914 47908028 315
1790250032620 49126356 322
1790250033317 49856668 330
1790250034071 50754744 332
1790250034756 51383572 333
1790250035826 51918276 348
1790250036633 52958500 342
1790250037255 53531272 345
1790250037805 54069056 352
1790250038638 55144252 362
1790250039408 55896980 362
1790250040126 56721392 364
1790250040975 57795956 372
1790250041785 58621124 375
1790250042512 59409696 377
1790250043182 60019044 379
1790250043908 60879300 387
1790250044820 62062152 394
1790250045635 62922408 402
1790250046399 63746820 409
1790250047323 64894616 404
1790250048188 65789940 412
1790250048986 66650196 415
1790250049936 67797208 422
1790250050830 68693308 436
1790250051656 69589408 429
1790250052631 70737752 433
1790250053540 71704204 441
1790250054376 72564520 443
1790250055377 73783160 454
1790250056325 74715108 463
1790250057192 75612284 457
1790250058214 76865756 472
1790250059183 77833544 684
1790250060320 78807668 476
1790250093800 66227876 421
1790250113025 50855308 359
1790250410291 79116504 599
1790250413351 79936516 608
1790250415968 80845044 588
1790250454965 81124112 615
1790250656812 81391100 614
1790250658283 82208392 625
1790250659857 83113720 621
1790250661517 84013036 628
1790250663104 84883464 633
1790250664627 85744020 635
1790250680883 86103840 643
1790250682612 87062600 650
1790250684480 88132136 656
1790250686227 89139196 663
1790250688231 90395008 663
1790250696769 91332360 659
1790250725641 91374612 674
1790250739265 92211816 679
1790250755043 92406368 693
1790251404943 92425192 700
1790251434700 92540340 691
1790251448958 93400692 710
1790251464241 93529712 705
1790252176701 93594660 712
1790252191920 93718544 711
1790252916362 93764704 711
1790252931561 93978192 712
1790253688312 94021264 717
1790254453504 94086832 747
1790255274348 94210604 762
1790256119806 94333640 810
1790257035791 94419240 862
1790257994572 94544220 872
1790258972658 94695732 855
1790259958703 94787216 870
1790259976192 94913172 858
1790260046798 75167188 497
1790260188549 69903348 520
1790268513646 59755532 656
1790268550433 95016064 1074
1790268553019 88841768 747
1790277113368 60936792 949
1790280566101 57218348 788
1790290800391 60692888 1067
1790290852827 81932816 817
1790300585341 77241148 1024
1790300607152 56111900 791
1790301774212 95410700 1333
1790301783272 96393820 1349
1790301836636 96617972 1365
1790301859529 97612332 1374
1790309565284 97865892 1476
1790319091029 75994132 947
1790319094120 39184864 626
1790319214125 31747524 612
1790328682937 43919232 909
1790328731512 81531252 1058
1790338451486 45016740 1129
1790341265772 39384464 776
1790350317134 43919944 1065
1790350362975 65569484 780
1790359025800 59589484 624
