# timestamp_ms rss_kb
1790713663355 432648
1790713663752 441540
1790713663789 451700
1790713664042 479688
1790713664104 490584
1790713664142 539928
1790713664206 552964
1790713664244 613684
1790713664442 668020
1790713664880 693936
1790713665145 708208
1790713665513 734524
1790713665923 752752
1790713666022 772632
1790713666067 788468
1790713666167 812788
1790713666267 830324
1790713666369 849812
1790713666472 867072
1790713666517 886148
1790713666648 912396
1790713666751 1020468
1790713666861 1159356
1790713667539 1207236
1790713667589 1240004
1790713667666 1295100
1790713667717 1327868
1790713667801 1393408
1790713667857 1558060
1790713681940 1596364
1790713684351 1645216
1790713684485 1682080
1790713686905 1745524
1790713689649 1791972
1790713691156 1846972
1790713693816 1911120
1790713696013 1955612
1790713697474 1995780
1790713698740 2038924
1790713700066 2103912
1790713701054 2106648 (true peak, below trigger threshold; snapshot is in peaks/peak.smaps)
