1790713664038 53
1790713664142 53
1790713664245 55
1790713664434 67
1790713664829 30
1790713666774 65
1790713667137 61
1790713667845 60
1790713680089 85
1790713680234 54
1790713680476 48
1790713680615 73
1790713681955 73
1790713682433 39
1790713682715 76
1790713682882 39
1790713683018 79
1790713683217 40
1790713684318 78
1790713684481 71
1790713685234 81
1790713685383 44
1790713685545 61
1790713685688 47
1790713685820 72
1790713686905 75
1790713687800 74
1790713687985 46
1790713688118 39
1790713688223 40
1790713688343 74
1790713689684 75
1790713690366 46
1790713690550 84
1790713690722 53
1790713690857 80
1790713691122 91
1790713691361 50
1790713692267 70
1790713692987 73
1790713693173 43
1790713693336 46
1790713693467 71
1790713693601 42
1790713693796 76
1790713694800 71
1790713695613 83
1790713695836 53
1790713696006 54
1790713696139 83
1790713696429 81
1790713697464 77
1790713697594 79
1790713698267 76
1790713698427 47
1790713698576 47
1790713698731 41
1790713698866 78
1790713699168 83
1790713699967 74
1790713700134 77
1790713700573 41
1790713700971 74
