1790713664038 477580 23
1790713664142 542040 23
1790713664245 613696 26
1790713664434 668020 24
1790713666774 974552 29
1790713667137 1089164 27
1790713667845 1535532 26
1790713680089 1536140 32
1790713680615 1560592 31
1790713681955 1597456 30
1790713682715 1600784 31
1790713683018 1617628 31
1790713684318 1644828 33
1790713684481 1682080 32
1790713685234 1684964 31
1790713685820 1709364 31
1790713686905 1746228 34
1790713687800 1750744 33
1790713688343 1773540 32
1790713689684 1791972 34
1790713690550 1798692 32
1790713690857 1819256 32
1790713691122 1845880 33
1790713692267 1856120 31
1790713692987 1858364 32
1790713693467 1880052 32
1790713693796 1911120 34
1790713694800 1938700 32
1790713695613 1940940 32
1790713696139 1966012 33
1790713696429 1993728 33
1790713697464 1993732 33
1790713697594 2021312 33
1790713698267 2023556 33
1790713698866 2048616 33
1790713699168 2076328 33
1790713699967 2076332 32
1790713700134 2103912 34
1790713700971 2104804 32
