1790745712985 25980 25
1790745713102 26440 20
1790745713170 46764 19
1790745714129 46816 21
1790745714243 48212 19
1790745715133 48440 20
1790745715203 56140 23
1790745715283 84632 21
1790745715363 139988 23
1790745715445 153208 22
1790745715525 190940 23
1790745715657 227916 24
1790745715737 246380 23
1790745715868 276576 25
1790745715951 301876 25
1790745716035 320348 25
1790745716166 357384 25
1790745716251 375844 24
1790745716381 394372 23
1790745716462 412820 23
1790745716545 445140 24
1790745716626 463608 24
1790745716710 482072 24
1790745716794 500548 26
1790745716927 537484 23
1790745717009 554956 23
1790745717191 592964 25
1790745717274 611216 26
1790745717362 625280 24
1790745717448 642616 25
1790745717534 662196 24
1790745717620 676040 23
1790745717705 712908 25
1790745717791 731348 25
1790745717973 749812 24
1790745718060 786708 24
1790745718146 800548 25
1790745718246 818984 23
1790745718331 837428 25
1790745719136 837432 26
1790745719367 849080 25
1790745719502 858948 24
1790745720024 863972 28
1790745720110 919496 29
1790745720268 933948 29
1790745720484 946516 31
1790745720691 958948 29
1790745720930 971368 30
1790745721077 981692 29
1790745721235 992160 30
1790745721497 1008676 30
1790745721769 1021296 33
1790745721922 1033648 31
1790745722203 1048280 33
1790745722419 1060872 33
1790745722629 1075348 31
1790745722905 1090000 33
1790745723164 1106696 35
1790745723445 1121280 38
1790745723673 1135964 36
1790745723826 1148384 37
1790745724112 1162992 38
1790745724271 1175452 36
1790745724369 1392324 40
1790745724703 1413996 76
1790745724924 1428556 187
1790745725426 2363020 92
1790745725835 3891372 111
1790745726279 3938356 85
1790745728051 3943236 79
1790745728338 4094772 75
1790745729312 4137320 77
1790745729993 4193216 82
1790745730352 4509992 81
1790745732716 4557976 85
1790745733594 4629736 101
1790745733970 5049588 88
1790745735129 5652384 93
1790745737007 5703996 84
1790745738916 5708336 88
1790745740808 5712976 81
1790745742647 5715424 90
1790745744509 5716420 82
1790745746200 5717640 87
1790745748092 5718316 91
1790745750000 5720472 85
1790745751877 5721196 93
1790745755428 5722528 85
1790745759540 5728540 98
1790745760798 5810644 95
1790745761209 7128740 86
1790745763095 7132204 88
1790745765626 7171636 90
1790745767646 7171944 106
1790745769846 7174140 100
1790745771942 7175080 93
1790745775316 7175456 98
1790745778169 7175748 93
1790745780871 7175880 97
1790745782879 7175952 94
1790745786024 7176284 97
1790745788927 7177100 93
1790745790882 7216876 104
1790745794194 7222004 91
1790745797746 7222260 90
1790745799625 7222508 96
1790745802228 7222716 100
1790745807329 7229772 96
1790745809461 7229812 93
1790745813107 7230056 94
1790745816765 7234332 94
1790745818795 7289468 98
1790745821089 7293504 90
1790745823138 7293616 99
1790745825758 7294120 90
1790745827836 7294452 87
1790745831286 7294484 99
1790745833334 7301276 102
1790745835519 7301440 90
1790745841641 7301596 99
1790745844516 7301824 93
1790745852114 7306448 92
1790745856774 7306456 91
1790745858608 7313644 91
1790745861048 7313812 100
1790745865200 7314044 92
1790745868538 7314112 102
1790745871617 7314172 101
1790745876241 7315516 100
1790745878485 7315640 92
1790745880485 7315692 88
1790745882752 7322776 96
1790745885633 7329872 90
1790745890970 7331936 94
1790745893458 7338796 97
1790745900295 7338800 96
1790745904076 7339044 87
1790745907559 7339096 89
1790745914841 7339148 90
1790745923349 7339216 99
1790745926401 7339288 92
1790745928599 7383760 105
1790745935073 7384276 91
1790745941685 7384288 90
1790745945147 7384332 97
1790745954986 7384336 102
1790745957072 7394284 101
1790745970296 7394356 96
1790745973303 7394416 92
1790745983287 7394420 103
1790745987981 7397596 92
1790745990188 7397652 89
1790745992551 7401396 97
1790745996628 7401464 100
1790746001441 7401536 101
1790746009451 7401600 97
1790746023392 7401652 95
1790746037881 7416244 105
1790746046469 7419016 97
1790746049514 7419020 99
1790746065610 7419024 102
