# timestamp_ms rss_kb
1789923568884 76368
1789923568983 131976
1789923569053 185092
1789923569126 219216
1789923569198 251052
1789923569270 281448
1789923569345 305988
1789923569421 335824
1789923569496 362480
1789923569572 388740
1789923569649 405372
1789923569727 436480
1789923569805 464924
1789923569882 486096
1789923569960 512896
1789923570038 540704
1789923570116 568600
1789923570196 596768
1789923570277 615124
1789923570355 640800
1789923570435 668500
1789923570515 696132
1789923570594 712272
1789923570674 739392
1789923570755 768040
1789923570835 788640
1789923570915 813500
1789923570995 838020
1789923571076 866232
1789923571158 891560
1789923571238 909728
1789923571318 949176
1789923571399 1002440
1789923571481 1049800
1789923571565 1103896
1789923571650 1159224
1789923571732 1212512
1789923571814 1266008
1789923571899 1315720
1789923571983 1374796
1789923572067 1431140
1789923572151 1479372
1789923572236 1535884
1789923572320 1586128
1789923572406 1641700
1789923572492 1698036
1789923572576 1749316
1789923572662 1808752
1789923572748 1860020
1789923572834 1915476
1789923572920 1966772
1789923573007 2026320
1789923573095 2077576
1789923573182 2135732
1789923573269 2187424
1789923573356 2248984
1789923573444 2300236
1789923573534 2360776
1789923573621 2414096
1789923573709 2472592
1789923573796 2525928
1789923573887 2587512
1789923573975 2639904
1789923574063 2693228
1789923574152 2752700
1789923574323 2853200
1789923574411 2910720
1789923574582 3009204
1789923574752 3110716
1789923574921 3213336
1789923575094 3318968
1789923575265 3423588
1789923575438 3528264
1789923575611 3637032
1789923575784 3761240
1789923576062 3852172
1789923576414 3964876
1789923576788 4075488
1789923577156 4186092
1789923577528 4296688
1789923577866 4407300
1789923578236 4517904
1789923578578 4628536
1789923578953 4739132
1789923579294 4849736
1789923579667 4960328
1789923580009 5070920
1789923580419 5183328
1789923580771 5293936
1789923581150 5404528
1789923581500 5515128
1789923581879 5625724
1789923582363 5773184
1789923582847 5920648
1789923583331 6068104
1789923583842 6215496
1789923584330 6363056
1789923584873 6511052
1789923585363 6658440
1789923585851 6805980
1789923586368 6953440
1789923586859 7100916
1789923587406 7248404
1789923587895 7395876
1789923588570 7580220
1789923589155 7764580
1789923589779 7940736
1789923590399 8133248
1789923590951 8317612
1789923591543 8501964
1789923592140 8686316
1789923592692 8870660
1789923593347 9055804
1789923593923 9240140
1789923594689 9461376
1789923595392 9682608
1789923596152 9903804
1789923596834 10110660
1789923597573 10346184
1789923598322 10567400
1789923599103 10788516
1789923599856 11009836
1789923600531 11231032
1789923601328 11489080
1789923602243 11747172
1789923603041 12005268
1789923603821 12263328
1789923604655 12521384
1789923605460 12779436
1789923606356 13038560
1789923607327 13333512
1789923608265 13628424
1789923609185 13923344
1789923610134 14218288
1789923611118 14513208
1789923612073 14808120
1789923613075 15139920
1789923614137 15471796
1789923615195 15803596
1789923616254 16135244
1789923617325 16467156
1789923618394 16798956
1789923619663 17167660
1789923620863 17536324
1789923622065 17904968
1789923623308 18274916
1789923624456 18643576
1789923625712 19049084
1789923626972 19454592
1789923628271 19860124
1789923629576 20265632
1789923630828 20671148
1789923632312 21113584
1789923633828 21556028
1789923635255 21998396
1789923636722 22440828
1789923638249 22920088
1789923639804 23384996
1789923641386 23878636
1789923642941 24357920
1789923644705 24875596
1789923646367 25391692
1789923648010 25907816
1789923649797 26460780
1789923651597 27013744
1789923653264 27554444
1789923655068 28119692
1789923656969 28709540
1789923658829 29295272
1789923660888 29889260
1789923662825 30515960
1789923664943 31142692
1789923667082 31769444
1789923669357 32434840
1789923671451 33098396
1789923673545 33762004
1789923675820 34462420
1789923678172 35162904
1789923680563 35900232
1789923683017 36637536
1789923685303 37374896
1789923687889 38149124
1789923690430 38923384
1789923693174 39734460
1789923695948 40545536
1789923698675 41358672
1789923701383 42206564
1789923704149 43054464
1789923754586 43916156
1789923757702 44826092
1789923760729 45747512
1789923763785 46669112
1789923766903 47627576
1789923770165 48586056
1789923773493 49560920
1789923776923 50576732
1789923780307 51608932
1789923783860 52641132
1789923787423 53710196
1789923791108 54816124
1789923794838 55922052
1789923798688 57064840
1789923802469 58207644
1789923806516 59387292
1789923810575 60603812
1789923814639 61820336
1789923818805 63073716
1789923823142 64363964
1789923827519 65654220
1789923831984 66981328
1789923836373 68333020
1789923841026 69709288
1789923845753 71110128
1789923850689 72547836
1789923855782 74022412
1789923861031 75533848
1789923866162 77045276
1789923871456 78593576
1789923877085 80181036
1789923882760 81803064
1789923888424 83461960
1789923894258 85157712
1789923900204 86890332
1789923906154 88659820
1789923912462 90466168
1789923918760 92309376
1789923925124 94189456
1789923931733 96108956
1789923938371 98062752
1789923945181 100053432
1789923952316 102080960
1789923959551 104145364
1789923962347 106585624
1789923963597 108793428
1789923965074 111501956
1789923966199 113795084
1789923967827 116628156
1789923969292 119065292
1789923970586 121823276
1789923972184 124615412
1789923973856 127547872
1789923975283 130508556
1789923977021 133472028
1789923978647 136231716
1789923979959 139243308
1789923981284 142182204
1789923982646 145227588
1789923984020 148324172
1789923985406 151453524
1789923986493 154585948
1789923988002 158031716
1789923989530 161874612
1789923990577 166574708
1789924092933 169908512
1789924189486 173945532
1789924191938 178304080
1789924194269 182320320
1789924209640 186008388
1789924215199 189752220
1789924219949 193594324
1789924260804 197530628
1789924438953 201990152
1789924482204 206033608
1789926803818 210155104
1789929640842 214753508
1789929653941 219070704
1789929668374 223499740
1789929682813 228348628
1789929688411 233113228
1789929696040 237834312
1789929706101 242777892
1789929732647 248109000
1789929745744 253352680
1789929872500 258471484
1789930796278 263654976
1789931425836 268939880
1789932045300 274333340
1789932676618 279885520
1789933376533 285510912
1789934005614 291229448
1789934638765 297058100
1789934645462 304486068
1789934647887 310756068
1789934658208 317709208
1789934663551 324459496
1789939467585 331010548
1789939976007 337636024
1789940498901 344394504
1789941030442 351285908
1789941578685 358320992
1789942014005 365502556
1789943766885 372864956
1789946037645 380336060
1789947622641 390670108
1789947628144 398605644
1789975944148 402558476 (true peak, below trigger threshold; snapshot is in peaks/peak.smaps)
