1785388692387 12364 14
1785388693332 32640 13
1785388693397 69132 12
1785388693459 88000 11
1785388693520 124468 11
1785388693581 178196 12
1785388693640 202800 13
1785388693704 235136 13
1785388693767 290472 13
1785388693831 329912 13
1785388693895 345804 13
1785388693959 395500 12
1785388694021 428300 13
1785388694086 468832 12
1785388694147 511808 14
1785388694212 561552 15
1785388694318 622476 15
1785388694389 677808 16
1785388694461 702584 14
1785388694530 792920 15
1785388694807 802132 14
1785388695043 816348 15
1785388695125 866880 18
1785388695214 927404 18
1785388695311 973364 20
1785388695413 1026064 21
1785388695528 1079484 23
1785388695646 1143504 25
1785388695784 1242256 26
1785388695931 1287668 28
1785388696088 1334092 29
1785388696255 1366232 28
1785388696420 1420980 28
1785388696691 1457272 29
1785388697585 1463416 27
1785388698615 1465656 29
1785388701675 1503048 30
1785388701837 1528980 28
1785388701968 1560320 33
1785388702166 1606432 35
1785388702351 1640992 34
1785388702551 1703396 35
1785388702762 1743928 34
1785388703928 1749820 35
1785388704064 1777040 34
1785388704308 1805832 34
1785388705328 1807880 36
1785388710848 1813988 37
1785388711024 1858616 38
1785388711270 1881264 40
1785388712136 1887412 38
1785388712485 1908908 37
1785388719233 1922512 43
1785388719389 1946864 48
1785388719586 1977480 39
1785388719837 2055224 47
1785388720442 2077872 48
1785388721458 2084020 48
1785388721789 2105900 48
1785388735297 2116780 43
1785388735415 2197456 44
1785388735732 2226248 43
1785388736765 2266564 38
1785388737851 2268612 45
1785388743228 2283592 45
1785388744201 2295884 40
1785388744476 2323908 45
1785388745625 2328004 43
1785388746606 2336196 44
1785388751062 2342988 44
1785388752091 2355280 45
1785388752366 2383304 45
1785388753334 2385352 44
1785388758653 2400332 37
1785388759511 2412624 38
1785388759885 2440648 44
1785388760969 2444744 45
1785388766068 2459728 44
1785388767265 2498808 40
1785388768178 2590164 47
1785388768623 2656616 47
1785388768826 2767208 41
1785388789368 2767212 35
