1785394168892 261576 23
1785394169084 265404 22
1785394169338 271664 22
1785394169436 280284 23
1785394169694 284552 20
1785394169876 289292 20
1785394169973 332996 25
1785394170091 418104 24
1785394170220 506676 26
1785394170348 525104 25
1785394170478 562384 24
1785394170610 588552 25
1785394170743 614020 27
1785394170878 639876 24
1785394171009 658808 24
1785394171142 672076 24
1785394171271 692916 24
1785394171407 710188 26
1785394171540 729744 25
1785394171672 739208 24
1785394171785 747048 27
1785394171933 766684 26
1785394172071 780292 25
1785394172285 796272 25
1785394172426 845908 28
1785394172572 902712 26
1785394172720 931172 28
1785394172873 971520 28
1785394173026 1004776 29
1785394173179 1027872 26
1785394173331 1058420 31
1785394173493 1087804 28
1785394173646 1105912 27
1785394173773 1123596 26
1785394174103 1135964 28
1785394174303 1149492 30
1785394174436 1176892 30
1785394178078 1196064 28
1785394178191 1419296 28
1785394178325 1615904 28
1785394178540 1773024 29
1785394178670 1963488 32
1785394179472 2000264 29
1785394187080 2009088 33
1785394187217 2037760 29
1785394187340 2060288 28
