# timestamp_ms rss_kb
1785861806719 19792
1785861806787 24780
1785861806849 39384
1785861806910 54884
1785861806972 106700
1785861807323 114260
1785861807557 151348
1785861812733 155732
1785861813687 159124
1785861814566 162324
1785861815873 166868
1785861817216 171028
1785861818098 175028
1785861819432 179664
1785861820737 184564
1785861822141 189192
1785861823527 194104
1785861824842 198720
1785861826427 203628
1785861827809 208188
1785861829195 213152
1785861830487 217748
1785861831791 222416
1785861832718 233784
1785861934456 240076
1785861934589 327296
1785861934989 334952
1785861935095 403832
1785861937078 426288
1785861937468 467432
1785861939766 480628
1785861944848 490308
1785861945990 537136
1785861946094 580652
1785861972130 603140
1785861972333 622272
1785861972454 636376
1785861973023 667696
1785861973131 694552
1785861973261 712248
1785862029053 752388
1785862271571 775428
1785862320896 797316
1785862515084 829836
1785862515224 849156
1785862531787 869144
1785862531914 885384 (true peak, below trigger threshold; snapshot is in peaks/peak.smaps)
