1790718414113 58
1790718414209 54
1790718414401 31
1790718415024 58
1790718415544 56
1790718418789 74
1790718421561 81
1790718421690 74
1790718421838 80
1790718423392 67
1790718423499 62
1790718423617 65
1790718423734 68
1790718423855 62
1790718423973 64
1790718424091 67
1790718426199 62
1790718426301 59
1790718426399 60
1790718426499 61
1790718426598 65
1790718426702 60
1790718426800 62
1790718426900 61
1790718427000 64
1790718427104 37
1790718427206 33
1790718427280 35
1790718427354 32
1790718427476 34
1790718427549 36
1790718427623 65
1790718427727 37
1790718427803 37
1790718427877 38
1790718427954 33
1790718428026 36
1790718428101 35
1790718428175 36
1790718428250 65
1790718428354 35
1790718428428 35
1790718428502 36
1790718428591 33
1790718428663 36
1790718428752 36
1790718428827 62
1790718428944 38
1790718429020 37
