# timestamp_ms rss_kb
1785394371384 256004
1785394371722 261252
1785394372147 267964
1785394372357 280296
1785394372711 286580
1785394372900 296220
1785394373022 400752
1785394373150 472324
1785394373277 524264
1785394373407 571688
1785394373534 594788
1785394373663 615792
1785394373794 636316
1785394374034 664776
1785394374169 683184
1785394374299 698448
1785394374429 723104
1785394374568 742716
1785394374910 773680
1785394375053 805000
1785394375197 872424
1785394375345 924912
1785394375495 963908
1785394375644 992088
1785394375803 1021136
1785394375956 1046868
1785394376113 1076852
1785394376272 1119556
1785394376776 1147684
1785394376912 1176612
1785394380747 1441188
1785394380897 1621412
1785394381040 1700708
1785394381185 1919844
1785394381926 2000996
