# timestamp_ms rss_kb
1789880837341 148328
1789880837435 202120
1789880837505 223660
1789880837578 268952
1789880837652 289404
1789880837763 316800
1789880837859 342400
1789880837953 372164
1789880838048 399228
1789880838145 425040
1789880838240 452508
1789880838335 480608
1789880838432 499304
1789880838528 525376
1789880838625 550020
1789880838723 578348
1789880838823 607440
1789880838920 623192
1789880839020 651900
1789880839121 673556
1789880839220 696760
1789880839321 723696
1789880839421 750768
1789880839522 769476
1789880839624 796328
1789880839726 822620
1789880839828 845988
1789880839929 870192
1789880840031 893248
1789880840132 924216
1789880840237 957784
1789880840342 1014296
1789880840447 1059624
1789880840551 1118056
1789880840658 1167436
1789880840763 1222920
1789880840870 1279800
1789880840980 1329268
1789880841085 1387888
1789880841192 1442356
1789880841300 1492804
1789880841408 1549480
1789880841519 1597872
1789880841629 1654724
1789880841738 1705084
1789880841848 1760636
1789880841958 1819152
1789880842072 1872636
1789880842182 1932364
1789880842297 1981716
1789880842408 2041432
1789880842523 2088800
1789880842638 2146644
1789880842751 2200160
1789880842866 2258748
1789880842981 2310216
1789880843096 2368932
1789880843212 2422364
1789880843328 2483084
1789880843446 2536532
1789880843562 2596192
1789880843680 2650060
1789880843797 2703380
1789880843917 2761828
1789880844145 2860456
1789880844379 2957092
1789880844500 3016736
1789880844731 3116420
1789880844965 3217204
1789880845201 3320044
1789880845440 3423760
1789880845686 3524656
1789880845933 3633540
1789880846184 3773468
1789880846532 3865568
1789880846901 3976984
1789880847383 4078392
1789880847749 4161392
1789880848106 4272012
1789880848556 4382648
1789880848939 4493284
1789880849398 4592660
1789880849812 4714508
1789880850272 4825120
1789880850668 4935728
1789880851127 5046336
1789880851515 5156964
1789880852013 5269412
1789880852408 5380040
1789880852876 5490656
1789880853276 5601268
1789880853860 5748772
1789880854447 5896268
1789880855027 6043768
1789880855589 6191280
1789880856212 6338796
1789880856808 6486804
1789880857442 6634316
1789880858047 6781808
1789880858655 6929308
1789880859260 7076804
1789880859839 7224284
1789880860422 7371756
1789880861008 7519240
1789880861704 7703592
1789880862353 7888016
1789880863054 8072392
1789880863735 8256752
1789880864361 8441096
1789880865076 8625444
1789880865806 8809808
1789880866474 8994160
1789880867316 9179332
1789880868039 9363700
1789880868867 9584912
1789880869731 9806140
1789880870570 10027392
1789880871481 10248632
1789880872414 10469880
1789880873276 10691096
1789880874177 10912324
1789880875054 11133544
1789880875920 11391680
1789880876969 11622948
1789880877935 11871052
1789880878994 12129152
1789880879942 12387252
1789880881040 12645384
1789880882145 12903488
1789880883254 13162632
1789880884364 13457624
1789880885555 13752620
1789880886760 14047616
1789880887969 14342632
1789880889108 14637624
1789880890294 14932608
1789880891427 15264444
1789880892723 15596292
1789880894021 15928176
1789880895267 16260028
1789880896563 16591856
1789880897724 16923704
1789880899127 17292440
1789880900551 17661140
1789880902064 18029864
1789880903550 18399916
1789880905120 18768644
1789880906743 19174228
1789880908413 19579824
1789880910049 19985400
1789880911703 20390996
1789880913509 20833456
1789880915256 21275904
1789880917016 21718360
1789880918905 22160852
1789880920810 22639452
1789880922776 23118748
1789880924761 23598848
1789880926653 24078184
1789880928700 24588908
1789880930695 25112112
1789880932714 25628296
1789880934559 26144500
1789880936685 26697552
1789880938974 27250628
1789880941098 27803684
1789880943364 28393620
1789880945646 28983552
1789880947950 29573528
1789880950488 30200304
1789880953056 30827088
1789880955657 31453916
1789880958310 32117608
1789880961173 32783096
1789880964212 33446812
1789880967281 34147352
1789880970274 34847912
1789880973199 35548468
1789880976340 36285880
1789880979518 37023268
1789880982625 37797544
1789880985948 38571796
1789880989321 39346084
1789880992926 40157248
1789880996568 40968428
1789881000319 41818540
1789881004198 42666568
1789881008147 43551468
1789881062139 44455968
1789881066544 45359284
1789881070521 46281000
1789881075098 47239604
1789881079703 48198208
1789881084338 49193680
1789881088699 50189144
1789881093309 51221476
1789881097933 52253816
1789881102688 53323028
1789881107441 54392220
1789881112460 55498292
1789881117726 56641224
1789881123037 57784164
1789881128650 58963968
1789881134506 60143796
1789881140699 61360496
1789881146867 62614040
1789881153266 63867580
1789881159588 65158012
1789881166119 66485304
1789881172600 67849472
1789881179012 69213640
1789881185646 70614680
1789881192579 72052596
1789881199736 73527368
1789881206781 75002128
1789881214306 76513788
1789881222227 78062308
1789881229853 79647664
1789881238039 81272220
1789881246344 82931348
1789881254919 84590468
1789881263488 86286472
1789881272320 88019324
1789881281425 89789032
1789881290372 91595620
1789881299591 93439104
1789881308774 95321984
1789881318235 97239164
1789881328005 99193240
1789881338109 101184188
1789881348563 103211988
1789881357789 106581360
1789881360047 108894316
1789881362497 111368832
1789881365391 113676004
1789881367060 116004224
1789881369875 118351944
1789881371745 120724504
1789881374734 123558072
1789881377067 126502968
1789881380220 129740768
1789881383497 132733676
1789881387589 135456388
1789881390959 138289404
1789881393582 141116300
1789881397036 144100880
1789881400454 147102252
1789881404077 150149976
1789881407923 153347616
1789881411529 156426448
1789881415508 159839184
1789881641344 163036576
1789881670712 166354512
1789881674763 169718312
1789881677976 173404792
1789881698758 176900164
1789881705832 180465852
1789881713305 184129792
1789881760367 187828816
1789882059964 191632984
1789882565856 195527332
1789883208326 199439212
1789885995776 203430504
1789888372092 207824996
1789888384490 212337212
1789889608180 216657920
1789890516663 221106136
1789891136845 225770964
1789892720912 230486588
1789895023324 235269976
1789895730728 240033132
1789896808784 244909960
1789898127545 249833924
1789903757272 254836256
1789904179747 259964928
1789904226827 265225196
1789905868999 270551108
1789906908015 276038536
1789908108820 281576216
1789912782243 287265312
1789914016215 293036092
