1789880837341 62
1789880837435 39
1789880837505 39
1789880837578 39
1789880837652 78
1789880837763 62
1789880837859 61
1789880837953 60
1789880838048 63
1789880838145 61
1789880838240 61
1789880838335 63
1789880838432 62
1789880838528 63
1789880838625 64
1789880838723 66
1789880838823 63
1789880838920 64
1789880839020 67
1789880839121 64
1789880839220 66
1789880839321 65
1789880839421 67
1789880839522 67
1789880839624 67
1789880839726 67
1789880839828 66
1789880839929 66
1789880840031 67
1789880840132 70
1789880840237 70
1789880840342 69
1789880840447 69
1789880840551 72
1789880840658 70
1789880840763 71
1789880840870 73
1789880840980 70
1789880841085 72
1789880841192 72
1789880841300 73
1789880841408 75
1789880841519 73
1789880841629 74
1789880841738 74
1789880841848 74
1789880841958 76
1789880842072 75
1789880842182 79
1789880842297 76
1789880842408 78
1789880842523 79
1789880842638 77
1789880842751 79
1789880842866 79
1789880842981 79
1789880843096 80
1789880843212 79
1789880843328 81
1789880843446 80
1789880843562 81
1789880843680 81
1789880843797 83
1789880843917 82
1789880844036 83
1789880844145 84
1789880844266 84
1789880844379 84
1789880844500 82
1789880844619 83
1789880844731 84
1789880844852 85
1789880844965 86
1789880845088 85
1789880845201 86
1789880845325 87
1789880845440 87
1789880845565 92
1789880845686 90
1789880845814 91
1789880845933 92
1789880846063 92
1789880846184 90
1789880846335 25
1789880846387 93
1789880846532 25
1789880846596 94
1789880846741 25
1789880846794 24
1789880846848 24
1789880846901 93
1789880847056 25
1789880847110 24
1789880847187 24
1789880847239 90
1789880847383 23
1789880847444 24
1789880847497 25
1789880847551 92
1789880847696 24
1789880847749 24
1789880847834 92
1789880848004 25
1789880848106 93
1789880848285 25
1789880848386 92
1789880848556 25
1789880848667 93
1789880848837 25
1789880848939 94
1789880849096 25
1789880849150 23
1789880849226 94
1789880849398 25
1789880849461 24
1789880849539 94
1789880849710 25
1789880849812 96
1789880849995 25
1789880850098 96
1789880850272 23
1789880850358 97
1789880850484 25
1789880850564 25
1789880850668 97
1789880850851 25
1789880850952 98
1789880851127 25
1789880851239 96
1789880851412 25
1789880851515 97
1789880851650 25
1789880851705 24
1789880851807 98
1789880851959 24
1789880852013 24
1789880852100 24
1789880852154 97
1789880852304 26
1789880852408 101
1789880852597 25
1789880852700 99
1789880852876 25
1789880852964 99
1789880853093 25
1789880853173 24
1789880853276 102
1789880853441 26
1789880853497 25
1789880853575 102
1789880853756 25
1789880853860 102
1789880854051 26
1789880854132 26
1789880854187 101
1789880854343 25
1789880854447 102
1789880854638 25
1789880854742 101
1789880854922 26
1789880855027 101
1789880855193 24
1789880855298 104
1789880855482 27
1789880855589 104
1789880855757 26
1789880855814 25
1789880855894 105
1789880856054 25
1789880856108 25
1789880856212 105
1789880856381 25
1789880856487 105
1789880856672 25
1789880856752 26
1789880856808 107
1789880856956 25
1789880857011 26
1789880857117 109
1789880857305 26
1789880857386 26
1789880857442 107
1789880857614 25
1789880857695 25
1789880857750 107
1789880857912 25
1789880857967 25
1789880858047 108
1789880858246 27
1789880858329 109
1789880858468 25
1789880858548 26
1789880858655 107
1789880858828 27
1789880858885 25
1789880858965 109
1789880859154 26
1789880859260 108
1789880859434 26
1789880859541 110
1789880859732 26
1789880859839 109
1789880860016 26
1789880860124 111
1789880860316 25
1789880860422 110
1789880860598 27
1789880860706 113
1789880860900 26
1789880861008 25
1789880861099 113
1789880861294 26
1789880861402 26
1789880861510 112
1789880861704 27
1789880861799 26
1789880861882 26
1789880861938 113
1789880862107 26
1789880862163 25
1789880862245 26
1789880862353 114
1789880862533 27
1789880862642 26
1789880862749 114
1789880862945 27
1789880863054 26
1789880863147 114
1789880863344 25
1789880863452 27
1789880863537 116
1789880863735 26
1789880863830 26
1789880863887 27
1789880863971 114
1789880864168 27
1789880864277 26
1789880864361 116
1789880864571 27
1789880864682 26
1789880864765 117
1789880864966 27
1789880865076 26
1789880865170 119
1789880865374 26
1789880865458 26
1789880865516 27
1789880865601 121
1789880865806 27
1789880865876 26
1789880865933 27
1789880866018 26
1789880866076 119
1789880866252 27
1789880866363 27
1789880866474 121
1789880866666 27
1789880866751 27
1789880866809 29
1789880866898 26
1789880866956 122
1789880867110 27
1789880867170 26
1789880867255 28
1789880867316 27
1789880867386 28
1789880867446 124
1789880867629 29
1789880867744 28
1789880867831 123
1789880868039 28
1789880868138 27
1789880868251 125
1789880868461 27
1789880868546 27
1789880868658 124
1789880868867 27
1789880868964 27
1789880869050 27
1789880869109 123
1789880869291 27
1789880869403 28
1789880869489 28
1789880869548 123
1789880869731 27
1789880869829 27
1789880869914 27
1789880869973 124
1789880870157 27
1789880870269 28
1789880870382 129
1789880870570 27
1789880870668 28
1789880870727 27
1789880870812 128
1789880871025 28
1789880871112 28
1789880871174 27
1789880871233 27
1789880871292 129
1789880871481 27
1789880871583 30
1789880871701 133
1789880871894 28
1789880871955 28
1789880872016 27
1789880872076 27
1789880872163 27
1789880872222 131
1789880872414 29
1789880872516 28
1789880872632 128
1789880872820 28
1789880872881 28
1789880872968 28
1789880873083 133
1789880873276 29
1789880873378 28
1789880873493 131
1789880873685 28
1789880873746 27
1789880873835 28
1789880873923 29
1789880873984 132
1789880874177 29
1789880874279 28
1789880874395 135
1789880874591 29
1789880874708 29
1789880874797 29
1789880874860 133
1789880875054 29
1789880875158 28
1789880875275 29
1789880875366 136
1789880875590 28
1789880875679 28
1789880875740 28
1789880875829 30
1789880875920 137
1789880876134 30
1789880876197 29
1789880876288 29
1789880876378 28
1789880876439 28
1789880876527 139
1789880876728 28
1789880876790 28
1789880876879 29
1789880876969 30
1789880877048 29
1789880877110 138
1789880877338 28
1789880877427 29
1789880877490 28
1789880877579 30
1789880877669 141
1789880877844 29
1789880877935 29
1789880878040 28
1789880878129 30
1789880878192 140
1789880878392 28
1789880878482 29
1789880878544 30
1789880878636 29
1789880878727 142
1789880878903 29
1789880878994 29
1789880879098 29
1789880879187 29
1789880879250 29
1789880879340 140
1789880879543 29
1789880879662 29
1789880879753 30
1789880879817 29
1789880879879 29
1789880879942 143
1789880880133 28
1789880880195 29
1789880880285 28
1789880880374 31
1789880880439 29
1789880880528 142
1789880880731 29
1789880880794 28
1789880880855 28
1789880880916 28
1789880880977 29
1789880881040 28
1789880881115 28
1789880881174 144
1789880881380 30
1789880881444 29
1789880881507 30
1789880881571 31
1789880881666 29
1789880881757 31
1789880881822 143
1789880882026 28
1789880882145 29
1789880882221 30
1789880882284 29
1789880882345 29
1789880882407 146
1789880882615 29
1789880882678 29
1789880882768 30
1789880882860 28
1789880882979 148
1789880883190 30
1789880883254 30
1789880883333 29
1789880883454 30
1789880883546 147
1789880883784 30
1789880883877 30
1789880883941 28
1789880884031 29
1789880884124 149
1789880884364 29
1789880884442 30
1789880884505 29
1789880884596 31
1789880884719 148
1789880884931 30
1789880885025 30
1789880885089 30
1789880885183 29
1789880885275 31
1789880885342 149
1789880885555 30
1789880885633 30
1789880885697 31
1789880885790 30
1789880885883 29
1789880885946 154
1789880886163 32
1789880886259 32
1789880886326 30
1789880886420 30
1789880886515 151
1789880886760 30
1789880886840 31
1789880886905 30
1789880886999 29
1789880887092 31
1789880887158 150
1789880887372 32
1789880887468 29
1789880887590 30
1789880887684 154
1789880887902 31
1789880887969 30
1789880888048 29
1789880888112 29
1789880888204 31
1789880888298 153
1789880888545 30
1789880888639 29
1789880888761 30
1789880888857 155
1789880889108 31
1789880889216 30
1789880889312 32
1789880889438 154
1789880889657 30
1789880889752 31
1789880889818 30
1789880889882 31
1789880889948 30
1789880890041 159
1789880890294 31
1789880890404 32
1789880890503 31
1789880890600 31
1789880890666 31
1789880890763 158
1789880890987 31
1789880891113 30
1789880891207 30
1789880891332 31
1789880891427 158
1789880891666 30
1789880891791 32
1789880891888 30
1789880891983 31
1789880892107 160
1789880892332 30
1789880892398 30
1789880892463 33
1789880892532 30
1789880892627 30
1789880892723 31
1789880892834 161
1789880893061 30
1789880893126 30
1789880893220 31
1789880893316 32
1789880893443 31
1789880893539 163
1789880893798 31
1789880893895 30
1789880894021 31
1789880894132 32
1789880894231 161
1789880894488 31
1789880894586 31
1789880894715 33
1789880894814 31
1789880894911 165
1789880895172 30
1789880895267 32
1789880895382 30
1789880895477 32
1789880895544 32
1789880895643 165
1789880895875 31
1789880895973 32
1789880896104 30
1789880896199 31
1789880896327 169
1789880896563 32
1789880896677 32
1789880896776 31
1789880896903 30
1789880897000 166
1789880897264 32
1789880897363 31
1789880897462 31
1789880897529 30
1789880897626 31
1789880897724 168
1789880897974 32
1789880898074 31
1789880898201 32
1789880898300 33
1789880898401 32
1789880898469 167
1789880898703 33
1789880898802 31
1789880898900 31
1789880899029 32
1789880899127 171
1789880899381 31
1789880899479 34
1789880899582 31
1789880899649 31
1789880899747 34
1789880899848 169
1789880900086 32
1789880900187 31
1789880900255 31
1789880900353 31
1789880900451 31
1789880900551 173
1789880900811 32
1789880900912 32
1789880901011 32
1789880901081 33
1789880901182 32
1789880901282 173
1789880901492 32
1789880901561 32
1789880901659 32
1789880901760 31
1789880901827 31
1789880901926 32
1789880901996 33
1789880902064 176
1789880902325 33
1789880902426 33
1789880902527 32
1789880902596 32
1789880902695 32
1789880902795 178
1789880903011 31
1789880903079 32
1789880903179 32
1789880903279 33
1789880903350 32
1789880903450 33
1789880903550 175
1789880903781 32
1789880903850 33
1789880903952 33
1789880904054 32
1789880904155 32
1789880904223 33
1789880904293 33
1789880904363 174
1789880904607 32
1789880904707 31
1789880904808 32
1789880904910 33
1789880904981 32
1789880905050 32
1789880905120 32
1789880905205 179
1789880905453 33
1789880905554 34
1789880905627 34
1789880905699 32
1789880905768 32
1789880905837 33
1789880905908 32
1789880905977 33
1789880906047 32
1789880906148 182
1789880906399 34
1789880906504 33
1789880906606 34
1789880906743 33
1789880906832 33
1789880906934 181
1789880907153 34
1789880907224 34
1789880907296 33
1789880907367 32
1789880907435 32
1789880907504 32
1789880907573 34
1789880907677 32
1789880907779 182
1789880908031 33
1789880908135 34
1789880908207 33
1789880908310 33
1789880908413 33
1789880908534 33
1789880908636 183
1789880908889 32
1789880908993 34
1789880909129 32
1789880909228 34
1789880909332 33
1789880909434 186
1789880909659 34
1789880909732 33
1789880909836 32
1789880909906 33
1789880909977 35
1789880910049 34
1789880910138 33
1789880910240 33
1789880910343 186
1789880910568 35
1789880910642 33
1789880910778 33
1789880910882 33
1789880910986 33
1789880911090 33
1789880911193 33
1789880911264 185
1789880911488 33
1789880911559 33
1789880911631 34
1789880911703 32
1789880911790 33
1789880911894 32
1789880911996 33
1789880912100 35
1789880912174 190
1789880912402 33
1789880912475 33
1789880912546 33
1789880912683 34
1789880912755 34
1789880912826 33
1789880912897 33
1789880912967 34
1789880913072 189
1789880913332 33
1789880913436 34
1789880913509 33
1789880913599 34
1789880913703 34
1789880913808 34
1789880913947 189
1789880914207 34
1789880914280 33
1789880914351 34
1789880914456 34
1789880914561 34
1789880914666 33
1789880914738 33
1789880914808 35
1789880914881 191
1789880915111 34
1789880915183 35
1789880915256 34
1789880915382 33
1789880915486 35
1789880915594 33
1789880915700 35
1789880915773 192
1789880916004 34
1789880916144 34
1789880916217 35
1789880916290 34
1789880916362 33
1789880916433 33
1789880916538 33
1789880916644 194
1789880916910 33
1789880917016 33
1789880917140 35
1789880917247 33
1789880917352 34
1789880917457 35
1789880917531 193
1789880917763 33
1789880917869 35
1789880917943 32
1789880918015 36
1789880918091 34
1789880918163 33
1789880918235 34
1789880918308 34
1789880918416 35
1789880918490 197
1789880918726 35
1789880918833 34
1789880918905 34
1789880918997 35
1789880919106 34
1789880919213 34
1789880919319 202
1789880919593 35
1789880919668 34
1789880919740 35
1789880919848 34
1789880919921 33
1789880919993 34
1789880920066 33
1789880920138 35
1789880920246 34
1789880920319 34
1789880920392 198
1789880920663 34
1789880920736 34
1789880920810 36
1789880920905 35
1789880920980 34
1789880921087 35
1789880921195 35
1789880921303 34
1789880921409 204
1789880921654 34
1789880921728 35
1789880921837 35
1789880921912 34
1789880921986 35
1789880922096 35
1789880922204 35
1789880922278 35
1789880922352 35
1789880922426 201
1789880922667 35
1789880922776 34
1789880922870 36
1789880922945 34
1789880923052 35
1789880923163 35
1789880923272 36
1789880923382 202
1789880923625 36
1789880923701 35
1789880923809 35
1789880923883 35
1789880923957 36
1789880924068 35
1789880924144 35
1789880924218 36
1789880924329 206
1789880924608 36
1789880924686 35
1789880924761 35
1789880924890 36
1789880925000 36
1789880925110 36
1789880925220 35
1789880925329 210
1789880925615 36
1789880925725 38
1789880925804 36
1789880925880 36
1789880925991 36
1789880926101 37
1789880926214 36
1789880926289 35
1789880926364 212
1789880926653 35
1789880926783 37
1789880926894 36
1789880927006 37
1789880927118 35
1789880927228 34
1789880927338 210
1789880927624 36
1789880927735 35
1789880927845 36
1789880927921 36
1789880927997 36
1789880928108 36
1789880928219 35
1789880928294 34
1789880928370 37
1789880928447 212
1789880928700 37
1789880928800 36
1789880928876 36
1789880928989 35
1789880929101 37
1789880929214 36
1789880929326 37
1789880929440 213
1789880929729 36
1789880929840 35
1789880929952 36
1789880930066 36
1789880930178 36
1789880930290 37
1789880930403 214
1789880930695 37
1789880930829 35
1789880930940 38
1789880931055 35
1789880931166 36
1789880931279 37
1789880931394 217
1789880931688 37
1789880931802 38
1789880931917 36
1789880931994 38
1789880932073 37
1789880932186 36
1789880932299 39
1789880932417 219
1789880932714 36
1789880932813 37
1789880932891 36
1789880932970 38
1789880933085 36
1789880933197 36
1789880933311 37
1789880933388 35
1789880933464 219
1789880933761 36
1789880933874 36
1789880933988 39
1789880934103 36
1789880934216 37
1789880934331 38
1789880934446 36
1789880934559 224
1789880934847 36
1789880934925 37
1789880935003 37
1789880935117 37
1789880935231 37
1789880935346 38
1789880935459 38
1789880935576 37
1789880935692 224
1789880935994 38
1789880936109 38
1789880936225 37
1789880936339 38
1789880936455 37
1789880936570 36
1789880936685 38
1789880936787 229
1789880937059 38
1789880937140 38
1789880937257 38
1789880937375 38
1789880937492 39
1789880937611 39
1789880937727 38
1789880937844 227
1789880938152 37
1789880938268 37
1789880938383 38
1789880938464 38
1789880938543 37
1789880938622 37
1789880938700 38
1789880938817 37
1789880938896 37
1789880938974 37
1789880939076 228
1789880939383 38
1789880939499 37
1789880939617 38
1789880939735 38
1789880939852 37
1789880939967 39
1789880940085 37
1789880940201 232
1789880940512 38
1789880940631 40
1789880940751 37
1789880940864 38
1789880940980 38
1789880941098 36
1789880941199 37
1789880941317 232
1789880941630 39
1789880941749 37
1789880941866 37
1789880941980 39
1789880942100 39
1789880942220 39
1789880942337 39
1789880942454 238
1789880942774 40
1789880942893 37
1789880943011 39
1789880943127 37
1789880943245 39
1789880943364 38
1789880943466 37
1789880943585 239
1789880943905 39
1789880944026 39
1789880944142 37
1789880944259 38
1789880944378 38
1789880944495 39
1789880944615 38
1789880944733 237
1789880945053 38
1789880945172 38
1789880945288 39
1789880945407 38
1789880945524 40
1789880945646 38
1789880945749 39
1789880945868 242
1789880946189 40
1789880946310 38
1789880946428 38
1789880946548 38
1789880946666 38
1789880946784 39
1789880946904 38
1789880947023 244
1789880947349 39
1789880947468 41
1789880947591 38
1789880947709 38
1789880947829 39
1789880947950 37
1789880948053 40
1789880948176 242
1789880948500 39
1789880948618 39
1789880948702 39
1789880948785 39
1789880948904 38
1789880949024 39
1789880949147 40
1789880949231 39
1789880949313 39
1789880949433 40
1789880949552 245
1789880949880 39
1789880950000 40
1789880950124 38
1789880950244 40
1789880950367 39
1789880950488 39
1789880950594 39
1789880950716 38
1789880950836 248
1789880951167 41
1789880951292 40
1789880951415 39
1789880951535 39
1789880951656 38
1789880951739 38
1789880951821 38
1789880951943 40
1789880952066 39
1789880952187 248
1789880952521 40
1789880952642 40
1789880952727 40
1789880952811 39
1789880952934 39
1789880953056 40
1789880953165 40
1789880953287 40
1789880953410 40
1789880953535 252
1789880953831 40
1789880953915 40
1789880954001 39
1789880954085 39
1789880954207 39
1789880954329 40
1789880954453 39
1789880954576 39
1789880954699 40
1789880954823 39
1789880954944 254
1789880955283 40
1789880955407 40
1789880955531 42
1789880955657 40
1789880955766 40
1789880955889 41
1789880956014 41
1789880956138 40
1789880956261 253
1789880956600 40
1789880956723 41
1789880956847 40
1789880956972 40
1789880957096 40
1789880957220 41
1789880957345 39
1789880957468 40
1789880957593 258
1789880957936 39
1789880958059 40
1789880958184 40
1789880958310 41
1789880958419 41
1789880958543 41
1789880958669 40
1789880958793 40
1789880958878 40
1789880958964 260
1789880959309 40
1789880959393 42
1789880959480 41
1789880959606 40
1789880959730 42
1789880959858 42
1789880959986 42
1789880960113 41
1789880960240 40
1789880960364 300
1789880960751 40
1789880960876 41
1789880960962 41
1789880961048 40
1789880961173 39
1789880961283 42
1789880961369 40
1789880961454 40
1789880961580 40
1789880961665 40
1789880961750 40
1789880961875 266
1789880962187 42
1789880962274 41
1789880962399 40
1789880962485 41
1789880962572 41
1789880962698 40
1789880962824 41
1789880962952 41
1789880963039 42
1789880963126 43
1789880963256 42
1789880963383 266
1789880963735 40
1789880963821 41
1789880963908 41
1789880964037 42
1789880964125 41
1789880964212 41
1789880964324 41
1789880964451 42
1789880964580 41
1789880964707 41
1789880964834 42
1789880964963 268
1789880965278 42
1789880965365 41
1789880965493 41
1789880965620 42
1789880965749 42
1789880965837 41
1789880965923 42
1789880966052 41
1789880966182 42
1789880966270 41
1789880966359 41
1789880966487 41
1789880966615 272
1789880966974 42
1789880967063 43
1789880967152 42
1789880967281 43
1789880967397 42
1789880967525 40
1789880967611 43
1789880967701 43
1789880967831 42
1789880967919 40
1789880968005 42
1789880968135 41
1789880968262 270
1789880968619 42
1789880968747 41
1789880968875 42
1789880969004 42
1789880969132 41
1789880969261 42
1789880969392 43
1789880969522 41
1789880969649 43
1789880969780 273
1789880970142 43
1789880970274 41
1789880970388 41
1789880970519 42
1789880970648 43
1789880970780 41
1789880970908 41
1789880971037 43
1789880971167 42
1789880971295 277
1789880971661 43
1789880971792 41
1789880971920 42
1789880972049 42
1789880972177 43
1789880972309 44
1789880972442 43
1789880972571 44
1789880972704 43
1789880972833 279
1789880973199 41
1789880973315 42
1789880973446 41
1789880973575 44
1789880973708 41
1789880973836 43
1789880973968 43
1789880974100 43
1789880974233 43
1789880974364 277
1789880974729 42
1789880974861 44
1789880974993 41
1789880975124 43
1789880975256 42
1789880975389 43
1789880975519 44
1789880975653 43
1789880975745 44
1789880975836 43
1789880975968 283
1789880976340 44
1789880976459 44
1789880976593 43
1789880976684 41
1789880976773 42
1789880976904 44
1789880977039 42
1789880977169 42
1789880977301 43
1789880977435 43
1789880977567 283
1789880977940 42
1789880978072 42
1789880978206 43
1789880978338 42
1789880978470 44
1789880978605 43
1789880978738 45
1789880978873 45
1789880979009 43
1789880979142 285
1789880979518 43
1789880979637 45
1789880979773 43
1789880979904 44
1789880980040 42
1789880980172 43
1789880980306 43
1789880980439 43
1789880980572 44
1789880980708 43
1789880980841 292
1789880981225 45
1789880981360 43
1789880981450 43
1789880981542 44
1789880981678 44
1789880981771 43
1789880981862 43
1789880981952 44
1789880982087 43
1789880982220 45
1789880982357 44
1789880982492 43
1789880982625 292
1789880982996 42
1789880983128 42
1789880983262 44
1789880983396 44
1789880983532 43
1789880983666 43
1789880983801 44
1789880983938 45
1789880984074 44
1789880984209 43
1789880984344 292
1789880984727 44
1789880984861 44
1789880984997 43
1789880985131 45
1789880985268 44
1789880985403 44
1789880985539 46
1789880985676 44
1789880985811 43
1789880985948 44
1789880986068 294
1789880986454 43
1789880986589 43
1789880986724 45
1789880986862 43
1789880986996 44
1789880987133 45
1789880987227 45
1789880987321 44
1789880987413 43
1789880987549 44
1789880987685 45
1789880987780 45
1789880987874 300
1789880988223 45
1789880988360 44
1789880988497 45
1789880988637 44
1789880988771 44
1789880988909 43
1789880989045 44
1789880989183 45
1789880989321 44
1789880989443 44
1789880989580 300
1789880989975 45
1789880990113 45
1789880990251 45
1789880990389 46
1789880990527 45
1789880990665 45
1789880990803 44
1789880990940 45
1789880991079 45
1789880991218 45
1789880991356 304
1789880991753 45
1789880991894 45
1789880992034 46
1789880992173 45
1789880992314 45
1789880992408 46
1789880992503 45
1789880992598 46
1789880992694 45
1789880992786 46
1789880992926 46
1789880993050 44
1789880993189 307
1789880993590 45
1789880993728 45
1789880993823 44
1789880993917 45
1789880994011 44
1789880994150 46
1789880994291 45
1789880994428 47
1789880994570 45
1789880994708 45
1789880994848 45
1789880994987 313
1789880995395 46
1789880995534 46
1789880995674 45
1789880995813 45
1789880995908 44
1789880996001 46
1789880996096 46
1789880996237 45
1789880996376 47
1789880996473 45
1789880996568 45
1789880996694 45
1789880996789 46
1789880996929 312
1789880997291 45
1789880997387 46
1789880997484 45
1789880997624 45
1789880997764 46
1789880997904 46
1789880998046 46
1789880998142 44
1789880998236 46
1789880998332 48
1789880998477 46
1789880998573 48
1789880998671 47
1789880998770 47
1789880998912 315
1789880999321 48
1789880999463 46
1789880999605 46
1789880999748 48
1789880999893 48
1789881000036 47
1789881000178 47
1789881000319 46
1789881000447 47
1789881000588 46
1789881000731 46
1789881000873 317
1789881001285 48
1789881001430 46
1789881001575 46
1789881001715 47
1789881001859 47
1789881002004 45
1789881002145 47
1789881002288 46
1789881002430 48
1789881002576 47
1789881002721 47
1789881002863 318
1789881003279 47
1789881003421 47
1789881003565 49
1789881003711 47
1789881003857 49
1789881004001 46
1789881004098 48
1789881004198 48
1789881004329 47
1789881004426 47
1789881004571 46
1789881004714 47
1789881004859 323
1789881005279 47
1789881005422 47
1789881005565 48
1789881005709 46
1789881005851 48
1789881005996 47
1789881006139 46
1789881006283 47
1789881006425 46
1789881006569 46
1789881006711 47
1789881006856 328
1789881007282 47
1789881007426 46
1789881007570 49
1789881007715 47
1789881007860 47
1789881008003 46
1789881008147 47
1789881008276 46
1789881008420 49
1789881008565 46
1789881008708 48
1789881008853 326
1789881009276 47
1789881009421 48
1789881009566 48
1789881009713 47
1789881009811 47
1789881009910 46
1789881010008 47
1789881010108 48
1789881010343 85
1789881011827 95
1789881012905 87
1789881013161 67
1789881018326 351
1789881050329 330
1789881050713 49
1789881050815 47
1789881050914 48
1789881051016 49
1789881051119 49
1789881051220 48
1789881051320 49
1789881051422 47
1789881051521 47
1789881051621 48
1789881051724 47
1789881051825 47
1789881051925 48
1789881052026 48
1789881052128 47
1789881052228 49
1789881052330 48
1789881052430 50
1789881053894 49
1789881055924 49
1789881058291 334
1789881058678 47
1789881058778 47
1789881058878 49
1789881058981 47
1789881059081 48
1789881059182 49
1789881059284 48
1789881059386 49
1789881059487 49
1789881059589 49
1789881059692 49
1789881059794 48
1789881059895 48
1789881059997 49
1789881060100 49
1789881060203 48
1789881060304 49
1789881060407 50
1789881060512 49
1789881060661 49
1789881060810 49
1789881060961 48
1789881061110 47
1789881061259 50
1789881061409 49
1789881061558 334
1789881061992 48
1789881062139 49
1789881062275 48
1789881062423 51
1789881062574 49
1789881062723 48
1789881062872 49
1789881063021 49
1789881063170 48
1789881063318 49
1789881063469 48
1789881063617 48
1789881063766 333
1789881064199 48
1789881064348 48
1789881064496 51
1789881064647 48
1789881064796 50
1789881064946 48
1789881065096 49
1789881065247 49
1789881065396 49
1789881065547 49
1789881065700 50
1789881065853 48
1789881066002 339
1789881066441 49
1789881066544 49
1789881066680 49
1789881066782 49
1789881066887 49
1789881067037 50
1789881067193 48
1789881067341 49
1789881067493 48
1789881067642 50
1789881067794 49
1789881067946 50
1789881068101 49
1789881068252 343
1789881068697 48
1789881068848 49
1789881068997 50
1789881069151 49
1789881069302 48
1789881069454 50
1789881069606 49
1789881069759 49
1789881069908 50
1789881070062 50
1789881070215 49
1789881070367 50
1789881070521 343
1789881070952 51
1789881071106 49
1789881071257 49
1789881071409 51
1789881071563 52
1789881071717 50
1789881071870 51
1789881072024 49
1789881072127 50
1789881072232 50
1789881072337 50
1789881072490 51
1789881072643 50
1789881072795 349
1789881073247 52
1789881073405 50
1789881073557 50
1789881073711 50
1789881073863 51
1789881074018 51
1789881074173 50
1789881074325 51
1789881074481 51
1789881074637 50
1789881074790 51
1789881074945 50
1789881075098 351
1789881075539 51
1789881075694 52
1789881075851 51
1789881076007 49
1789881076159 50
1789881076314 50
1789881076468 51
1789881076623 50
1789881076777 51
1789881076931 50
1789881077086 51
1789881077240 51
1789881077395 356
1789881077855 51
1789881078012 53
1789881078146 52
1789881078302 51
1789881078408 51
1789881078515 50
1789881078619 50
1789881078774 50
1789881078927 52
1789881079083 50
1789881079237 52
1789881079393 50
1789881079547 52
1789881079703 356
1789881080152 52
1789881080286 50
1789881080440 49
1789881080597 52
1789881080705 50
1789881080861 53
1789881081020 53
1789881081178 50
1789881081333 53
1789881081492 50
1789881081599 50
1789881081755 50
1789881081908 50
1789881082066 363
1789881082486 51
1789881082592 50
1789881082698 52
1789881082807 51
1789881082963 51
1789881083121 53
1789881083282 52
1789881083390 51
1789881083546 51
1789881083703 51
1789881083858 53
1789881084016 51
1789881084123 52
1789881084232 51
1789881084338 50
1789881084482 361
1789881084901 52
1789881085059 51
1789881085166 53
1789881085325 51
1789881085457 52
1789881085618 52
1789881085727 51
1789881085885 51
1789881085994 52
1789881086150 51
1789881086259 52
1789881086415 51
1789881086574 49
1789881086680 367
1789881087156 54
1789881087319 54
1789881087426 53
1789881087585 53
1789881087745 51
1789881087852 51
1789881088012 50
1789881088168 53
1789881088276 51
1789881088432 52
1789881088591 51
1789881088699 51
1789881088846 52
1789881089004 370
1789881089432 53
1789881089592 52
1789881089700 53
1789881089862 52
1789881090020 53
1789881090132 52
1789881090240 51
1789881090349 53
1789881090509 51
1789881090616 53
1789881090778 53
1789881090938 54
1789881091047 52
1789881091207 52
1789881091369 373
1789881091799 51
1789881091959 54
1789881092068 52
1789881092227 54
1789881092390 51
1789881092498 53
1789881092660 53
1789881092770 52
1789881092930 53
1789881093040 52
1789881093198 54
1789881093309 53
1789881093456 55
1789881093620 376
1789881094054 53
1789881094215 53
1789881094323 54
1789881094488 52
1789881094596 52
1789881094757 53
1789881094869 54
1789881095032 53
1789881095140 53
1789881095302 53
1789881095463 52
1789881095573 55
1789881095687 52
1789881095797 53
1789881095906 380
1789881096396 53
1789881096508 53
1789881096668 54
1789881096780 54
1789881096942 54
1789881097051 55
1789881097216 54
1789881097327 54
1789881097438 55
1789881097551 53
1789881097661 54
1789881097824 53
1789881097933 54
1789881098086 55
1789881098251 54
1789881098363 382
1789881098855 55
1789881098969 52
1789881099129 53
1789881099241 55
1789881099405 54
1789881099519 55
1789881099683 53
1789881099793 55
1789881099962 54
1789881100075 53
1789881100240 54
1789881100350 56
1789881100520 54
1789881100632 53
1789881100796 387
1789881101243 54
1789881101407 54
1789881101519 54
1789881101684 53
1789881101792 55
1789881101906 56
1789881102022 55
1789881102136 53
1789881102299 55
1789881102412 53
1789881102576 55
1789881102688 55
1789881102841 55
1789881103005 55
1789881103119 53
1789881103282 389
1789881103729 53
1789881103894 55
1789881104008 56
1789881104176 55
1789881104292 55
1789881104459 54
1789881104573 56
1789881104742 54
1789881104854 54
1789881105018 53
1789881105129 53
1789881105296 54
1789881105409 53
1789881105576 54
1789881105689 393
1789881106196 55
1789881106311 54
1789881106475 56
1789881106592 55
1789881106758 54
1789881106872 56
1789881107042 56
1789881107159 55
1789881107328 54
1789881107441 55
1789881107595 56
1789881107765 55
1789881107878 54
1789881108047 53
1789881108160 399
1789881108673 55
1789881108787 53
1789881108952 54
1789881109063 53
1789881109230 57
1789881109347 56
1789881109518 55
1789881109634 57
1789881109804 54
1789881109917 54
1789881110086 56
1789881110201 54
1789881110369 55
1789881110484 54
1789881110650 443
1789881111153 54
1789881111323 56
1789881111439 54
1789881111605 57
1789881111723 57
1789881111893 53
1789881112005 57
1789881112175 54
1789881112288 56
1789881112460 56
1789881112620 56
1789881112735 54
1789881112903 57
1789881113020 55
1789881113135 55
1789881113251 414
1789881113724 54
1789881113893 57
1789881114010 55
1789881114177 57
1789881114294 54
1789881114461 57
1789881114579 56
1789881114746 55
1789881114860 57
1789881115031 55
1789881115142 56
1789881115312 55
1789881115427 56
1789881115596 55
1789881115712 57
1789881115882 402
1789881116346 58
1789881116465 55
1789881116581 55
1789881116697 56
1789881116867 56
1789881116984 55
1789881117153 58
1789881117272 55
1789881117441 57
1789881117558 55
1789881117726 58
1789881117885 55
1789881118000 56
1789881118170 56
1789881118287 56
1789881118456 56
1789881118573 410
1789881119098 55
1789881119214 55
1789881119331 56
1789881119447 55
1789881119562 57
1789881119734 56
1789881119850 57
1789881120020 56
1789881120137 57
1789881120308 56
1789881120425 55
1789881120595 57
1789881120713 55
1789881120883 57
1789881121001 55
1789881121172 56
1789881121289 412
1789881121764 56
1789881121881 56
1789881121999 57
1789881122169 57
1789881122289 55
1789881122459 56
1789881122576 56
1789881122747 57
1789881122864 56
1789881123037 56
1789881123195 58
1789881123315 56
1789881123487 57
1789881123605 55
1789881123777 57
1789881123896 56
1789881124068 414
1789881124543 57
1789881124662 57
1789881124779 56
1789881124895 57
1789881125067 55
1789881125184 56
1789881125302 56
1789881125419 58
1789881125537 56
1789881125709 58
1789881125827 56
1789881126000 58
1789881126118 56
1789881126291 57
1789881126409 57
1789881126528 58
1789881126647 56
1789881126764 57
1789881126935 419
1789881127414 55
1789881127533 58
1789881127654 58
1789881127774 58
1789881127894 59
1789881128069 57
1789881128188 56
1789881128359 57
1789881128478 56
1789881128650 58
1789881128812 57
1789881128932 57
1789881129104 58
1789881129223 56
1789881129394 57
1789881129513 56
1789881129631 58
1789881129752 418
1789881130233 56
1789881130350 56
1789881130468 57
1789881130587 57
1789881130706 56
1789881130824 58
1789881130944 58
1789881131039 56
1789881131212 57
1789881131330 57
1789881131505 57
1789881131624 58
1789881131745 57
1789881131864 56
1789881131983 59
1789881132103 60
1789881132226 59
1789881132348 58
1789881132467 57
1789881132586 56
1789881132703 57
1789881132823 58
1789881132942 430
1789881133436 57
1789881133609 59
1789881133731 56
1789881133904 58
1789881134023 57
1789881134143 58
1789881134264 59
1789881134386 58
1789881134506 57
1789881134668 58
1789881134788 58
1789881134908 59
1789881135029 58
1789881135149 59
1789881135272 57
1789881135390 58
1789881135511 58
1789881135632 59
1789881135755 57
1789881135873 58
1789881135994 429
1789881136487 60
1789881136611 57
1789881136730 58
1789881136851 58
1789881136972 57
1789881137093 59
1789881137214 59
1789881137335 58
1789881137456 60
1789881137581 58
1789881137701 59
1789881137823 58
1789881137944 59
1789881138070 59
1789881138191 58
1789881138314 58
1789881138434 59
1789881138557 59
1789881138679 59
1789881138802 59
1789881138980 60
1789881139104 434
1789881139601 61
1789881139724 58
1789881139845 60
1789881139968 58
1789881140088 60
1789881140212 58
1789881140332 60
1789881140455 59
1789881140576 58
1789881140699 58
1789881140863 61
1789881141043 58
1789881141165 58
1789881141285 58
1789881141408 59
1789881141529 58
1789881141651 59
1789881141772 57
1789881141892 58
1789881142013 58
1789881142134 59
1789881142255 435
1789881142754 57
1789881142876 59
1789881142997 57
1789881143118 60
1789881143240 57
1789881143361 61
1789881143484 57
1789881143605 61
1789881143729 59
1789881143851 61
1789881144030 59
1789881144153 59
1789881144275 60
1789881144400 59
1789881144521 58
1789881144644 59
1789881144766 59
1789881144890 59
1789881145011 59
1789881145135 59
1789881145257 58
1789881145380 441
1789881145885 61
1789881146009 59
1789881146132 60
1789881146257 58
1789881146379 59
1789881146502 58
1789881146623 59
1789881146746 57
1789881146867 58
1789881147036 59
1789881147158 60
1789881147283 58
1789881147405 59
1789881147529 60
1789881147652 58
1789881147775 59
1789881147898 58
1789881148018 61
1789881148142 58
1789881148265 61
1789881148390 59
1789881148512 448
1789881149023 61
1789881149148 59
1789881149271 61
1789881149397 58
1789881149518 60
1789881149643 59
1789881149765 60
1789881149891 60
1789881150015 60
1789881150140 60
1789881150263 59
1789881150387 60
1789881150512 59
1789881150636 60
1789881150760 59
1789881150884 62
1789881151010 58
1789881151132 61
1789881151258 59
1789881151381 61
1789881151507 59
1789881151631 60
1789881151757 449
1789881152272 59
1789881152394 59
1789881152518 61
1789881152643 59
1789881152767 60
1789881152890 59
1789881153013 61
1789881153139 61
1789881153266 58
1789881153432 62
1789881153616 59
1789881153739 61
1789881153865 59
1789881153988 61
1789881154112 59
1789881154235 62
1789881154361 60
1789881154485 62
1789881154611 59
1789881154734 61
1789881154859 60
1789881154983 61
1789881155108 452
1789881155625 59
1789881155749 62
1789881155874 59
1789881155999 61
1789881156125 59
1789881156249 60
1789881156374 59
1789881156498 61
1789881156623 59
1789881156747 62
1789881156874 59
1789881156999 61
1789881157125 62
1789881157253 60
1789881157435 63
1789881157562 60
1789881157685 61
1789881157811 60
1789881157935 61
1789881158061 59
1789881158185 63
1789881158316 59
1789881158439 457
1789881158961 60
1789881159086 61
1789881159211 60
1789881159337 60
1789881159462 61
1789881159588 60
1789881159759 62
1789881159885 60
1789881160009 63
1789881160137 61
1789881160262 62
1789881160390 60
1789881160573 66
1789881160704 60
1789881160829 63
1789881160958 60
1789881161083 61
1789881161209 60
1789881161334 60
1789881161461 62
1789881161588 60
1789881161714 463
1789881162244 61
1789881162428 62
1789881162558 60
1789881162683 59
1789881162808 60
1789881162933 59
1789881163060 61
1789881163186 61
1789881163373 61
1789881163498 62
1789881163626 61
1789881163752 64
1789881163883 61
1789881164008 63
1789881164137 61
1789881164263 63
1789881164391 60
1789881164517 64
1789881164647 61
1789881164832 63
1789881164961 466
1789881165492 60
1789881165680 61
1789881165806 62
1789881165934 61
1789881166119 63
1789881166300 62
1789881166427 61
1789881166554 62
1789881166681 61
1789881166809 61
1789881166935 62
1789881167063 63
1789881167192 62
1789881167381 61
1789881167509 63
1789881167637 61
1789881167824 62
1789881167952 61
1789881168081 469
1789881168677 62
1789881168804 62
1789881168932 61
1789881169060 62
1789881169188 61
1789881169315 62
1789881169444 61
1789881169572 63
1789881169701 61
1789881169828 64
1789881169957 61
1789881170145 62
1789881170274 62
1789881170404 64
1789881170594 63
1789881170725 62
1789881170853 60
1789881171041 62
1789881171170 61
1789881171298 63
1789881171488 473
1789881172027 61
1789881172155 62
1789881172342 63
1789881172472 61
1789881172600 63
1789881172777 62
1789881172905 63
1789881173094 62
1789881173224 62
1789881173351 61
1789881173543 62
1789881173672 63
1789881173803 62
1789881173990 62
1789881174119 62
1789881174248 65
1789881174440 63
1789881174569 63
1789881174698 474
1789881175299 64
1789881175432 62
1789881175561 62
1789881175752 63
1789881175881 63
1789881176011 61
1789881176200 64
1789881176332 63
1789881176462 62
1789881176653 62
1789881176782 64
1789881176913 61
1789881177102 63
1789881177231 61
1789881177361 62
1789881177551 64
1789881177684 63
1789881177814 65
1789881178008 484
1789881178559 63
1789881178690 62
1789881178880 63
1789881179012 63
1789881179191 66
1789881179324 62
1789881179454 62
1789881179647 62
1789881179776 64
1789881179908 63
1789881180102 64
1789881180234 63
1789881180363 62
1789881180555 62
1789881180685 64
1789881180817 63
1789881181009 65
1789881181140 63
1789881181272 488
1789881181889 64
1789881182020 63
1789881182152 64
1789881182345 65
1789881182478 63
1789881182608 64
1789881182801 63
1789881182933 63
1789881183065 64
1789881183257 63
1789881183390 63
1789881183521 62
1789881183715 63
1789881183846 66
1789881183979 63
1789881184174 62
1789881184304 65
1789881184438 63
1789881184631 485
1789881185186 63
1789881185318 63
1789881185512 64
1789881185646 66
1789881185828 63
1789881185960 64
1789881186092 63
1789881186289 63
1789881186420 64
1789881186552 63
1789881186748 64
1789881186880 64
1789881187014 63
1789881187207 67
1789881187341 65
1789881187475 65
1789881187670 65
1789881187803 64
1789881187935 66
1789881188132 493
1789881188694 64
1789881188827 64
1789881188959 65
1789881189092 65
1789881189226 67
1789881189361 64
1789881189493 67
1789881189690 66
1789881189825 65
1789881189957 67
1789881190154 63
1789881190289 65
1789881190422 66
1789881190620 66
1789881190756 66
1789881190889 64
1789881191087 65
1789881191220 65
1789881191355 64
1789881191550 65
1789881191684 496
1789881192249 65
1789881192445 64
1789881192579 64
1789881192761 67
1789881192897 64
1789881193031 65
1789881193226 66
1789881193361 64
1789881193493 66
1789881193694 65
1789881193829 65
1789881193962 65
1789881194098 65
1789881194232 64
1789881194367 64
1789881194500 65
1789881194635 64
1789881194831 65
1789881194965 64
1789881195100 65
1789881195297 501
1789881195869 64
1789881196002 65
1789881196201 64
1789881196335 66
1789881196470 65
1789881196670 64
1789881196803 67
1789881196941 65
1789881197140 65
1789881197274 65
1789881197410 66
1789881197545 66
1789881197746 66
1789881197881 66
1789881198016 65
1789881198215 65
1789881198350 66
1789881198489 67
1789881198688 68
1789881198826 506
1789881199402 65
1789881199538 65
1789881199736 67
1789881199923 66
1789881200060 66
1789881200195 65
1789881200332 67
1789881200531 66
1789881200667 66
1789881200802 67
1789881201002 65
1789881201138 66
1789881201274 66
1789881201474 66
1789881201611 66
1789881201747 65
1789881201883 68
1789881202085 65
1789881202222 66
1789881202358 508
1789881202936 67
1789881203137 65
1789881203273 67
1789881203410 65
1789881203547 66
1789881203747 67
1789881203884 65
1789881204018 68
1789881204158 65
1789881204359 65
1789881204494 66
1789881204632 66
1789881204768 67
1789881204970 65
1789881205108 67
1789881205245 66
1789881205383 66
1789881205584 68
1789881205722 65
1789881205858 69
1789881205997 512
1789881206645 65
1789881206781 67
1789881206971 67
1789881207108 68
1789881207245 66
1789881207382 67
1789881207584 67
1789881207722 66
1789881207858 69
1789881207997 65
1789881208199 65
1789881208335 68
1789881208475 67
1789881208612 68
1789881208753 67
1789881208891 69
1789881209030 66
1789881209169 68
1789881209307 67
1789881209446 68
1789881209651 68
1789881209791 520
1789881210382 66
1789881210521 67
1789881210658 67
1789881210799 67
1789881210937 69
1789881211077 68
1789881211215 69
1789881211356 67
1789881211561 66
1789881211698 65
1789881211836 67
1789881211974 67
1789881212113 67
1789881212251 69
1789881212391 67
1789881212530 68
1789881212670 67
1789881212875 66
1789881213013 69
1789881213153 66
1789881213291 67
1789881213429 67
1789881213568 67
1789881213707 526
1789881214306 68
1789881214499 69
1789881214642 67
1789881214780 67
1789881214921 67
1789881215059 69
1789881215200 68
1789881215339 69
1789881215479 68
1789881215620 67
1789881215758 66
1789881215898 69
1789881216040 67
1789881216178 69
1789881216318 67
1789881216458 69
1789881216598 66
1789881216736 68
1789881216875 66
1789881217015 66
1789881217152 67
1789881217294 68
1789881217434 68
1789881217575 67
1789881217715 526
1789881218314 67
1789881218454 67
1789881218596 68
1789881218736 68
1789881218877 68
1789881219017 67
1789881219158 67
1789881219298 67
1789881219440 68
1789881219646 70
1789881219788 70
1789881219931 72
1789881220076 68
1789881220216 69
1789881220358 66
1789881220497 67
1789881220638 69
1789881220779 68
1789881220920 68
1789881221061 68
1789881221202 68
1789881221342 68
1789881221483 67
1789881221622 532
1789881222227 70
1789881222423 70
1789881222565 67
1789881222706 68
1789881222846 67
1789881222988 68
1789881223128 69
1789881223270 67
1789881223410 70
1789881223552 67
1789881223692 70
1789881223834 69
1789881223977 67
1789881224118 68
1789881224260 66
1789881224399 70
1789881224542 68
1789881224683 70
1789881224825 69
1789881224969 68
1789881225109 68
1789881225252 70
1789881225396 71
1789881225541 68
1789881225682 70
1789881225825 537
1789881226436 70
1789881226580 70
1789881226724 68
1789881226932 68
1789881227072 71
1789881227215 68
1789881227356 69
1789881227497 68
1789881227641 68
1789881227782 68
1789881227924 68
1789881228065 69
1789881228208 68
1789881228349 71
1789881228493 71
1789881228639 70
1789881228781 69
1789881228926 72
1789881229071 69
1789881229281 69
1789881229424 71
1789881229567 69
1789881229711 69
1789881229853 542
1789881230527 69
1789881230669 73
1789881230816 69
1789881230958 71
1789881231102 69
1789881231244 70
1789881231388 69
1789881231531 70
1789881231674 69
1789881231818 68
1789881232027 69
1789881232170 69
1789881232314 70
1789881232459 69
1789881232603 70
1789881232748 71
1789881232896 70
1789881233039 69
1789881233182 69
1789881233326 71
1789881233540 69
1789881233684 72
1789881233830 69
1789881233972 549
1789881234597 69
1789881234808 70
1789881234952 69
1789881235097 69
1789881235239 70
1789881235384 70
1789881235597 70
1789881235741 70
1789881235886 69
1789881236030 72
1789881236243 70
1789881236388 70
1789881236531 71
1789881236676 69
1789881236819 70
1789881236962 68
1789881237106 69
1789881237249 71
1789881237395 69
1789881237538 72
1789881237684 69
1789881237896 70
1789881238039 556
1789881238724 71
1789881238871 70
1789881239017 71
1789881239162 69
1789881239306 71
1789881239451 69
1789881239596 70
1789881239740 70
1789881239886 73
1789881240033 72
1789881240180 70
1789881240393 72
1789881240540 70
1789881240684 71
1789881240830 69
1789881240976 70
1789881241189 72
1789881241337 70
1789881241482 71
1789881241629 70
1789881241845 70
1789881241989 72
1789881242135 70
1789881242281 559
1789881242914 70
1789881243061 70
1789881243207 72
1789881243353 70
1789881243498 72
1789881243645 70
1789881243790 72
1789881243937 69
1789881244151 71
1789881244296 74
1789881244444 71
1789881244589 73
1789881244737 70
1789881244953 73
1789881245102 70
1789881245247 73
1789881245396 70
1789881245541 72
1789881245756 73
1789881245904 70
1789881246048 72
1789881246196 71
1789881246344 70
1789881246545 563
1789881247185 70
1789881247329 72
1789881247477 70
1789881247622 71
1789881247769 70
1789881247916 70
1789881248061 70
1789881248207 70
1789881248353 73
1789881248502 71
1789881248649 72
1789881248798 71
1789881248944 73
1789881249093 69
1789881249238 73
1789881249386 70
1789881249533 72
1789881249680 71
1789881249828 73
1789881249978 71
1789881250125 71
1789881250271 71
1789881250420 71
1789881250568 74
1789881250718 70
1789881250864 571
1789881251513 71
1789881251730 71
1789881251878 72
1789881252027 71
1789881252173 73
1789881252321 72
1789881252470 71
1789881252617 72
1789881252767 73
1789881252915 71
1789881253064 71
1789881253211 73
1789881253360 72
1789881253508 74
1789881253658 72
1789881253806 74
1789881253956 72
1789881254105 71
1789881254253 72
1789881254402 70
1789881254550 73
1789881254700 72
1789881254919 71
1789881255125 574
1789881255775 73
1789881255925 72
1789881256073 71
1789881256221 70
1789881256368 74
1789881256520 71
1789881256667 73
1789881256817 72
1789881256966 73
1789881257114 71
1789881257263 73
1789881257483 74
1789881257635 74
1789881257785 72
1789881257936 72
1789881258086 74
1789881258238 74
1789881258459 75
1789881258611 72
1789881258760 75
1789881258912 72
1789881259062 73
1789881259211 73
1789881259362 581
1789881260020 74
1789881260172 73
1789881260320 74
1789881260472 72
1789881260620 75
1789881260773 73
1789881260922 74
1789881261073 73
1789881261224 72
1789881261373 73
1789881261525 72
1789881261674 74
1789881261826 72
1789881261976 75
1789881262127 73
1789881262278 74
1789881262428 73
1789881262579 73
1789881262730 75
1789881262883 72
1789881263032 74
1789881263184 74
1789881263336 75
1789881263488 72
1789881263698 73
1789881263849 585
1789881264510 73
1789881264659 74
1789881264810 73
1789881264961 72
1789881265112 74
1789881265265 73
1789881265414 76
1789881265569 74
1789881265721 74
1789881265872 73
1789881266023 73
1789881266174 76
1789881266327 73
1789881266478 75
1789881266630 73
1789881266781 73
1789881266932 75
1789881267086 73
1789881267238 76
1789881267392 74
1789881267545 74
1789881267697 73
1789881267850 74
1789881268000 74
1789881268153 73
1789881268304 74
1789881268458 588
1789881269124 74
1789881269277 73
1789881269428 76
1789881269580 73
1789881269733 73
1789881269883 75
1789881270037 74
1789881270188 74
1789881270341 75
1789881270494 75
1789881270646 74
1789881270799 74
1789881270951 74
1789881271104 73
1789881271254 76
1789881271408 74
1789881271562 73
1789881271713 74
1789881271865 73
1789881272015 73
1789881272167 73
1789881272320 74
1789881272534 74
1789881272685 76
1789881272839 73
1789881272990 594
1789881273662 74
1789881273816 73
1789881273968 76
1789881274122 73
1789881274274 74
1789881274426 75
1789881274581 73
1789881274731 75
1789881274886 75
1789881275039 77
1789881275194 75
1789881275348 74
1789881275500 75
1789881275655 75
1789881275809 75
1789881275962 74
1789881276115 74
1789881276267 75
1789881276423 74
1789881276575 76
1789881276729 74
1789881276883 75
1789881277036 74
1789881277190 74
1789881277343 75
1789881277496 597
1789881278171 75
1789881278326 76
1789881278482 78
1789881278640 74
1789881278793 77
1789881278949 77
1789881279106 76
1789881279261 74
1789881279416 74
1789881279570 75
1789881279725 75
1789881279880 76
1789881280035 76
1789881280191 75
1789881280345 76
1789881280500 75
1789881280655 74
1789881280808 75
1789881280962 74
1789881281116 74
1789881281269 75
1789881281425 74
1789881281640 75
1789881281795 75
1789881281951 78
1789881282109 603
1789881282792 75
1789881282948 75
1789881283102 76
1789881283259 77
1789881283417 77
1789881283575 74
1789881283729 76
1789881283884 74
1789881284038 74
1789881284192 76
1789881284350 75
1789881284504 77
1789881284661 75
1789881284817 75
1789881284971 77
1789881285128 75
1789881285283 76
1789881285438 75
1789881285595 74
1789881285748 77
1789881285905 76
1789881286062 75
1789881286216 77
1789881286372 75
1789881286528 76
1789881286684 76
1789881286841 625
1789881287548 75
1789881287702 79
1789881287861 76
1789881288017 76
1789881288172 75
1789881288329 75
1789881288484 77
1789881288643 76
1789881288800 77
1789881288956 76
1789881289114 77
1789881289270 77
1789881289427 75
1789881289583 79
1789881289744 74
1789881289899 78
1789881290057 77
1789881290215 76
1789881290372 79
1789881290595 76
1789881290751 78
1789881290909 77
1789881291069 76
1789881291226 79
1789881291385 615
1789881292081 78
1789881292238 75
1789881292397 76
1789881292553 76
1789881292710 75
1789881292866 79
1789881293025 76
1789881293184 76
1789881293340 79
1789881293500 76
1789881293657 76
1789881293814 77
1789881293971 75
1789881294128 76
1789881294285 76
1789881294442 76
1789881294600 79
1789881294761 76
1789881294917 76
1789881295073 77
1789881295233 77
1789881295390 79
1789881295550 77
1789881295709 77
1789881295866 78
1789881296026 620
1789881296729 75
1789881296887 78
1789881297047 76
1789881297204 79
1789881297363 77
1789881297524 77
1789881297682 79
1789881297844 76
1789881298001 78
1789881298162 76
1789881298318 77
1789881298477 77
1789881298638 77
1789881298798 78
1789881298958 76
1789881299115 79
1789881299275 76
1789881299433 77
1789881299591 77
1789881299813 78
1789881299975 77
1789881300134 79
1789881300294 78
1789881300454 80
1789881300615 77
1789881300774 627
1789881301483 77
1789881301642 78
1789881301803 75
1789881301959 79
1789881302119 75
1789881302277 77
1789881302435 78
1789881302595 76
1789881302753 79
1789881302914 78
1789881303075 77
1789881303234 78
1789881303394 78
1789881303555 77
1789881303714 78
1789881303876 78
1789881304036 78
1789881304196 78
1789881304356 80
1789881304518 78
1789881304680 78
1789881304840 79
1789881305000 76
1789881305161 77
1789881305320 79
1789881305482 629
1789881306194 78
1789881306354 79
1789881306515 79
1789881306677 78
1789881306837 80
1789881306999 77
1789881307159 81
1789881307323 78
1789881307484 79
1789881307645 79
1789881307806 76
1789881307966 80
1789881308130 77
1789881308290 80
1789881308453 78
1789881308615 78
1789881308774 82
1789881309004 79
1789881309165 81
1789881309327 78
1789881309488 80
1789881309650 78
1789881309814 77
1789881309974 637
1789881310693 79
1789881310856 78
1789881311018 80
1789881311180 78
1789881311343 78
1789881311503 79
1789881311664 77
1789881311824 79
1789881311986 78
1789881312150 77
1789881312310 81
1789881312473 78
1789881312634 80
1789881312796 78
1789881312959 80
1789881313121 77
1789881313284 78
1789881313444 79
1789881313607 79
1789881313769 79
1789881313931 81
1789881314095 78
1789881314255 80
1789881314418 79
1789881314580 77
1789881314741 643
1789881315468 77
1789881315630 80
1789881315792 80
1789881315954 79
1789881316119 78
1789881316279 79
1789881316444 78
1789881316605 80
1789881316769 78
1789881316930 80
1789881317092 78
1789881317254 78
1789881317417 80
1789881317581 80
1789881317745 79
1789881317906 81
1789881318069 82
1789881318235 79
1789881318461 79
1789881318624 79
1789881318786 79
1789881318950 80
1789881319115 80
1789881319279 80
1789881319443 79
1789881319607 652
1789881320343 79
1789881320507 79
1789881320668 81
1789881320832 81
1789881320998 81
1789881321161 80
1789881321325 79
1789881321487 81
1789881321651 79
1789881321815 81
1789881321982 80
1789881322146 80
1789881322312 80
1789881322474 81
1789881322640 81
1789881322808 81
1789881322973 79
1789881323138 80
1789881323301 82
1789881323468 79
1789881323630 79
1789881323794 83
1789881323962 79
1789881324124 81
1789881324289 79
1789881324455 80
1789881324620 656
1789881325360 80
1789881325527 79
1789881325690 81
1789881325855 79
1789881326021 80
1789881326186 82
1789881326352 80
1789881326516 80
1789881326681 83
1789881326848 80
1789881327015 80
1789881327177 83
1789881327344 80
1789881327510 80
1789881327672 82
1789881327838 80
1789881328005 81
1789881328239 82
1789881328408 82
1789881328578 80
1789881328742 81
1789881328907 80
1789881329073 82
1789881329239 81
1789881329405 83
1789881329571 662
1789881330320 83
1789881330487 82
1789881330655 83
1789881330822 80
1789881330989 83
1789881331159 84
1789881331325 80
1789881331492 80
1789881331657 84
1789881331827 81
1789881331994 82
1789881332161 83
1789881332331 80
1789881332493 82
1789881332661 81
1789881332831 82
1789881332998 83
1789881333165 80
1789881333331 80
1789881333497 83
1789881333665 80
1789881333832 81
1789881333998 82
1789881334166 80
1789881334331 84
1789881334501 81
1789881334669 80
1789881334834 669
1789881335586 81
1789881335752 81
1789881335918 84
1789881336090 82
1789881336255 81
1789881336424 81
1789881336591 83
1789881336760 83
1789881336929 82
1789881337094 84
1789881337263 81
1789881337432 82
1789881337601 84
1789881337770 82
1789881337940 82
1789881338109 85
1789881338349 82
1789881338520 81
1789881338688 84
1789881338859 81
1789881339027 84
1789881339197 82
1789881339367 82
1789881339532 85
1789881339700 82
1789881339868 84
1789881340038 676
1789881340799 82
1789881340968 82
1789881341137 82
1789881341306 85
1789881341477 81
1789881341644 82
1789881341812 81
1789881341983 82
1789881342152 84
1789881342322 82
1789881342493 81
1789881342660 83
1789881342830 82
1789881342999 83
1789881343167 84
1789881343337 83
1789881343507 84
1789881343678 83
1789881343849 82
1789881344018 83
1789881344188 84
1789881344359 83
1789881344529 83
1789881344700 84
1789881344874 84
1789881345045 85
1789881345217 82
1789881345387 686
1789881346161 85
1789881346334 83
1789881346506 83
1789881346676 85
1789881346847 83
1789881347019 83
1789881347189 85
1789881347361 82
1789881347531 82
1789881347701 86
1789881347873 84
1789881348046 84
1789881348218 86
1789881348390 83
1789881348563 85
1789881348804 83
1789881348975 82
1789881349145 85
1789881349317 84
1789881349490 82
1789881349660 85
1789881349832 84
1789881350005 82
1789881350173 86
1789881350345 85
1789881350519 83
1789881350689 687
1789881351464 83
1789881351635 84
1789881351807 83
1789881351978 86
1789881352151 82
1789881352322 86
1789881352497 84
1789881352668 85
1789881352841 85
1789881353014 85
1789881353186 86
1789881353360 84
1789881353534 83
1789881353704 85
1789881353877 84
1789881354052 82
1789881354223 87
1789881354398 84
1789881354569 85
1789881354742 85
1789881354916 84
1789881355088 87
1789881355263 84
1789881355438 85
1789881355610 85
1789881355782 83
1789881355956 84
1789881356129 87
1789881356387 695
1789881357172 86
1789881357516 84
1789881357789 715
1789881358890 126
1789881359164 718
1789881360047 767
1789881361226 735
1789881362158 119
1789881362497 741
1789881363574 117
1789881363837 134
1789881364146 778
1789881365114 94
1789881365391 95
1789881365747 794
1789881366738 97
1789881367060 100
1789881367527 797
1789881368434 100
1789881368703 782
1789881369557 127
1789881369875 100
1789881370328 785
1789881371209 96
1789881371412 98
1789881371745 830
1789881373021 105
1789881373347 838
1789881374410 118
1789881374734 144
1789881375360 873
1789881376396 99
1789881376729 100
1789881377067 831
1789881378353 136
1789881378824 846
1789881379855 118
1789881380220 864
1789881381411 143
1789881381714 170
1789881382061 864
1789881383195 116
1789881383497 104
1789881383869 879
1789881385001 105
1789881385304 138
1789881385969 107
1789881386179 103
1789881386388 887
1789881387380 106
1789881387589 110
1789881387892 108
1789881388104 891
1789881389099 106
1789881389312 106
1789881389525 110
1789881389738 107
1789881389953 901
1789881390959 110
1789881391269 110
1789881391485 107
1789881391700 911
1789881392718 111
1789881392935 109
1789881393150 108
1789881393368 106
1789881393582 919
1789881394669 112
1789881394827 107
1789881395044 107
1789881395226 923
1789881396255 111
1789881396415 110
1789881396634 109
1789881396817 111
1789881397036 935
1789881398142 114
1789881398331 110
1789881398516 111
1789881398702 944
1789881399721 109
1789881399942 110
1789881400101 113
1789881400264 111
1789881400454 945
1789881401609 111
1789881401832 111
1789881402053 112
1789881402216 955
1789881403280 113
1789881403503 113
1789881403693 112
1789881403884 117
1789881404077 964
1789881405252 115
1789881405481 112
1789881405705 115
1789881405932 971
1789881407017 114
1789881407242 116
1789881407470 113
1789881407695 115
1789881407923 981
1789881409084 117
1789881409279 115
1789881409472 115
1789881409668 113
1789881409862 995
1789881410937 115
1789881411135 117
1789881411334 116
1789881411529 117
1789881411830 1002
1789881412948 116
1789881413146 116
1789881413345 117
1789881413542 120
1789881413775 118
1789881413976 1015
1789881415106 117
1789881415305 120
1789881415508 121
1789881415815 121
1789881416020 1031
1789881417190 126
1789881417449 135
1789881417773 123
1789881533004 1045
1789881534301 122
1789881534775 123
1789881536874 131
1789881554508 1052
1789881555739 157
1789881556215 124
1789881564156 150
1789881572981 1048
1789881584884 140
1789881585213 151
1789881585502 132
1789881585896 148
1789881586230 139
1789881586604 141
1789881586944 151
1789881590039 151
1789881598068 1050
1789881600514 139
1789881611955 124
1789881612433 124
1789881612715 124
1789881612925 150
1789881613171 151
1789881613434 138
1789881613765 146
1789881614017 148
1789881614287 127
1789881614542 148
1789881615031 152
1789881615339 146
1789881616003 126
1789881618554 1057
1789881620626 126
1789881636449 155
1789881638978 1048
1789881640135 124
1789881640395 123
1789881640647 129
1789881640932 147
1789881641344 125
1789881641829 140
1789881642064 158
1789881642312 134
1789881642528 123
1789881642818 131
1789881643149 131
1789881645144 148
1789881646159 138
1789881667021 1068
1789881668348 137
1789881668669 138
1789881668970 136
1789881669226 1068
1789881670426 127
1789881670712 145
1789881671355 1101
1789881672692 141
1789881672946 129
1789881673226 128
1789881673540 1092
1789881674763 129
1789881675374 131
1789881675720 1122
1789881677016 134
1789881677375 135
1789881677678 134
1789881677976 1132
1789881679508 135
1789881679718 135
1789881679935 135
1789881680178 133
1789881680458 157
1789881683452 166
1789881688339 158
1789881694359 137
1789881694661 1169
1789881695973 140
1789881696283 164
1789881696679 163
1789881697011 139
1789881697348 138
1789881697643 139
1789881698071 151
1789881698456 151
1789881698758 152
1789881699411 1173
1789881700806 153
1789881701105 138
1789881701486 139
1789881701804 165
1789881702152 152
1789881702519 139
1789881702791 152
1789881703101 1181
1789881704491 152
1789881704826 139
1789881705144 160
1789881705467 141
1789881705832 173
1789881706445 158
1789881706852 1198
1789881708220 156
1789881708529 144
1789881708915 144
1789881709227 157
1789881709546 165
1789881709918 144
1789881710265 144
1789881710573 158
1789881710918 1213
1789881712301 147
1789881712634 165
1789881713009 160
1789881713305 172
1789881713884 148
1789881714199 156
1789881714521 165
1789881714870 1228
1789881716259 148
1789881716634 146
1789881716974 147
1789881717370 162
1789881717703 148
1789881718021 181
1789881718361 182
1789881719709 165
1789881720116 175
1789881720661 151
1789881756844 1285
1789881758260 150
1789881758657 150
1789881759034 147
1789881759365 149
1789881759684 149
1789881759992 169
1789881760367 152
1789881760932 171
1789881761288 149
1789881761708 158
1789881762157 176
1789881762469 150
1789881762808 151
1789881763149 1258
1789881764595 151
1789881764917 165
1789881765321 185
1789881765734 153
1789881766088 153
1789881766456 152
1789881766916 154
1789881767455 155
1789881767788 191
1789881768090 191
1789881768426 156
1789881768718 156
1789881769046 177
1789881769445 177
1789882056946 1276
1789882058410 201
1789882058790 178
1789882059193 189
1789882059571 189
1789882059964 196
1789882274289 1202
1789882275901 181
1789882276493 194
1789882277046 202
1789882277672 196
1789882278210 188
1789882278754 159
1789882279194 168
1789882279728 184
1789882280276 1262
1789882281797 194
1789882282290 192
1789882282674 192
1789882283366 217
1789882295473 161
1789882295911 171
1789882296288 157
1789882296658 204
1789882297278 204
1789882297748 198
1789882298167 188
1789882299527 172
1789882302122 1272
1789882560899 1258
1789882562326 178
1789882562667 173
1789882563304 173
1789882563690 173
1789882564335 173
1789882565166 161
1789882565856 173
1789882566592 188
1789882567107 164
1789882567665 163
1789882568027 162
1789882568632 196
1789882569036 161
1789882637459 1286
1789882638872 191
1789882640733 185
1789882641201 189
1789882641710 176
1789882643524 205
1789882644964 203
1789882646110 171
1789882844441 1252
1789882846030 197
1789882846535 162
1789882846917 177
1789882847319 186
1789882847804 196
1789882848166 177
1789882848622 186
1789882848980 178
1789882849346 178
1789882861769 190
1789882862156 191
1789882862550 1301
1789882864123 190
1789882864526 221
1789882865049 201
1789883125945 1295
1789883127409 167
1789883127783 203
1789883128244 214
1789883128675 189
1789883129067 190
1789883129577 192
1789883129963 197
1789883130604 200
1789883131276 215
1789883131727 202
1789883132379 179
1789883132791 224
1789883133349 178
1789883133730 179
1789883134338 194
1789883134708 178
1789883202434 1330
1789883203945 200
1789883205858 206
1789883206402 193
1789883206823 190
1789883208326 195
1789883209557 184
1789883210133 198
1789883210641 179
1789883211449 182
1789883211794 178
1789883408301 1312
1789883421728 189
1789883422229 216
1789883422673 189
1789883423139 195
1789883423578 167
1789883424227 181
1789883424653 168
1789883425193 207
1789883453556 1334
1789883456295 200
1789883689789 1294
1789883691370 215
1789883691840 222
1789883692375 205
1789883692903 181
1789883693313 190
1789883693886 166
1789883694231 180
1789883694875 205
1789883695302 168
1789883695951 200
1789883696683 199
1789883697139 201
1789883697593 204
1789883697993 199
1789883698456 220
1789883700097 203
1789883766614 1354
1789883768127 199
1789883768429 199
1789883770486 207
1789883771062 203
1789883771518 215
1789883772896 195
1789883774020 234
1789883774762 172
1789884254651 1300
1789884256195 194
1789884256785 210
1789884257385 204
1789884257839 204
1789884258275 207
1789884258985 205
1789884326989 1341
1789884328531 167
1789884330620 204
1789884331053 194
1789884331460 202
1789884332927 202
1789884334152 206
1789884334658 217
1789884335245 203
1789884335805 200
1789884527451 1309
1789884529145 193
1789884529615 204
1789884529979 168
1789884530303 195
1789884530594 192
1789884531294 224
1789884543185 195
1789884543712 205
1789884544337 193
1789884544790 209
1789884545236 182
1789884545634 212
1789884546115 237
1789884546602 217
1789884547107 205
1789884548964 182
1789884806241 1366
1789884807928 194
1789884808430 207
1789884808869 221
1789884809371 197
1789884810083 182
1789884810762 198
1789884811190 207
1789884811838 203
1789884812269 213
1789884812931 203
1789884813665 203
1789884814111 217
1789884882311 1344
1789884883831 169
1789884887183 194
1789884887606 195
1789884888394 201
1789884889018 177
1789884889553 199
1789884890268 171
1789884890541 171
1789884890825 182
1789884893002 182
1789884894677 182
1789885359798 1346
1789885428891 1359
1789885430361 204
1789885432551 217
1789885433021 196
1789885434436 207
1789885435364 217
1789885435854 208
1789885436963 206
1789885633113 1309
1789885634551 184
1789885634841 168
1789885635104 169
1789885635380 201
1789885635717 204
1789885636582 225
1789885648702 222
1789885649428 222
1789885649901 208
1789885650315 206
1789885650766 197
1789885651352 169
1789885651808 203
1789885652219 204
1789885652692 204
1789885654211 229
1789885912270 1346
1789885914182 224
1789885914651 207
1789885915120 198
1789885915615 196
1789885916292 198
1789885916718 201
1789885917204 187
1789885917658 187
1789885918163 231
1789885918642 206
1789885919166 221
1789885919642 220
1789885920092 219
1789885920587 207
1789885921236 194
1789885921592 193
1789885921985 196
1789885989244 1338
1789885990765 197
1789885993116 186
1789885993506 174
1789885994673 209
1789885995776 197
1789885996741 197
1789885997244 197
1789885997685 183
1789886544998 1340
1789886546672 207
1789886547382 203
1789886547774 202
1789886550458 203
1789886552390 203
1789887020841 1390
1789887022532 224
1789887023448 239
1789887024079 218
1789887024625 215
1789887025113 197
1789887093171 1342
1789887094740 172
1789887575040 1373
1789887576714 209
1789887577284 192
1789887645176 1334
1789887646747 192
1789888122522 1350
1789888124213 202
1789888124738 205
1789888192739 1359
1789888197782 188
1789888198836 204
1789888199305 203
1789888200125 201
1789888200522 205
1789888318797 1271
1789888320575 185
1789888321130 198
1789888322855 204
1789888323452 204
1789888324081 198
1789888324808 198
1789888327695 198
1789888333635 195
1789888334344 212
1789888335067 210
1789888335566 199
1789888336749 186
1789888337863 197
1789888338469 204
1789888340030 187
1789888342307 1320
1789888355107 220
1789888355989 206
1789888356534 232
1789888357252 236
1789888358009 222
1789888365811 1311
1789888367280 203
1789888367765 227
1789888368473 212
1789888370238 219
1789888370817 197
1789888371584 185
1789888372092 205
1789888373194 1310
1789888374851 201
1789888375391 201
1789888375966 188
1789888376530 199
1789888377119 208
1789888377719 188
1789888378259 223
1789888378958 212
1789888379438 199
1789888380044 1350
1789888381702 211
1789888382333 207
1789888382961 212
1789888383450 186
1789888383880 210
1789888384490 206
1789888502598 1348
1789888679313 1350
1789888680998 209
1789888779524 1381
1789888781260 200
1789888781815 211
1789888782270 222
1789888783701 215
1789888896052 1334
1789888988015 1358
1789888989858 202
1789889008671 205
1789889009272 223
1789889201410 1350
1789889203062 213
1789889203468 225
1789889299227 1385
1789889301030 185
1789889301782 178
1789889302228 176
1789889302717 204
1789889303279 201
1789889303820 190
1789889505941 1365
1789889507689 194
1789889605960 1397
1789889607672 179
1789889608180 193
1789889609101 208
1789889609666 223
1789889610392 216
1789889711595 1418
1789889904738 1414
1789889906496 227
1789889913014 230
1789889913566 218
1789889914245 219
1789889914769 217
1789889915254 232
1789890209215 1432
1789890310485 1416
1789890321040 210
1789890321605 229
1789890401911 1441
1789890403611 197
1789890404269 210
1789890404781 222
1789890405193 199
1789890417370 230
1789890417864 205
1789890513182 1400
1789890514961 249
1789890515643 210
1789890516146 206
1789890516663 182
1789890519704 234
1789890520254 216
1789890619978 1444
1789890621787 220
1789890622444 184
1789890622945 208
1789890624708 200
1789890723529 1431
1789890725491 199
1789890726166 234
1789890726732 212
1789890828190 1443
1789891028283 1479
1789891031602 224
1789891032164 226
1789891032809 239
1789891033419 198
1789891132147 1490
1789891133991 202
1789891134545 237
1789891135254 236
1789891135825 201
1789891136343 233
1789891136845 221
1789891236099 1440
1789891237945 215
1789891238524 238
1789891239131 215
1789891738920 1463
1789891838880 1503
1789891840729 243
1789891841257 222
1789891841752 217
1789891842344 217
1789892040745 1498
1789892160254 1484
1789892330303 1510
1789892332294 200
1789892332798 215
1789892345302 189
1789892347362 226
1789892347979 202
1789892348500 219
1789892352413 253
1789892447634 1522
1789892449464 191
1789892455284 189
1789892455861 217
1789892456508 226
1789892718710 1529
1789892720912 230
1789892726799 224
1789892728554 230
1789892729054 221
1789892823646 1540
1789892825495 219
1789892825974 237
1789892826585 217
1789892849125 230
1789892849576 196
1789892850009 1530
1789892851722 210
1789892852178 216
1789892852573 214
1789892853496 207
1789892853924 192
1789892854283 195
1789892854685 218
1789893052041 1550
1789893053722 233
1789893054139 230
1789893054629 195
1789893054971 233
1789893055390 193
1789893055831 232
1789893056305 194
1789893999179 1738
1789894001219 224
1789894001839 278
1789894002421 196
1789894914972 1560
1789895021415 1544
1789895023324 211
1789895255494 1617
1789895260647 254
1789895261198 214
1789895262858 226
1789895263389 234
1789895368409 1550
1789895370407 271
1789895370982 266
1789895371514 215
1789895372104 259
1789895372807 239
1789895373318 259
1789895373942 255
1789895395324 1535
1789895492091 1549
1789895493960 213
1789895494533 246
1789895495065 215
1789895503633 225
1789895504148 227
1789895506118 260
1789895606462 1565
1789895614420 237
1789895615385 232
1789895615981 260
1789895715554 1561
1789895717414 223
1789895717889 201
1789895718394 214
1789895727992 261
1789895728605 217
1789895729190 216
1789895729682 216
1789895730194 226
1789895730728 217
1789895938896 1584
1789896158341 1588
1789896161766 219
1789896162265 225
1789896253735 1642
1789896255691 236
1789896256244 220
1789896269329 258
1789896269849 220
1789896270434 252
1789896271054 227
1789896271580 225
1789896272152 229
1789896354126 1637
1789896360575 275
1789896361095 209
1789896361710 261
1789896362259 215
1789896362786 220
1789896363560 238
1789896383320 1613
1789896385486 240
1789896386043 262
1789896482625 1576
1789896484634 220
1789896485200 264
1789896593646 1610
1789896595900 234
1789896691590 1613
1789896693555 229
1789896694053 251
1789896695913 205
1789896805758 1618
1789896807715 221
1789896808211 251
1789896808784 223
1789896809942 253
1789896810530 248
1789897417694 1634
1789897419584 225
1789897420451 246
1789897420996 222
1789897421582 223
1789897535784 1623
1789897537779 248
1789897543284 255
1789897544726 255
1789897545285 226
1789897548637 268
1789897653646 1657
1789897655754 232
1789897656312 262
1789897812662 1695
1789897856418 1651
1789897858711 268
1789897859402 226
1789897862125 227
1789897862829 271
1789897863409 268
1789897864095 226
1789897865176 252
1789897927449 1655
1789898013889 1680
1789898016256 257
1789898016801 247
1789898017465 235
1789898123855 1662
1789898125852 257
1789898126452 238
1789898127015 228
1789898127545 257
1789898148688 223
1789898149343 269
1789898149934 251
1789898150511 238
1789898256776 1711
1789898258817 209
1789898259348 286
1789898260049 243
1789898260626 229
1789898261158 249
1789898362335 1644
1789898364346 249
1789898364912 238
1789898365387 231
1789898365806 227
1789898564042 1684
1789898577954 216
1789898578350 216
1789898578784 231
1789898579191 253
1789898579669 249
1789898680147 1654
1789898681964 213
1789898682374 230
1789898683255 247
1789898683731 229
1789898684208 269
1789898684752 228
1789898685137 240
1789898685633 228
1789898686112 248
1789898686573 273
1789898687032 239
1789903625460 1665
1789903627752 276
1789903635331 270
1789903636214 274
1789903637117 273
1789903645255 259
1789903646123 270
1789903647005 272
1789903649537 271
1789903655213 1674
1789903657506 282
1789903658391 274
1789903660196 282
1789903663484 270
1789903667008 271
1789903667905 275
1789903668789 272
1789903669375 288
1789903670826 285
1789903675098 274
1789903677537 259
1789903678087 284
1789903678981 285
1789903680423 259
1789903684900 1677
1789903688832 259
1789903689784 270
1789903690344 271
1789903690908 285
1789903691804 283
1789903692703 257
1789903700141 271
1789903701011 272
1789903701894 270
1789903704498 269
1789903707330 274
1789903710526 276
1789903711399 275
1789903712294 295
1789903717437 1672
1789903719726 269
1789903722221 271
1789903723090 271
1789903723974 272
1789903724861 258
1789903726286 275
1789903732122 271
1789903733011 273
1789903733978 275
1789903734867 276
1789903736049 272
1789903736936 272
1789903742918 270
1789903743790 268
1789903744665 273
1789903745545 1674
1789903747831 273
1789903749010 274
1789903750561 273
1789903754396 280
1789903755413 258
1789903756425 276
1789903757272 281
1789903758735 273
1789903759616 272
1789903760502 272
1789903761387 273
1789903766321 257
1789903766868 285
1789903767763 272
1789903768648 257
1789903769518 280
1789903770402 274
1789903771287 265
1789903777103 1682
1789903779396 258
1789903779943 259
1789903780481 284
1789903781374 275
1789903782261 257
1789903788851 280
1789903789733 271
1789903790611 270
1789903791485 270
1789903792358 272
1789903794912 270
1789903798834 270
1789903799712 284
1789903800594 273
1789903801470 270
1789903802354 261
1789903803426 284
1789903804316 270
1789903807450 1680
1789903811941 255
1789903812482 268
1789903813661 259
1789903814208 273
1789903815089 271
1789903815962 263
1789903822465 270
1789903823344 257
1789903823884 256
1789903824416 270
1789903825448 269
1789903826328 272
1789903827214 273
1789903829230 268
1789903833807 269
1789903834905 271
1789903835783 1681
1789903838065 271
1789903838941 269
1789903839813 264
1789903845680 272
1789903846546 269
1789903847430 263
1789903847984 267
1789903849089 270
1789903849961 273
1789903852938 272
1789903855413 281
1789903856865 270
1789903858116 270
1789903858995 270
1789903860166 272
1789903861050 271
1789903862472 257
1789903867202 1679
1789903869490 271
1789903870376 272
1789903871259 275
1789903872132 272
1789903873014 269
1789903874121 275
1789903875023 268
1789903877488 285
1789903880039 260
1789903881958 272
1789903882839 273
1789903883725 272
1789903884607 272
1789903885491 260
1789903890200 272
1789903891652 270
1789903892535 258
1789903893904 270
1789903894784 274
1789903895976 1685
1789903902213 275
1789903903097 272
1789903903990 284
1789903904873 258
1789903905742 271
1789903906299 272
1789903907195 273
1789903908090 273
1789903910397 272
1789903914026 274
1789903914911 271
1789903915791 260
1789903916663 272
1789903917247 284
1789903918881 271
1789903919442 286
1789903920332 272
1789903924615 1688
1789903926911 284
1789903927809 271
1789903928368 271
1789903929254 271
1789903929814 285
1789903930700 267
1789903931722 273
1789903932599 272
1789903933479 282
1789903938125 272
1789903939005 273
1789903939906 258
1789903940457 273
1789903941340 283
1789903942235 273
1789903943122 263
1789903943694 285
1789903945329 273
1789903947918 274
1789903949479 286
1789903950374 285
1789903951269 273
1789903952449 268
1789903954352 1688
1789903956663 258
1789903958636 271
1789903961837 272
1789903962706 278
1789903963594 267
1789903964151 285
1789903965031 260
1789903965583 273
1789903966622 271
1789903967585 272
1789903969432 260
1789903969983 258
1789903973568 271
1789903974451 270
1789903975337 271
1789903976235 278
1789903977115 271
1789903978003 271
1789903978879 255
1789903980824 272
1789903983504 1691
1789903986551 271
1789903987427 273
1789903988613 272
1789903989495 270
1789903990382 260
1789903990935 285
1789903995925 270
1789903997112 272
1789903998207 258
1789903998755 272
1789903999637 273
1789904000509 261
1789904001062 283
1789904001941 285
1789904002832 259
1789904003379 285
1789904004277 272
1789904008727 272
1789904009888 271
1789904010765 272
1789904011635 275
1789904012522 1682
1789904015233 273
1789904016112 271
1789904016972 273
1789904019154 259
1789904020028 271
1789904022102 272
1789904022995 272
1789904023874 267
1789904024430 285
1789904025322 272
1789904026207 259
1789904027180 271
1789904028056 272
1789904028942 272
1789904029824 269
1789904033445 272
1789904034328 259
1789904035280 272
1789904036166 273
1789904037049 284
1789904038318 270
1789904040010 274
1789904040899 1674
1789904045043 285
1789904045928 273
1789904047086 259
1789904048101 279
1789904048978 272
1789904049832 273
1789904050718 273
1789904051612 261
1789904053865 270
1789904057413 256
1789904058429 278
1789904059315 271
1789904059877 268
1789904060712 283
1789904062234 291
1789904063129 275
1789904064538 283
1789904067554 285
1789904068751 272
1789904069644 1680
1789904071958 286
1789904072863 273
1789904074039 274
1789904074920 277
1789904075794 273
1789904077531 275
1789904078405 270
1789904081057 273
1789904082491 285
1789904083388 275
1789904084270 269
1789904084828 285
1789904085711 274
1789904086591 269
1789904087475 285
1789904088667 285
1789904092482 271
1789904093522 298
1789904094429 274
1789904095321 270
1789904095881 285
1789904097139 260
1789904098222 1692
1789904100527 273
1789904103483 281
1789904105666 273
1789904107098 284
1789904107982 271
1789904108544 270
1789904109580 271
1789904110474 258
1789904111488 274
1789904113268 272
1789904114700 260
1789904117429 282
1789904118332 268
1789904119366 290
1789904120281 272
1789904121177 274
1789904122070 260
1789904123092 274
1789904126206 268
1789904128026 1702
1789904130818 271
1789904131380 275
1789904132218 275
1789904133102 286
1789904133987 270
1789904134552 299
1789904135462 272
1789904136349 287
1789904137811 284
1789904138662 264
1789904141263 279
1789904142174 294
1789904143416 277
1789904144308 275
1789904145215 290
1789904147220 277
1789904149581 275
1789904158501 1693
1789904160807 261
1789904161740 289
1789904162607 300
1789904163260 287
1789904164032 266
1789904164809 275
1789904165441 292
1789904166265 276
1789904166748 1723
1789904177831 276
1789904178435 250
1789904179085 272
1789904179747 249
1789904180910 285
1789904181560 274
1789904182724 271
1789904184902 276
1789904197786 1742
1789904199913 280
1789904200758 279
1789904202396 265
1789904210222 353
1789904210957 356
1789904211864 263
1789904212642 351
1789904214048 353
1789904214929 358
1789904216020 284
1789904216754 288
1789904217492 265
1789904218287 292
1789904219059 1729
1789904221147 265
1789904221877 265
1789904222433 279
1789904223077 279
1789904223633 267
1789904224359 279
1789904225109 294
1789904225959 251
1789904226827 285
1789904228087 1761
1789904231053 301
1789904231838 251
1789904232472 354
1789905195370 1774
1789905283139 1802
1789905302679 357
1789905303458 357
1789905304115 289
1789905304911 357
1789905306162 268
1789905306799 279
1789905308947 284
1789905412189 1794
1789905517796 1754
1789905519964 291
1789905520807 267
1789905699433 1793
1789905701827 383
1789905732710 1810
1789905735081 302
1789905735670 269
1789905736316 282
1789905736942 372
1789905737719 380
1789905738507 286
1789905739054 370
1789905739840 287
1789905866787 1823
1789905868999 302
1789905954423 1822
1789905956568 271
1789905957361 258
1789905961110 259
1789905961697 271
1789905962405 282
1789905979868 303
1789905980559 287
1789905981262 376
1789905981996 365
1789905982699 295
1789906580637 1832
1789906583166 285
1789906583949 289
1789906665466 1829
1789906667825 294
1789906668530 388
1789906669495 304
1789906670651 387
1789906671564 260
1789906672141 303
1789906672830 316
1789906673749 267
1789906794945 1935
1789906803485 273
1789906804167 282
1789906905029 1860
1789906907177 316
1789906908015 271
1789906909361 273
1789907247775 1864
1789907250060 259
1789907250715 291
1789907251408 292
1789907252085 274
1789907252816 275
1789907457395 1900
1789907459740 259
1789907460395 368
1789907466003 288
1789907568319 1903
1789907570747 316
1789907571828 265
1789907572424 263
1789907573093 284
1789907573837 274
1789907574577 371
1789907575399 265
1789907576141 372
1789907681731 1906
1789907684179 294
1789907896504 1913
1789908087221 1915
1789908106809 291
1789908107453 303
1789908108083 315
1789908108820 281
1789908111321 303
1789908211526 1909
1789908213767 266
1789908217148 386
1789908217910 282
1789908293291 1940
1789908295594 299
1789908296363 310
1789908561120 1904
1789908631773 1932
1789908633951 288
1789908634546 281
1789908635215 266
1789908635602 373
1789908636310 279
1789908636842 278
1789908643182 300
1789908644049 370
1789908644589 267
1789908645180 266
1789908645733 288
1789908646325 299
1789908745463 1950
1789908747734 300
1789908748806 279
1789908749311 373
1789908749961 299
1789908752621 267
1789908753150 293
1789908753802 301
1789908754419 374
1789908755076 280
1789912618443 1859
1789912620877 385
1789912621737 291
1789912743545 1854
1789912746624 282
1789912777615 1845
1789912779906 258
1789912780592 270
1789912781384 367
1789912782243 283
1789912892247 1863
1789912895989 256
1789913002556 1893
1789913004940 285
1789913005901 286
1789913056052 1893
1789913058388 275
1789913162490 1859
1789913305475 1874
1789913327867 265
1789913329890 305
1789913330511 293
1789913331777 268
1789913434511 1875
1789913436903 295
1789913437675 265
1789913438277 288
1789913438934 309
1789913439648 300
1789913465213 276
1789913465785 370
1789913468098 1891
1789913470366 309
1789913471038 290
1789913471800 291
1789913473584 296
1789913474270 385
1789913579010 1936
1789913581227 370
1789913581913 291
1789913582726 372
1789913583402 307
1789913584134 389
1789913584970 316
1789913585813 299
1789914010889 1903
1789914013579 296
1789914014224 296
1789914014867 294
1789914016215 369
1789914017759 281
1789914018577 382
1789914122806 1915
1789914125142 266
1789914125878 370
1789914409432 1900
1789914411733 374
1789914426032 313
1789914426851 265
1789914528879 1916
1789914531377 370
1789914532037 289
1789914672791 1894
1789914675055 302
1789914693586 305
1789914694521 296
1789914695055 297
1789914696492 303
1789914697105 286
1789914697862 306
1789914805486 1887
1789914808043 289
1789914808547 272
1789914809086 269
1789914810297 270
1789914810774 293
1789914811713 377
1789952683180 2272
1789952685861 329
1789952889501 2249
1789952892152 349
1789952892852 325
1789952893436 431
1789952894194 326
1789952894733 326
1789952896111 429
