1790720422174 61
1790720422287 54
1790720422376 55
1790720422465 31
1790720422544 31
1790720422611 52
1790720422698 30
1790720422763 55
1790720422868 30
1790720422935 32
1790720423002 31
1790720423214 33
1790720423282 54
1790720423371 33
1790720423441 55
1790720423546 35
1790720423617 31
1790720423684 33
1790720423754 57
1790720423846 34
1790720423915 31
1790720424587 62
1790720424763 68
1790720425089 63
1790720425211 39
1790720425293 67
1790720425404 68
1790720425535 64
1790720425663 69
1790720425849 65
1790720425960 65
1790720428870 69
1790720429246 37
1790720429326 36
1790720429404 39
1790720429485 38
1790720429565 65
1790720429674 38
1790720429754 38
1790720429836 35
1790720429912 37
1790720429992 37
1790720430072 37
1790720430152 38
1790720430577 36
1790720430654 39
1790720430736 35
1790720430845 37
1790720432879 72
1790720432991 74
1790720433106 73
1790720433237 70
1790720433368 69
1790720433497 72
1790720433823 67
1790720433932 69
1790720434042 69
1790720446980 90
1790720447116 41
1790720447204 44
1790720447629 37
1790720447712 43
1790720447801 39
1790720447887 39
1790720447972 84
1790720448100 40
1790720448186 41
1790720448273 43
1790720448361 43
1790720448449 42
1790720448539 41
1790720448627 44
1790720448716 44
1790720448806 85
1790720448937 43
1790720449024 44
1790720449115 41
1790720449717 91
1790720449861 50
1790720461522 96
1790720463510 91
1790720469476 96
1790720469621 93
1790720469832 50
1790720469929 49
1790720470025 51
1790720470460 44
1790720470549 82
1790720470679 42
1790720470769 43
1790720470861 43
1790720470950 43
1790720471040 44
1790720471131 42
1790720471219 41
1790720471307 40
1790720471429 86
1790720481701 83
1790720494950 85
1790720504510 82
1790720505180 45
1790720559927 91
1790720560323 45
1790720560421 87
1790720561141 44
1790720570335 88
1790720578075 85
