1790720422174 262136 26
1790720422287 266832 21
1790720422376 269612 21
1790720422611 272852 19
1790720422763 278208 23
1790720423282 282896 23
1790720423441 286072 22
1790720423754 289092 24
1790720424587 356408 26
1790720424763 759780 28
1790720425089 954928 27
1790720425293 966804 29
1790720425404 986640 27
1790720425535 1029036 27
1790720425663 1057092 30
1790720425849 1109020 30
1790720425960 1128076 29
1790720428870 1165332 32
1790720429565 1170384 29
1790720432879 1196632 34
1790720432991 1320012 32
1790720433106 1524812 30
1790720433237 1553488 29
1790720433368 1695292 30
1790720433497 1871420 34
1790720433823 1913468 31
1790720433932 2042492 29
1790720434042 2165372 29
1790720446980 2570244 47
1790720447972 2572288 40
1790720448806 2581360 41
1790720449717 2586060 39
1790720461522 2718520 44
1790720463510 2718524 39
1790720469476 2756352 42
1790720469621 2794180 42
1790720470549 2795916 41
1790720471429 2804512 42
1790720481701 2814628 39
1790720494950 2836180 40
1790720504510 2850736 41
1790720559927 3079156 47
1790720560421 3136996 43
1790720570335 3158828 46
1790720578075 3244636 45
