# timestamp_ms rss_kb
1790719264936 274468
1790719264965 346148
1790719264993 417828
1790719265022 493604
1790719265051 567332
1790719265079 639012
1790719265107 708644
1790719265135 780324
1790719265163 852004
1790719265192 923684
1790719265220 993316
1790719265247 1062948
1790719265275 1134628
1790719265302 1204260
1790719265330 1273892
1790719265358 1345572
1790719265386 1417252
1790719265414 1486884
1790719265442 1558564
1790719265470 1628196
1790719265498 1697828
1790719265525 1765412
1790719265554 1835044
1790719265582 1906724
1790719265610 1976356
1790719265637 2043940
1790719265665 2103332
1790719265780 2152484
1790719265807 2222116
1790719265835 2291748
1790719265863 2361380
1790719265890 2431012
1790719265918 2498596
1790719265946 2570276
1790719265974 2641956
1790719266001 2711588
1790719266030 2785316
1790719266057 2854948
1790719266087 2928676
1790719266116 3002404
1790719266144 3074084
1790719266173 3147812
1790719266201 3219492
1790719266229 3291172
1790719266258 3360804
1790719266286 3432484
1790719266315 3506212
1790719266343 3577892
1790719266372 3649572
1790719266422 3772452
1790719266472 3897380
1790719266523 4026404
1790719266572 4151332
1790719266683 4251684
1790719266732 4374564
1790719266781 4499492
1790719266830 4622372
1790719266881 4749348
1790719266931 4876324
1790719266981 5003300
1790719267032 5132324
1790719267082 5259300
1790719267132 5386276
1790719267182 5513252
1790719267231 5640228
1790719267281 5767204
1790719267332 5896228
1790719267383 6027300
1790719267433 6156324
1790719267484 6287396
1790719267619 6445092
1790719267670 6574116
1790719267723 6711332
1790719267795 6893604
1790719267867 7075876
1790719267941 7262244
1790719268014 7448612
1790719268086 7628836
1790719268158 7813156
1790719268230 7995428
1790719268305 8181796
1790719268379 8366116
1790719268537 8566820
1790719268610 8755236
1790719268684 8943652
1790719268758 9134116
1790719268831 9320484
1790719268905 9508900
1790719269000 9750564
1790719269096 9996324
1790719269191 10237988
1790719269286 10483748
1790719269466 10721316
1790719269564 10971172
1790719269658 11212836
1790719269755 11458596
1790719269850 11698212
1790719269946 11937828
1790719270043 12183588
1790719270140 12431396
1790719270322 12683300
1790719270421 12937252
1790719270543 13246500
1790719270664 13555748
1790719270786 13860900
1790719270908 14180388
1790719271028 14495780
1790719271235 14833700
1790719271355 15142948
1790719271474 15456292
1790719271595 15771684
1790719271736 16144420
1790719271876 16515108
1790719272085 16848932
1790719272224 17221668
1790719272362 17598500
1790719272499 17965092
1790719272638 18337828
1790719272779 18722852
1790719272940 19154980
1790719273101 19587108
1790719273266 20031524
1790719273429 20469796
1790719273591 20906020
1790719273754 21344292
1790719273918 21784612
1790719274083 22226980
1790719274270 22730788
1790719274526 23193636
1790719276388 23661732
1790719282973 24135004
1790719318420 24406976 (true peak, below trigger threshold; snapshot is in peaks/peak.smaps)
