1790719274184 22499364 57
1790719274512 23160868 53
1790719275673 23362992 57
1790719276243 23623284 70
1790719276771 23877140 72
1790719278606 24069876 71
1790719280144 24121428 74
1790719282456 24122716 75
1790719284077 24145184 74
1790719285676 24158488 75
1790719287245 24169340 74
1790719288798 24191064 75
1790719290347 24196476 74
1790719291872 24220564 75
1790719293436 24223192 78
1790719295728 24247956 76
1790719297267 24255248 77
1790719302761 24277236 76
1790719304420 24301000 76
1790719306086 24302616 73
1790719307627 24320656 75
1790719309204 24328564 75
1790719310883 24343884 77
1790719312451 24354064 76
1790719314057 24364296 74
1790719315771 24380620 75
1790719317412 24387780 79
