# timestamp_ms rss_kb
1785823510019 261644
1785823510358 267144
1785823510603 280316
1785823511007 286452
1785823511183 301460
1785823511285 346144
1785823511403 442232
1785823511527 493060
1785823511651 536824
1785823511771 550280
1785823511896 581960
1785823512019 598992
1785823512245 624160
1785823512371 645076
1785823512498 659712
1785823512627 679332
1785823512754 697608
1785823512991 714084
1785823513115 731888
1785823513243 750588
1785823513484 767228
1785823513726 807016
1785823513861 857116
1785823514000 906844
1785823514141 946316
1785823514286 970616
1785823514430 1012196
1785823514698 1039356
1785823514817 1077404
1785823514969 1110188
1785823515272 1133604
1785823515599 1173716
1785823516110 1200256
1785823519592 1386440
1785823519733 1632200
1785823519898 1697160
1785823520029 1883528
1785823520165 1956540
1785823520880 1997060
1785823527884 2039884
1785823528133 2088836
1785823528355 2137988
1785823528576 2189188
1785823528892 2313132
