1786707229339 229456 22
1786707231455 229644 20
1786707231596 239948 20
1786707231695 245320 21
1786707232586 245408 21
1786707233580 245436 22
1786707234666 245448 21
1786707235668 245452 21
1786707236576 245460 25
1786707238579 245468 21
1786707239571 245476 21
1786707311587 245480 22
1786707316421 248408 23
1786707316644 274328 22
1786707317098 297788 25
1786707317207 315076 25
1786707317322 380928 25
1786707317437 420072 23
1786707317548 451668 24
1786707317657 472020 25
1786707317768 484080 25
1786707317886 488936 24
1786707317983 514548 25
1786707318098 546236 28
1786707318214 558268 27
1786707318329 578748 26
1786707318446 599236 24
1786707318563 610052 25
1786707318664 624916 27
1786707318781 645908 27
1786707318900 676000 26
1786707319023 691376 27
1786707319144 713860 28
1786707319265 745304 27
1786707319417 760644 30
1786707319543 781764 30
1786707319667 826128 28
1786707319788 973584 29
1786707320019 1016912 26
1786707321107 1023780 27
1786707321289 1080708 27
1786707321607 1115620 30
1786707321735 1154200 27
1786707321945 1177380 30
1786707322071 1190872 27
1786707322563 1256860 28
1786707322682 1291104 27
1786707323437 1311572 29
1786707323606 1337652 30
1786707323810 1374656 28
1786707324021 1413936 31
1786707324390 1429712 29
1786707324829 1486244 27
1786707325106 1515456 32
1786707325215 1543364 29
1786707325857 1579736 34
1786707325988 1631740 30
1786707326881 1663368 30
1786707327150 1728004 33
1786707327472 1755400 34
1786707327590 1777808 31
1786707328308 1788108 32
1786707328590 1814776 38
1786707328727 1836132 32
1786707328903 1857920 35
1786707329353 1881664 33
1786707329686 1944436 35
1786707329977 1983692 36
1786707330306 2005944 32
1786707330562 2059232 33
1786707330932 2093160 34
1786707331230 2122452 35
1786707331429 2198172 34
1786707331851 2309492 31
1786707331982 2368892 37
1786707332118 2483260 37
1786707332257 2656692 35
1786707332400 2865588 35
1786707332937 2936904 38
1786707333082 3019772 35
1786707333219 3098716 36
1786707333357 3130460 37
1786707333484 3231848 37
1786707333631 3305580 38
1786707333780 3351664 38
1786707334008 3453052 39
1786707334154 3534988 38
1786707334300 3571844 37
1786707334423 3643552 38
1786707334644 3747988 37
1786707334784 3803292 37
1786707334904 3877028 40
1786707335050 3918732 41
1786707335954 3925108 40
1786707336800 3934368 43
1786707337721 3935152 41
1786707338587 3935488 45
1786707339521 3935804 43
1786707340436 3935944 43
1786707341365 3936180 43
1786707342332 3936356 39
1786707343170 3936560 44
1786707344180 3936660 42
1786707345033 3936716 41
1786707345936 3936856 42
1786707346814 3936944 45
1786707347791 3937136 44
1786707348736 3937252 48
1786707349763 3937320 44
1786707350732 3937392 40
1786707351557 3937428 46
1786707352505 3937492 39
1786707353293 3937520 45
1786707354273 3937624 43
1786707355236 3937736 42
1786707356203 3937824 40
1786707357045 3937904 46
1786707358001 3937964 46
1786707359080 3938056 40
1786707359992 3938096 46
1786707361171 3938176 44
1786707362150 3938252 42
1786707363055 3944752 39
1786707363887 3952028 43
1786707364774 3952096 41
1786707365954 3952144 41
1786707367062 3952204 41
1786707367958 3952252 43
1786707368929 3953640 41
1786707371734 3960908 42
1786707372757 3964948 44
1786707373965 3969772 43
1786707374888 4004344 44
1786707375855 4009424 42
1786707376895 4015228 43
1786707377988 4016888 43
1786707378901 4017056 44
1786707379615 4057412 47
1786707380072 4118944 46
1786707380398 4174192 43
1786707382673 4202088 44
1786707386119 4238640 50
1786707387951 4268740 46
1786707388915 4281092 47
1786707389356 4355000 46
1786707389855 4420056 45
1786707390185 4470544 52
1786707391827 4480360 47
1786707393691 4505976 48
1786707405593 4510392 55
1786707406756 4511568 52
1786707407881 4533196 54
1786707409783 4582448 55
1786707425099 4582964 53
1786707425493 4651500 48
1786707426951 4654668 54
1786707443765 4660368 47
1786707445443 4663456 49
1786707446978 4678884 53
1786707460980 4678916 50
1786707464013 4678936 50
1786707478123 4685104 48
1786707495027 4687124 55
1786707496355 4692728 54
1786707497811 4692736 52
1786707512040 4698916 49
1786707513485 4698920 54
1786707529036 4698928 53
1786707546305 4698964 55
1786707547565 4705240 51
1786707563089 4729832 48
