# timestamp_ms rss_kb
1785366836251 257012
1785366836901 262908
1785366837441 268768
1785366837519 280292
1785366838102 287316
1785366838268 296556
1785366838348 363860
1785366838439 458844
1785366838530 500528
1785366838623 524944
1785366838720 573380
1785366838815 590148
1785366838911 615492
1785366839007 634772
1785366839098 652616
1785366839196 671300
1785366839294 687272
1785366839394 703312
1785366839495 720992
1785366839594 740628
1785366839693 760564
1785366839876 781128
1785366839985 836036
1785366840092 871104
1785366840208 909312
1785366840317 943512
1785366840432 968760
1785366840543 1012596
1785366840659 1037528
1785366840781 1074032
1785366840903 1126220
1785366841417 1151972
1785366841515 1177904
1785366841752 1207092
1785366842000 1237048
1785366842332 1262012
1785366844983 1325756
1785366845084 1596092
1785366845184 1712828
1785366845365 1849456
1785366845468 2021488
1785366845928 2080300
1785366846028 2254380
1785366846125 2428460
1785366846299 2492236
1785366846395 2557252
1785366849882 2617228
1785366857059 2724072
1785366857194 2724076 (true peak, below trigger threshold; snapshot is in peaks/peak.smaps)
