1785366836251 37
1785366836333 35
1785366836399 32
1785366836463 34
1785366836527 32
1785366836590 33
1785366836652 33
1785366836715 29
1785366836775 32
1785366836838 32
1785366836901 33
1785366836976 32
1785366837038 29
1785366837097 34
1785366837162 31
1785366837223 32
1785366837316 32
1785366837379 31
1785366837441 35
1785366837519 32
1785366837595 34
1785366837659 34
1785366837723 32
1785366837786 34
1785366837851 33
1785366837913 34
1785366837978 31
1785366838040 31
1785366838102 32
1785366838176 32
1785366838268 34
1785366838348 38
1785366838439 39
1785366838530 39
1785366838623 42
1785366838720 40
1785366838815 43
1785366838911 40
1785366839007 39
1785366839098 42
1785366839196 43
1785366839294 42
1785366839394 44
1785366839495 40
1785366839594 40
1785366839693 41
1785366839794 47
1785366839876 47
1785366839985 45
1785366840092 48
1785366840208 45
1785366840317 46
1785366840432 45
1785366840543 48
1785366840659 51
1785366840781 50
1785366840903 50
1785366841023 53
1785366841249 44
1785366841329 51
1785366841417 41
1785366841515 37
1785366841609 39
1785366841752 40
1785366841851 37
1785366841925 37
1785366842000 39
1785366842096 40
1785366842172 43
1785366842255 38
1785366842332 36
1785366842424 44
1785366842508 43
1785366844983 44
1785366845084 41
1785366845184 41
1785366845285 42
1785366845365 45
1785366845468 43
1785366845851 38
1785366845928 41
1785366846028 41
1785366846125 39
1785366846221 40
1785366846299 41
1785366846395 44
1785366849882 42
1785366849984 46
1785366850108 41
1785366850379 42
1785366857059 55
1785366857194 56
