1785369741794 57
1785369741907 32
1785369741979 52
1785369742071 50
1785369742176 32
1785369742250 32
1785369742323 30
1785369742395 54
1785369742492 32
1785369742580 33
1785369742655 33
1785369742730 54
1785369742826 34
1785369742941 35
1785369743019 55
1785369743126 33
1785369743201 31
1785369743276 57
1785369743376 34
1785369743451 54
1785369743558 34
1785369743637 59
1785369743760 66
1785369743890 62
1785369744019 65
1785369744150 64
1785369744281 64
1785369744411 61
1785369744520 73
1785369744661 71
1785369744799 66
1785369744931 65
1785369745043 37
1785369745128 62
1785369745258 66
1785369745393 69
1785369745511 41
1785369745620 75
1785369745765 66
1785369745902 68
1785369746040 73
1785369746185 67
1785369746326 70
1785369746475 72
1785369746627 71
1785369746774 75
1785369746929 75
1785369747087 74
1785369747241 88
1785369747589 71
1785369747726 35
1785369747810 69
1785369747928 74
1785369748077 70
1785369748199 73
1785369748343 72
1785369748468 75
1785369748622 45
1785369751580 289
1785369751918 80
1785369752076 76
1785369752224 38
1785369752311 71
1785369752450 74
1785369752864 70
1785369752981 69
1785369753117 74
1785369753259 68
1785369753375 71
1785369757694 79
1785369757824 71
