1785369741794 247816 21
1785369741979 250928 21
1785369742071 254052 18
1785369742395 258852 21
1785369742730 263768 20
1785369743019 278444 22
1785369743276 281596 23
1785369743451 285396 20
1785369743637 314108 24
1785369743760 418432 25
1785369743890 473888 24
1785369744019 520428 27
1785369744150 550512 26
1785369744281 579108 25
1785369744411 587360 23
1785369744520 605004 25
1785369744661 621028 28
1785369744799 634568 27
1785369744931 642120 27
1785369745128 658368 23
1785369745258 678072 26
1785369745393 687836 27
1785369745620 714852 28
1785369745765 732452 26
1785369745902 749044 28
1785369746040 768864 28
1785369746185 796856 26
1785369746326 860876 28
1785369746475 924720 27
1785369746627 966520 28
1785369746774 995168 28
1785369746929 1034260 29
1785369747087 1071788 28
1785369747241 1102732 32
1785369747589 1131936 33
1785369747810 1146024 29
1785369747928 1176336 33
1785369748077 1195540 29
1785369748199 1213976 29
1785369748343 1238192 31
1785369748468 1258140 31
1785369751580 1277240 246
1785369751918 1450496 33
1785369752076 1714688 33
1785369752311 1867700 32
1785369752450 2064308 33
1785369752864 2103952 31
1785369752981 2245264 29
1785369753117 2437776 34
1785369753259 2467036 31
1785369753375 2536108 33
1785369757694 2559836 38
1785369757824 2646428 33
