# timestamp_ms rss_kb
1790720993997 258820
1790720994108 265304
1790720994372 270896
1790720994633 277848
1790720995163 284996
1790720995290 291176
1790720995761 304784
1790720998706 316120
1790720998812 326432
1790720999063 336856
1790720999491 344044
1790720999739 353156
1790721000198 366120
1790721000535 374248
1790721000787 388180
1790721001576 416604
1790721001707 435040
1790721001885 462860
1790721002353 492752
1790721003490 560416
1790721003600 597340
1790721003715 633816
1790721003834 703892
1790721003943 728468
1790721004062 781716
1790721004180 831372
1790721004297 849672
1790721005753 876712
1790721006661 899888
1790721006778 924464
1790721006999 956400
1790721008252 1043720
1790721040743 1124132
1790721052770 1149308
