1790720993997 60
1790720994215 56
1790720994306 29
1790720994372 33
1790720994450 56
1790720994633 56
1790720994735 33
1790720994804 31
1790720994871 31
1790720994938 30
1790720995004 31
1790720995200 54
1790720995290 33
1790720995370 31
1790720995437 32
1790720995504 57
1790720995598 33
1790720995761 58
1790720995867 33
1790720995937 34
1790720996487 54
1790720998512 59
1790720998610 34
1790720998706 55
1790720998812 58
1790720998921 37
1790720998995 31
1790720999063 56
1790720999192 33
1790720999262 33
1790720999332 55
1790720999423 32
1790720999491 34
1790720999573 35
1790720999644 58
1790720999739 34
1790720999824 58
1790720999919 33
1790720999989 31
1790721000057 34
1790721000128 33
1790721000198 57
1790721000303 58
1790721000398 32
1790721000466 32
1790721000535 35
1790721000619 33
1790721000692 57
1790721000787 58
1790721000898 34
1790721000972 37
1790721001048 37
1790721001123 35
1790721001195 33
1790721001576 58
1790721001707 57
1790721001816 33
1790721001885 60
1790721002353 62
1790721003384 65
1790721003490 56
1790721003600 61
1790721003715 58
1790721003834 59
1790721003943 60
1790721004062 63
1790721004180 65
1790721004297 64
1790721004413 37
1790721004489 37
1790721004564 35
1790721004664 34
1790721004736 38
1790721004812 34
1790721004884 59
1790721004981 35
1790721005054 37
1790721005129 37
1790721005205 35
1790721005278 35
1790721005352 36
1790721005427 62
1790721005528 36
1790721005604 37
1790721005679 35
1790721005753 65
1790721005871 37
1790721005946 37
1790721006023 36
1790721006098 34
1790721006170 34
1790721006270 34
1790721006399 60
1790721006506 36
1790721006661 63
1790721006778 62
1790721006896 61
1790721006999 60
1790721008252 67
