1785657866991 56
1785657867103 54
1785657867210 30
1785657867278 33
1785657867349 65
1785657867469 57
1785657867583 56
1785657867692 58
1785657867859 43
1785657867996 65
1785657868141 34
1785657868321 60
1785657868460 59
1785657868669 85
1785657868874 55
1785657869014 66
1785657869190 35
1785657869366 79
1785657869496 33
1785657869588 70
1785657869735 63
1785657869902 38
1785657870063 73
1785657870237 35
1785657870375 64
1785657870530 49
1785657870743 72
1785657870875 74
1785657871058 71
1785657871199 42
1785657871352 65
1785657871543 74
1785657871689 66
1785657871968 45
1785657872086 71
1785657872242 68
1785657872401 42
1785657872598 76
1785657872850 71
1785657873054 95
1785657873321 96
1785657873551 88
1785657873833 75
1785657873994 43
1785657874155 72
1785657874325 47
1785657874448 72
1785657874665 53
1785657874836 74
1785657874970 43
1785657875101 72
1785657875245 41
1785657875334 42
1785657875421 41
1785657875506 40
1785657875591 40
1785657875677 71
1785657875794 40
1785657875879 41
1785657875965 41
1785657876050 40
1785657876137 70
1785657876253 65
1785657876385 69
1785657876520 68
1785657876656 69
1785657876795 68
1785657877579 76
1785657877704 79
1785657877856 76
1785657878002 50
1785657878110 87
1785657878363 90
1785657878692 79
1785657890545 80
1785657890815 77
1785657890968 78
1785657897808 102
1785657898005 99
1785657898164 53
1785657898304 54
1785657898418 101
1785657898583 54
1785657898791 52
1785657898904 51
1785657899016 52
1785657899131 53
1785657899246 50
1785657899358 95
1785657899506 51
1785657899617 53
1785657899732 52
1785657900074 101
1785657900262 95
1785657900601 51
1785657901279 94
1785657901531 53
1785657901680 51
1785657902126 98
1785657902371 52
1785657902530 53
1785657902644 52
1785657902984 96
1785657903143 54
1785657903261 53
1785657903378 52
1785657903574 53
1785657903690 54
1785657903806 54
1785657903969 97
1785657904128 60
1785657904252 53
1785657904366 52
1785657904481 96
1785657904725 58
1785657904846 54
1785657905058 54
1785657905174 54
1785657905338 53
1785657905452 97
1785657905650 61
1785657905917 55
1785657906032 53
1785657906149 53
1785657906288 100
1785657906492 52
1785657906606 53
1785657906868 54
1785657906985 53
1785657907101 53
1785657907217 97
1785657907459 55
1785657907759 53
1785657907874 54
1785657908037 97
1785657908244 53
1785657908359 55
1785657908475 53
1785657908681 51
1785657908841 53
1785657908957 98
1785657909117 54
1785657909400 53
1785657909608 52
1785657909720 98
1785657909880 53
1785657909998 51
1785657910110 52
1785657910225 54
