1785657866991 441652 24
1785657867103 454544 25
1785657867349 481636 33
1785657867469 520412 26
1785657867583 554336 26
1785657867692 610400 25
1785657867996 625328 25
1785657868321 647148 26
1785657868460 657408 25
1785657868669 666944 26
1785657869014 690524 27
1785657869366 703092 26
1785657869588 715948 27
1785657869735 725580 27
1785657870063 735700 28
1785657870375 760992 28
1785657870743 771544 27
1785657870875 780916 26
1785657871058 791224 27
1785657871352 800152 27
1785657871543 812884 27
1785657871689 823356 28
1785657872086 832760 28
1785657872242 852432 28
1785657872598 872056 28
1785657872850 889364 29
1785657873054 904460 27
1785657873321 918116 29
1785657873551 934736 29
1785657873833 950036 30
1785657874155 962640 28
1785657874448 977312 29
1785657874836 993352 30
1785657875101 1004412 28
1785657875677 1007484 29
1785657876137 1020744 28
1785657876253 1041812 28
1785657876385 1073296 31
1785657876520 1102240 30
1785657876656 1131300 30
1785657876795 1159928 30
1785657877579 1164964 32
1785657877704 1201828 30
1785657877856 1238692 31
1785657878110 1463652 33
1785657878363 1665356 33
1785657878692 2088856 29
1785657890545 2173700 37
1785657890815 2372368 34
1785657890968 2860948 35
1785657897808 2986208 49
1785657898005 3045304 44
1785657898418 3087664 46
1785657899358 3108300 44
1785657900262 3131520 45
1785657901279 3170432 43
1785657902126 3207300 47
1785657902984 3244188 45
1785657903969 3262664 45
1785657904481 3299568 44
1785657905452 3336460 43
1785657906288 3373428 45
1785657907217 3410372 46
1785657908037 3447256 44
1785657908957 3467036 45
1785657909720 3504020 45
