1790703133736 292
1790703134061 158
1790703134248 27
1790703135229 29
1790703135291 105
1790703135429 30
1790703135492 33
1790703135557 32
1790703135621 32
1790703135686 31
1790703135750 32
1790703135814 32
1790703135879 105
1790703136016 33
1790703136081 31
1790703136146 34
1790703136212 33
1790703136279 34
1790703136347 33
1790703136427 31
1790703136492 104
1790703136630 35
1790703136698 35
1790703136766 32
1790703136832 33
1790703136899 33
1790703136967 34
1790703137036 32
1790703137130 33
1790703138285 110
1790703138432 34
1790703139737 33
1790703139837 110
1790703139986 32
1790703140727 33
1790703140854 34
1790703141038 32
1790703141107 34
1790703141180 34
1790703141251 36
1790703141325 34
1790703141398 109
1790703141545 33
1790703141615 33
1790703141690 36
1790703141763 30
1790703141829 35
1790703141901 36
1790703141976 33
1790703142048 35
1790703142119 35
1790703142193 35
1790703142265 35
1790703142338 34
1790703142426 34
1790703142501 33
1790703142572 35
1790703142648 35
1790703142721 33
1790703142792 35
1790703142864 34
1790703142966 110
1790703143113 36
1790703143364 33
1790703143495 35
1790703143568 36
1790703143697 36
1790703143770 34
1790703143901 36
1790703143975 36
1790703144077 37
1790703144186 33
1790703144374 34
1790703144445 35
1790703144520 109
1790703144667 37
1790703144743 37
1790703144819 35
1790703144892 35
1790703144966 32
1790703145036 34
1790703145109 36
1790703145184 36
1790703145258 36
1790703145333 38
1790703145408 35
1790703145483 34
1790703145556 34
1790703145629 35
1790703145703 37
1790703145778 36
1790703145852 39
1790703145928 35
1790703146002 36
1790703146079 112
1790703146229 33
1790703146301 34
1790703146374 36
1790703146448 37
1790703146523 36
1790703146746 35
1790703146907 35
1790703146981 36
1790703147117 36
1790703147190 36
1790703147265 34
1790703147338 37
1790703147413 33
1790703147483 38
1790703147559 36
1790703147664 34
1790703147859 113
1790703148010 39
1790703148088 35
1790703148163 35
1790703148237 37
1790703148315 36
1790703148389 35
1790703148463 36
1790703148539 36
1790703148615 37
1790703148722 37
1790703148799 34
1790703148874 34
1790703148948 35
1790703149023 35
1790703149096 37
1790703149172 37
1790703149247 38
1790703149326 36
1790703149401 35
1790703149476 111
1790703149627 38
1790703149704 33
1790703149774 33
1790703149881 34
1790703149954 33
1790703150176 37
1790703150252 40
1790703150361 37
1790703150454 34
1790703150583 35
1790703150687 32
1790703150757 36
1790703150832 34
1790703150937 33
1790703151042 107
1790703151308 35
1790703151384 35
1790703151460 32
1790703151533 34
1790703151606 34
1790703151680 34
1790703151754 36
1790703151830 33
1790703151903 34
1790703151979 34
1790703152053 32
1790703152125 34
1790703152199 37
1790703152276 32
1790703152347 34
1790703152422 32
1790703152494 37
1790703152575 36
1790703152651 110
1790703152801 34
1790703152876 35
1790703152950 35
1790703153054 33
1790703153156 36
1790703153232 33
1790703153303 36
1790703153532 37
1790703153668 32
1790703153739 35
1790703153874 32
1790703154007 31
1790703154109 37
1790703154185 38
1790703154294 113
1790703154576 35
1790703154654 36
1790703154730 35
1790703154805 34
1790703154880 36
1790703154959 36
1790703155035 34
1790703155110 35
1790703155187 36
1790703155262 35
1790703155337 37
1790703155416 37
1790703155493 36
1790703155568 32
1790703155641 36
1790703155717 36
1790703155793 36
1790703155868 36
1790703155944 114
1790703156098 37
1790703156177 37
1790703156255 35
1790703156331 36
1790703156441 38
1790703156520 36
1790703156596 34
1790703156829 34
1790703156962 36
1790703157039 35
1790703157177 35
1790703157283 38
1790703157362 35
1790703157437 39
1790703157548 115
1790703157740 35
1790703157943 37
1790703158021 38
1790703158099 37
1790703158176 34
1790703158250 39
1790703158328 39
1790703158406 35
1790703158482 37
1790703158560 36
1790703158636 32
1790703158709 34
1790703158783 35
1790703158858 36
1790703158934 33
1790703159007 37
1790703159085 33
1790703159157 37
1790703159235 111
1790703159386 38
1790703159464 32
1790703159536 36
1790703159612 36
1790703159688 37
1790703159766 38
1790703159846 38
1790703159924 34
1790703159999 37
1790703160109 32
1790703160212 37
1790703160322 37
1790703160400 33
1790703160473 31
1790703160705 38
1790703160845 115
1790703161000 33
1790703161138 39
1790703161249 38
1790703161336 38
1790703161446 35
1790703161553 38
1790703161663 36
1790703161779 36
1790703161989 40
1790703162071 36
1790703162148 32
1790703162222 36
1790703162298 36
1790703162469 113
1790703162716 39
1790703162796 39
1790703162940 39
1790703163022 34
1790703163097 38
1790703163364 37
1790703163442 36
1790703163613 38
1790703163692 39
1790703163843 34
1790703163918 39
1790703163997 38
1790703164139 116
1790703164359 41
1790703164629 36
1790703164706 37
1790703164783 37
1790703164924 38
1790703165096 38
1790703165397 39
1790703165479 35
1790703165649 33
1790703165754 37
1790703165831 119
1790703165991 35
1790703166066 38
1790703166145 35
1790703166286 38
1790703166366 32
1790703166474 40
1790703166555 35
1790703166661 33
1790703166892 38
1790703167034 37
1790703167111 38
1790703167284 34
1790703167393 38
1790703167505 118
1790703167664 40
1790703167779 40
1790703167894 39
1790703168120 40
1790703168201 37
1790703168280 38
1790703168360 40
1790703168442 39
1790703168522 38
1790703168603 39
1790703168684 36
1790703168762 35
1790703168839 38
1790703168920 37
1790703168999 37
1790703169079 38
1790703169158 119
1790703169321 37
1790703169401 37
1790703169606 37
1790703169733 40
1790703169846 36
1790703169923 39
1790703170005 37
1790703170086 38
1790703170168 38
1790703170246 40
1790703170327 36
1790703170406 37
1790703170485 37
1790703170566 36
1790703170679 37
1790703170759 37
1790703170839 115
1790703171133 39
1790703171286 36
1790703171366 36
1790703171479 38
1790703171594 37
1790703171673 40
1790703171754 38
1790703171834 38
1790703171913 38
1790703172029 36
1790703172238 36
1790703172349 38
1790703172429 38
1790703172509 120
1790703172673 38
1790703172753 36
1790703172831 36
1790703172908 38
1790703173019 37
1790703173100 36
1790703173179 34
1790703173255 37
1790703173336 39
1790703173417 39
1790703173497 36
1790703173576 37
1790703173656 37
1790703173774 36
1790703174079 42
1790703174230 123
1790703174396 39
1790703174478 39
1790703174562 38
1790703174642 36
1790703174721 41
1790703174804 38
1790703174950 38
1790703175064 39
1790703175218 42
1790703175302 43
1790703175550 41
1790703175695 38
1790703175775 39
1790703175922 40
1790703176071 121
1790703176234 39
1790703176349 39
1790703176466 41
1790703176686 41
1790703176770 39
1790703176852 39
1790703176934 38
1790703177015 40
1790703177100 42
1790703177187 38
1790703177270 39
1790703177352 40
1790703177435 40
1790703177519 39
1790703177602 41
1790703177686 40
1790703177769 122
1790703177935 38
1790703178015 37
1790703178096 39
1790703178178 39
1790703178260 41
1790703178344 40
1790703178427 39
1790703178509 40
1790703178592 41
1790703178711 38
1790703178826 39
1790703178945 39
1790703179063 38
1790703179285 39
1790703179435 122
1790703179603 36
1790703179750 40
1790703179866 38
1790703179953 38
1790703180035 45
1790703180123 38
1790703180203 42
1790703180323 38
1790703180612 40
1790703180695 41
1790703180778 41
1790703180862 40
1790703180979 40
1790703181164 39
1790703181415 127
1790703181653 42
1790703181740 40
1790703181825 39
1790703181910 40
1790703181993 39
1790703182075 41
1790703182160 39
1790703182244 39
1790703182327 39
1790703182411 40
1790703182497 41
1790703182717 38
1790703182798 41
1790703182883 40
1790703182968 39
1790703183052 38
1790703183136 38
1790703183256 127
1790703183427 42
1790703183514 39
1790703183598 39
1790703183718 39
1790703183802 42
1790703183995 39
1790703184077 40
1790703184160 41
1790703184244 39
1790703184363 35
1790703184516 36
1790703184600 39
1790703184719 41
