1785658267114 456068 25
1785658267339 461768 24
1785658267423 496248 23
1785658267522 550060 25
1785658267628 609316 27
1785658267864 621448 74
1785658268069 628160 76
1785658268252 646556 45
1785658268379 653884 45
1785658268634 665248 96
1785658268971 685064 48
1785658269185 694516 67
1785658269524 710588 37
1785658269656 720396 79
1785658269893 729400 80
1785658270135 744564 26
1785658270336 758432 26
1785658270731 779696 27
1785658270859 788056 36
1785658271221 795976 28
1785658271398 818036 29
1785658271902 839936 70
1785658272162 856408 74
1785658272408 867928 54
1785658272578 881072 43
1785658272938 908276 45
1785658273211 919400 57
1785658273392 930812 38
1785658273618 942204 29
1785658273993 953636 50
1785658274175 972016 32
1785658274648 995744 115
1785658274931 1007300 29
1785658275545 1008588 29
1785658275797 1023500 28
1785658275899 1047296 28
1785658276018 1079124 26
1785658276136 1112136 28
1785658276255 1134144 28
1785658276356 1150816 29
1785658276487 1175148 28
1785658278621 1302388 108
1785658279022 2059080 133
1785658290762 2121856 35
1785658290908 2523532 30
1785658291176 2578936 32
1785658295155 2618148 82
1785658295478 2671412 76
1785658295949 2822972 58
1785658296313 2933616 139
1785658296716 3025780 163
1785658297288 3189632 133
1785658297647 3336464 40
1785658298130 3394664 167
1785658298405 3685672 45
1785658299370 3696576 46
1785658300367 3717144 48
1785658301765 3733572 47
1785658302668 3772488 44
1785658303569 3807352 47
1785658304605 3847904 46
1785658305582 3884832 45
1785658306575 3921796 46
1785658307540 3940292 57
1785658308659 3993572 45
1785658309619 4014936 47
1785658310142 4058384 46
1785658311164 4097544 46
