# timestamp_ms rss_kb
1785429384116 12500
1785429385028 50960
1785429385098 74156
1785429385167 171484
1785429385268 189164
1785429385488 193184
1785429385748 222368
1785429385830 279868
1785429385914 329576
1785429386077 340772
1785429386736 348592
1785429386830 359192
1785429387683 367384
1785429389851 376740
1785429390790 425612
1785429391087 435852
1785429392134 448140
1785429392520 458380
1785429393797 468620
1785429394259 470668 (true peak, below trigger threshold; snapshot is in peaks/peak.smaps)
