# timestamp_ms rss_kb
1790717464241 262320
1790717464527 270048
1790717464844 278320
1790717465193 289296
1790717465686 299760
1790717466745 324624
1790717466862 418320
1790717466986 479504
1790717467111 520300
1790717467236 560136
1790717467360 594348
1790717467480 614068
1790717467605 637736
1790717467730 654216
1790717467857 672292
1790717467982 692056
1790717468105 706904
1790717468229 723576
1790717468357 742592
1790717468591 761640
1790717468717 779164
1790717468850 818504
1790717468991 872188
1790717469134 916604
1790717470073 934984
1790717470907 967592
1790717471689 991392
1790717471834 1029364
1790717471977 1059228
1790717472126 1090056
1790717472270 1129752
1790717472841 1153912
1790717472944 1182368
1790717476887 1351716
1790717477017 1630244
1790717477356 1779172
1790717477481 1949156
1790717479601 2005888
1790717479644 2056212
1790717486751 2111996
1790717486997 2157052
1790717487208 2204156
1790717489896 2281928
1790717490037 2285900 (true peak, below trigger threshold; snapshot is in peaks/peak.smaps)
