# timestamp_ms rss_kb
1785428560981 12520
1785428561888 33544
1785428561950 69536
1785428562034 89280
1785428562092 136932
1785428562155 183808
1785428562345 188420
1785428562415 193028
1785428562570 197228
1785428562642 239172
1785428562722 287672
1785428562799 324076
1785428562944 340776
1785428563564 359084
1785428564407 367276
1785428566638 376744
1785428567550 432276
1785428568417 442516
1785428569013 452756
1785428569767 462996
1785428571112 469148 (true peak, below trigger threshold; snapshot is in peaks/peak.smaps)
