1785428560981 12520 17
1785428561888 33544 11
1785428561950 69536 12
1785428562034 89280 11
1785428562092 136932 12
1785428562155 183808 11
1785428562287 187268 13
1785428562415 193028 12
1785428562570 197228 13
1785428562642 239172 15
1785428562722 287672 14
1785428562799 324076 16
1785428562871 329604 16
1785428562944 340776 14
1785428563250 342824 16
1785428563564 359084 14
1785428564007 363180 15
1785428564407 367276 15
1785428564860 367420 15
1785428566516 371088 15
1785428566638 376744 16
1785428567065 379048 16
1785428567427 379052 15
1785428567550 432276 17
1785428568001 436372 19
1785428568417 442516 15
1785428568851 446612 15
1785428569013 452756 15
1785428569494 458900 16
1785428570090 465044 16
1785428570523 469140 18
1785428571112 469148 15
