# timestamp_ms rss_kb
1785401081913 12300
1785401082844 32136
1785401082913 92372
1785401082982 166988
1785401083054 189012
1785401083296 195148
1785401083490 212428
1785401083569 266340
1785401083651 321224
1785401083736 376416
1785401083828 433972
1785401083924 490660
1785401084046 542640
1785401084161 612496
1785401084276 663268
1785401084395 701352
1785401084513 745388
1785401084654 811732
1785401085045 848744
1785401089334 892828
1785401089473 930404
1785401089618 972460
1785401089770 1012212
1785401089928 1054072
1785401090127 1134844
1785401091840 1168868
1785401092103 1194596
1785401108395 1201900 (true peak, below trigger threshold; snapshot is in peaks/peak.smaps)
