# timestamp_ms rss_kb
1790702915727 160512
1790702915755 164908
1790702915867 171052
1790702915895 212064
1790702915925 255160
1790702915955 298224
1790702915984 339236
1790702916013 380248
1790702916043 423336
1790702916073 455904
1790702916257 523760
1790702916334 536848
1790702916368 564140
1790702916400 581248
1790702916432 978888
1790702916471 1490888
1790702916510 1996744
1790702916549 2516936
1790702916591 3067848
1790702916636 3665864
1790702916686 4327368
1790702916738 5013448
1790702916793 5738440
1790702916851 6506440
1790702916915 7362504
1790702916983 8263624
1790702917055 9222088
1790702917130 10213320
1790702917208 11259848
1790702917293 12373960
1790702917382 13547464
1790702917475 14778312
1790702917574 16093128
1790702917680 17491912
1790702917792 18972616
1790702917909 19455944
1790702918487 19876360
1790702934317 20113440 (true peak, below trigger threshold; snapshot is in peaks/peak.smaps)
