1786941606619 16440 21
1786941606925 17032 17
1786941607009 56232 16
1786941607098 116644 16
1786941607185 173976 16
1786941607272 225880 17
1786941607664 239108 18
1786941607753 296040 18
1786941626948 297092 25
1786941627492 297216 21
1786941627937 298896 19
1786941628390 298940 22
1786941628872 300392 21
1786941629377 302072 25
1786941629901 302124 22
1786941630396 303576 21
1786941630910 305256 21
1786941631411 305304 21
1786941631916 306748 22
1786941632442 308432 24
1786941632941 308484 24
1786941633459 309936 22
1786941633999 311620 21
1786941634454 311664 21
1786941634959 313116 24
1786941635459 314796 23
1786941635965 314844 22
1786941636578 316308 23
1786941637083 317992 23
1786941637587 318044 22
1786941638089 319496 22
1786941638633 321180 24
1786941639140 321232 26
1786941639691 322680 22
1786941640189 324360 24
1786941640692 324412 25
1786941641249 325864 23
1786941641794 327552 23
1786941642330 328872 26
1786941642424 332520 25
1786941642520 336240 23
1786941642620 340800 24
1786941642788 348588 24
1786941642954 355848 24
1786941643117 363088 27
1786941643290 371012 25
1786941643460 378488 23
1786941643631 386592 25
1786941643725 394384 24
1786941643830 411992 27
1786941643938 434660 27
1786941644046 457032 25
1786941644153 477916 27
1786941644268 495244 28
1786941644380 510968 28
1786941644494 526172 27
1786941644608 541124 27
1786941644727 560800 28
1786941644841 599240 29
1786941644958 655396 30
1786941645078 733164 32
1786941645203 780648 33
1786941645959 780688 32
1786941646482 789216 31
1786941646594 801108 31
1786941646720 850172 33
1786941646853 877976 32
1786941646987 951564 37
1786941647127 1007328 34
1786941647924 1011268 37
1786941648139 1038352 36
1786941648283 1063968 37
1786941648425 1081104 35
1786941648555 1103868 34
1786941648699 1181024 38
1786941648860 1233892 39
1786941649438 1253760 41
1786941649701 1271820 40
1786941649935 1287912 38
1786941650193 1305552 39
1786941650453 1324196 40
1786941650683 1340108 39
1786941650940 1358328 41
1786941651083 1378808 37
1786941651242 1410688 42
1786941651415 1448556 41
1786941651593 1487424 41
1786941651760 1525496 44
1786941651941 1563300 43
1786941652115 1601936 44
1786941652289 1640484 46
1786941652477 1672372 45
1786941652621 1697612 44
1786941652809 1729440 46
1786941652969 1756316 44
1786941653164 1788464 48
1786941653329 1813708 46
1786941653511 1846048 49
1786941653680 1870220 46
1786941654500 1891612 53
1786941654917 1916004 49
1786941655183 1950572 53
1786941655364 2013940 49
1786941655586 2207700 51
1786941655815 2473460 55
1786941656449 2544828 53
1786941656675 2675852 53
1786941656903 2881316 54
1786941657132 3057820 54
1786941657496 3090420 53
1786941658255 3123192 54
1786941658481 3166336 53
1786941658836 3229824 53
1786941659123 3268872 53
1786941659352 3309832 55
1786941659706 3376016 53
1786941660011 3421072 53
1786941660238 3466128 53
1786941660547 3510808 53
1786941660773 3636960 55
1786941661004 3820584 54
1786941661236 3980336 60
1786941661471 4110712 55
1786941663071 4124444 56
1786941663384 4170852 56
1786941663747 4236512 54
1786941664165 4298088 56
1786941664528 4359744 55
1786941664839 4404904 55
1786941665197 4472636 54
1786941665674 4550192 56
1786941666113 4619984 56
1786941666469 4679324 57
1786941666944 4757324 57
1786941667385 4820956 56
1786941667746 4885492 57
1786941668229 4963492 58
1786941668669 5030012 55
1786941669028 5093648 57
1786941669471 5163440 56
1786941669833 5218484 56
1786941670274 5288272 57
1786941670636 5353956 55
1786941671106 5427212 57
1786941671549 5496996 57
1786941671913 5562688 57
1786941672354 5632476 55
1786941672713 5698296 57
1786941673153 5768080 58
1786941673513 5827608 58
1786941673955 5895220 57
1786941674185 6069704 58
1786941674421 6244888 59
1786941674639 6387228 58
1786941674873 6553484 60
1786941675093 6672420 61
1786941675284 6777104 58
1786941675504 6929320 59
1786941675739 7087372 61
1786941675976 7251720 63
1786941676217 7430296 61
1786941676457 7577388 62
1786941676649 7669752 61
1786941676888 7846220 61
1786941677128 8026848 63
1786941677366 8185036 65
1786941678089 8266912 64
1786941679460 8267324 62
1786941680825 8267740 64
1786941682190 8268168 62
1786941683558 8268596 64
1786941684924 8269000 64
1786941686288 8269412 64
1786941687659 8269832 61
1786941689021 8270256 63
1786941690387 8270672 62
1786941691107 8385708 63
1786941691305 8480080 65
1786941691554 8637988 66
1786941691932 8849296 63
1786941692126 8943104 62
1786941692370 9080552 65
1786941692567 9172876 63
1786941692792 9325404 67
1786941693174 9557228 66
1786941693549 9770336 65
1786941693924 10026776 67
1786941694305 10261424 66
1786941694505 10366056 66
1786941694750 10552740 68
1786941695122 10730876 72
1786941695708 10860296 72
1786941696525 10975656 75
1786941698383 11023788 74
1786941699010 11197816 81
1786941699543 11327288 79
1786941701147 11372752 79
1786941703250 11466292 85
1786941704240 11602444 90
1786941706103 11697688 88
1786941707185 11828812 90
1786941710640 11924748 90
1786941712195 12080028 87
1786941720797 12179064 93
1786941721845 12305852 92
1786941722458 12461384 93
1786941723482 12652348 101
1786941723835 12781976 101
1786941726277 12824616 102
1786941727629 12955440 100
1786941729412 13127072 101
1786941731062 13297476 112
1786941731399 13444928 111
1786941733887 13504228 105
1786941734354 13718276 106
1786941734711 13900316 108
1786941735249 14225468 107
1786941735787 14571100 107
1786941736325 14903156 110
1786941736867 15149188 111
1786941738235 15342724 112
1786941752350 15354716 112
1786941754629 15355516 111
1786941756904 15356312 109
1786941759166 15359844 108
1786941762467 15361624 112
1786941766183 15369884 116
1786941768767 15398976 111
1786941782703 15479588 115
1786941788603 15589248 120
1786941793196 15701804 121
1786941817820 15755536 119
1786941832217 15819016 118
1786941837974 15864280 123
1786941842665 15936744 120
1786941868226 15958060 122
1786941882742 15968740 122
1786941887143 15981748 131
1786941891514 15988024 125
1786941915229 16008480 127
1786941931614 16065076 121
1786941936102 16072176 126
1786941966505 16096160 124
1786941984873 16098924 127
1786942014064 16125032 121
1786942033302 16137680 130
1786942036984 16141476 122
1786942060988 16144176 123
1786942080937 16162088 130
1786942110683 16182496 125
1786942129124 16193692 127
1786942157845 16201840 125
1786942172063 16203360 125
1786942176584 16206268 129
1786942271809 16230028 131
1786942277787 16244464 128
