1785345386801 76860 35
1785345386918 128032 35
1785345387023 169200 37
1785345387128 212152 37
1785345387237 254692 37
1785345387343 298292 36
1785345387449 341384 36
1785345387554 384464 36
1785345387663 427884 35
1785345387768 470104 37
1785345387875 513696 36
1785345387982 556776 37
1785345388087 597828 33
1785345388191 642416 39
1785345388303 686124 36
1785345388543 704544 34
1785345388647 716996 37
1785345388745 724804 30
1785345389278 737724 34
1785345389473 753424 36
1785345389640 767712 37
1785345389735 775952 32
1785345389839 785864 35
1785345390005 797488 38
1785345390165 806064 37
1785345390727 817512 33
1785345390835 842916 37
1785345390944 868924 39
1785345391055 894692 39
1785345391174 919936 37
1785345391293 945276 37
1785345391414 970456 39
1785345391534 995488 37
1785345391652 1015620 41
1785345391782 1031428 39
1785345391890 1046268 37
1785345403262 1062848 41
1785345403377 1085564 35
1785345403499 1111128 40
1785345403623 1136092 39
1785345403750 1161152 41
1785345403876 1187156 41
1785345404002 1211900 40
1785345404123 1236360 40
1785345404253 1252396 43
1785345404373 1265152 40
1785345404500 1278636 43
1785345404617 1291844 42
1785345404748 1306900 43
1785345409051 1314704 41
1785345413190 1319364 43
1785345413318 1336636 42
1785345413427 1350992 40
1785345413550 1368428 41
1785345413661 1382848 38
1785345413777 1400748 42
1785345425108 1406392 41
1785345425301 1433744 48
1785345425484 1458824 41
1785345425608 1475652 48
1785345425814 1507608 49
1785345426018 1535820 48
1785345426206 1561700 42
1785345426409 1589636 46
1785345426624 1615808 50
1785345430576 1617156 44
1785345435109 1626756 43
1785345435300 1654324 48
1785345435496 1679532 46
1785345435701 1707028 47
1785345447691 1713072 45
1785345447897 1740968 50
1785345448091 1769424 43
1785345448303 1796820 46
1785345448514 1825004 48
1785345448705 1850812 49
1785345448926 1879208 51
1785345449133 1904376 52
1785345453417 1919516 50
1785345457869 1920472 48
1785345458084 1950768 52
1785345458285 1981324 51
1785345458438 2001516 49
1785345470477 2016024 52
1785345470713 2047472 54
1785345470931 2077992 49
1785345471154 2109960 55
1785345471397 2141096 53
1785345471614 2168228 53
1785345471853 2196020 55
1785345472078 2220560 54
1785345476123 2221360 62
1785345480800 2228944 50
1785345481005 2253808 50
1785345481237 2281416 55
1785345481456 2308296 51
1785345493382 2317996 62
1785345493612 2342660 57
1785345493842 2370512 51
1785345494086 2399320 59
1785345494317 2425176 56
1785345494566 2453152 59
1785345494801 2478844 57
1785345495058 2506712 60
1785345499556 2524280 60
1785345504219 2532920 55
1785345504467 2560564 59
1785345504809 2600596 60
1785345517578 2619856 61
1785345517816 2649612 57
1785345518075 2678948 59
1785345518421 2719788 64
1785345518753 2758364 58
1785345519014 2786540 63
1785345519345 2824568 61
1785345523824 2825896 58
1785345528421 2829376 63
1785345528779 2869752 60
1785345529133 2909808 63
1785345540043 2922796 63
1785345540294 2955996 67
1785345540575 2988384 67
1785345540946 3036912 70
1785345541203 3069004 65
1785345541489 3105680 69
1785345545641 3129012 65
1785345549705 3133552 69
1785345549994 3170456 70
1785345550250 3203092 62
1785345561187 3224164 74
1785345561557 3274236 70
1785345561947 3321296 72
1785345562309 3364664 70
1785345562707 3412024 74
1785345572192 3434488 66
1785345572578 3474324 71
1785345584884 3504956 74
1785345585088 3550664 74
1785345585494 3596848 76
1785345585872 3644776 74
1785345586286 3694844 77
1785345586674 3732444 79
1785345595683 3740540 76
1785345596095 3784264 75
1785345607532 3793536 80
1785345607854 3859820 78
1785345608246 3902976 79
1785345608673 3945764 79
1785345609071 3988312 78
1785345609502 4034824 81
1785345618131 4035848 82
1785345618536 4086744 82
1785345630571 4109324 86
1785345630877 4153104 83
1785345631431 4206784 83
1785345631951 4258048 87
1785345632511 4311144 84
1785345642787 4337656 83
1785345643344 4392392 89
1785345656644 4398208 91
1785345656945 4452640 86
1785345657511 4506472 86
1785345658078 4560272 89
1785345658630 4613168 89
