# timestamp_ms rss_kb
1790717585651 258348
1790717585848 266320
1790717586176 272260
1790717586371 278072
1790717586703 283868
1790717587264 305964
1790717588383 388504
1790717588508 473464
1790717588627 493508
1790717588746 529300
1790717588868 550100
1790717588989 586440
1790717589113 598580
1790717589234 618016
1790717589364 634872
1790717589485 650520
1790717589608 672532
1790717589735 692784
1790717590059 717132
1790717590186 734484
1790717590316 751660
1790717590535 767800
1790717590662 784000
1790717591232 802916
1790717591872 819216
1790717592495 840732
1790717593253 891024
1790717593402 951496
1790717593544 983424
1790717593690 1014324
1790717593837 1043976
1790717593985 1083604
1790717594133 1114636
1790717594286 1142592
1790717594747 1176668
1790717595218 1200480
1790717598647 1383372
1790717598769 1635276
1790717599005 1769868
1790717599133 1943948
1790717601028 2006700
1790717601312 2061036
1790717609144 2122676
1790717609406 2171828
1790717609627 2220980
1790717612197 2322600
