1790374691680 68
1790374691783 42
1790374691859 40
1790374691932 43
1790374692009 44
1790374692087 43
1790374692164 46
1790374692244 45
1790374692364 43
1790374692442 48
1790374692584 22
1790374692632 42
1790374692709 45
1790374692787 22
1790374692837 41
1790374692905 42
1790374692981 43
1790374693058 44
1790374693128 41
1790374693204 41
1790374693279 48
1790374693368 52
1790374693465 54
1790374693569 56
1790374693675 55
1790374693780 54
1790374693887 58
1790374693995 59
1790374694107 60
1790374694218 65
1790374694335 66
1790374694465 71
1790374694609 77
1790374694767 88
1790374694941 102
1790374695154 120
1790374695410 139
1790374695665 157
1790374696005 188
1790374696413 218
1790374696876 242
1790374697310 255
1790374697758 273
1790374698237 282
1790374698831 313
1790374699499 352
1790374700241 401
1790374701084 428
1790374701965 451
1790374702781 481
1790374703617 501
1790374704494 537
1790374705431 563
1790374706421 604
1790374707458 619
1790374708745 655
1790374709905 723
1790374711152 758
1790374712710 801
1790374714333 542
1790374715163 537
1790374715981 544
1790374716815 804
1790374717908 549
1790374718746 546
1790374719574 534
1790374720392 541
1790374721510 814
1790374722357 531
1790374722922 800
1790374724279 539
1790374724850 802
1790374725958 818
1790374727389 815
1790374728776 567
1790374729653 551
1790374730519 817
1790374731645 556
1790374732512 827
1790374734226 880
1790374736009 609
1790374736936 609
1790374737866 604
1790374738785 607
1790374739703 882
1790374740911 602
1790374741836 615
1790374742773 595
1790374743692 602
1790374744615 590
1790374745527 884
1790374746733 590
1790374747649 606
1790374748573 600
1790374749491 602
1790374750414 611
1790374751939 873
1790374753135 596
1790374753761 611
1790374754689 598
1790374755608 602
1790374756520 609
1790374757449 600
1790374758371 872
1790374759558 595
1790374760471 600
1790374761392 588
1790374762288 605
1790374763215 597
1790374764135 880
1790374765324 605
1790374766244 610
1790374767175 591
1790374768072 598
1790374768994 605
1790374769910 887
1790374771112 598
1790374772032 608
1790374772959 606
1790374773878 602
1790374774785 582
1790374775679 869
1790374777458 595
1790374778369 600
1790374779290 610
1790374779931 607
1790374780856 597
1790374781773 877
1790374782958 602
1790374783874 609
1790374784805 619
1790374785748 585
1790374786648 611
1790374787582 894
1790374788790 602
1790374789712 603
1790374790631 617
1790374791568 587
1790374792465 608
1790374793105 613
1790374794036 904
1790374795252 589
1790374796144 591
1790374797054 601
1790374797976 598
1790374798897 607
1790374799825 608
1790374801341 880
1790374802545 607
1790374803472 610
1790374804406 599
1790374805314 601
1790374806234 593
1790374807147 897
1790374808364 610
1790374809298 606
1790374810221 607
1790374811142 587
1790374812047 608
1790374812978 897
1790374814193 605
1790374815114 619
1790374816054 596
1790374816967 603
1790374817602 597
1790374818515 605
1790374819448 884
1790374820654 607
1790374821589 616
1790374822519 598
1790374823431 591
1790374824337 602
1790374824971 610
1790374825901 882
1790374827698 600
1790374828612 614
1790374829541 607
1790374830472 602
1790374831392 604
1790374832318 903
1790374833541 581
1790374834442 595
1790374835347 605
1790374836270 601
1790374837187 594
1790374838097 898
1790374839315 600
1790374840230 602
1790374841150 598
1790374842052 596
1790374842969 600
1790374843891 879
1790374845080 589
1790374845988 611
1790374847515 605
1790374848431 592
1790374849335 609
1790374850255 880
1790374851453 609
1790374852387 605
1790374853311 603
1790374854235 600
1790374855143 593
1790374856050 891
1790374857258 607
1790374858180 599
1790374859095 598
1790374860013 614
1790374860945 596
1790374862155 896
1790374863678 612
1790374864616 599
1790374865828 600
1790374867058 599
1790374868274 876
1790374870353 605
1790374871905 608
1790374873455 601
1790374874365 888
1790374875563 606
1790374876489 618
1790374877427 583
1790374878328 610
1790374879256 600
1790374880176 883
1790374881371 597
1790374882284 600
1790374883199 609
1790374884121 588
1790374885025 585
1790374885921 879
1790374887112 590
1790374888015 591
1790374888922 610
1790374889848 608
1790374890770 592
1790374891677 878
1790374892869 599
1790374893790 600
1790374894706 603
1790374895615 591
1790374896521 604
1790374897446 870
1790374898629 575
1790374899514 583
1790374900403 603
1790374901320 589
1790374902222 595
1790374903138 879
1790374904334 599
1790374905250 597
1790374906159 610
1790374907090 601
1790374908005 596
1790374908924 893
1790374910138 584
1790374911035 597
1790374911947 594
1790374912858 600
1790374913782 601
1790374914694 881
1790374915889 608
1790374916821 596
1790374917729 590
1790374918634 591
1790374919541 600
1790374920461 870
1790374921653 602
1790374922565 593
1790374923467 603
1790374924381 599
1790374925295 586
1790374926193 871
1790374927378 598
1790374928291 605
1790374929215 603
1790374930125 584
1790374931027 600
1790374931942 869
1790374933124 594
1790374934035 604
1790374934952 588
1790374935858 579
1790374936745 594
1790374937656 890
1790374938870 607
1790374939791 596
1790374940702 601
1790374941615 608
1790374942541 588
1790374943443 894
1790374944657 596
1790374945561 587
1790374946461 588
1790374947372 610
1790374948307 599
1790374949227 885
1790374950144 597
1790374951052 598
1790374951963 588
1790374952865 592
1790374953771 598
1790374954682 581
1790374955575 867
1790374956752 594
1790374957662 589
1790374958559 595
1790374959470 592
1790374960381 603
1790374961305 870
1790374962490 596
1790374963404 593
1790374964323 598
1790374965228 583
1790374966127 584
1790374967033 897
1790374968253 598
1790374969173 601
1790374969805 602
1790374970725 595
1790374971637 591
1790374972534 591
1790374973437 856
1790374974608 585
1790374975507 587
1790374976413 586
1790374977316 594
1790374978226 599
1790374979149 894
1790374980361 600
1790374981272 609
1790374982206 606
1790374983131 583
1790374984034 593
1790374984952 897
1790374986168 600
1790374987086 598
1790374988005 604
1790374988931 606
1790374989850 592
1790374990475 597
1790374991389 884
1790374992590 598
1790374993509 579
1790374994413 599
1790374995329 591
1790374996237 600
1790374997158 887
1790374998365 602
1790374999286 598
1790375000204 604
1790375001128 596
1790375002040 586
1790375002941 885
1790375004142 592
1790375005045 580
1790375005937 590
1790375006831 592
1790375007740 584
1790375008639 588
1790375009540 860
1790375010712 586
1790375011606 590
1790375012513 583
1790375013414 586
1790375014314 596
1790375015221 878
1790375016419 600
1790375017329 578
1790375018217 602
1790375019130 587
1790375020027 597
1790375020943 874
1790375022135 585
1790375023033 597
1790375023947 578
1790375024836 596
1790375025744 585
1790375026647 865
1790375027832 589
1790375028734 592
1790375029642 590
1790375030537 598
1790375031443 597
1790375032355 880
1790375033541 593
1790375034442 598
1790375035362 601
1790375036276 594
1790375036901 588
1790375037809 593
1790375038719 879
1790375039922 599
1790375040833 591
1790375042367 598
1790375043595 593
1790375044816 871
1790375045999 593
1790375046909 605
1790375047831 599
1790375049061 589
1790375049961 601
1790375050883 888
1790375052408 605
1790375053647 594
1790375054561 601
1790375055481 589
1790375056387 600
1790375057306 891
1790375058516 602
1790375059441 602
1790375060363 610
1790375061296 600
1790375062215 603
1790375063132 879
1790375064331 604
1790375065258 604
1790375066183 599
1790375067090 598
1790375068012 599
1790375068926 890
1790375070140 602
1790375071049 602
1790375071956 593
1790375072867 607
1790375073794 600
1790375074704 895
1790375075920 598
1790375076837 605
1790375077757 599
1790375078673 599
1790375079586 598
1790375080619 886
1790375081540 605
1790375082768 895
1790375083982 597
1790375084903 592
1790375085823 589
1790375087315 876
1790375088514 596
1790375089434 604
1790375090375 916
1790375091626 622
1790375093196 916
1790375094441 615
1790375095393 910
1790375097231 897
1790375098161 615
1790375098813 911
1790375100675 918
1790375101628 615
1790375102278 914
1790375104152 614
1790375105110 621
1790375106057 600
1790375106984 620
1790375107951 895
1790375109194 898
1790375111035 617
1790375112003 899
1790375113255 610
1790375113901 610
1790375115154 912
1790375116103 620
1790375116758 914
1790375118328 915
1790375119575 616
1790375120527 922
1790375122398 620
1790375123351 916
1790375124601 624
1790375126170 920
1790375127433 608
1790375128074 618
1790375129020 619
1790375129968 618
1790375130919 913
1790375132771 622
1790375133729 919
1790375134980 617
1790375135933 622
1790375136911 606
1790375137857 914
1790375139711 616
1790375140669 921
1790375141625 620
1790375142282 921
1790375143850 924
1790375144809 620
1790375145769 632
1790375146434 610
1790375147370 620
1790375148320 899
1790375150146 597
1790375151073 908
1790375152316 599
1790375153248 617
1790375154198 616
1790375155764 630
1790375156737 1150
1790375158214 617
1790375159157 608
1790375160091 618
1790375161038 620
1790375161980 618
1790375162920 931
1790375164178 625
1790375164838 598
1790375166093 924
1790375167055 617
1790375167708 617
1790375168359 930
1790375169928 601
1790375170565 623
1790375171515 616
1790375172466 617
1790375173410 611
1790375174392 938
1790375175670 629
1790375176946 632
1790375177613 629
1790375178589 943
1790375179878 629
1790375180862 623
1790375181521 928
1790375183161 630
1790375184194 633
1790375184862 937
1790375185843 627
1790375186516 617
1790375188024 954
1790375189029 622
1790375190318 631
1790375192337 634
1790375193691 615
1790375194944 935
1790375196579 629
1790375197910 632
1790375199278 624
1790375200548 638
1790375201836 937
1790375203432 636
1790375205664 940
1790375207064 641
1790375207745 635
1790375208781 942
1790375210794 635
1790375211805 960
1790375213179 634
1790375213853 628
1790375215879 940
1790375216864 626
1790375217990 622
1790375219198 950
1790375220751 643
1790375223102 629
1790375224346 618
1790375225017 632
1790375226346 948
1790375227994 633
1790375229294 607
1790375230581 637
1790375231859 636
1790375233122 945
1790375234677 641
1790375235886 626
1790375237772 933
1790375239105 633
1790375239778 631
1790375240802 951
1790375242158 625
1790375243953 626
1790375245038 943
1790375246461 625
1790375247618 633
1790375248799 952
1790375251478 635
1790375252725 634
1790375253991 936
1790375255543 631
1790375256801 620
1790375258085 622
1790375259345 621
1790375261754 952
1790375263294 642
1790375264479 634
1790375265609 629
1790375266303 959
1790375267758 631
1790375268944 640
1790375270945 634
1790375280363 960
1790375282003 632
1790375287187 947
1790375288805 644
1790375290084 633
1790375291400 631
1790375292682 639
1790375293997 957
1790375295620 629
1790375296920 620
1790375298153 636
1790375299434 622
1790375300494 962
1790375302054 635
1790375303077 628
1790375304140 624
1790375305181 634
1790375306274 621
1790375307270 933
1790375308771 620
1790375309918 632
1790375311106 618
1790375313559 950
1790375315185 634
1790375316492 631
1790375317757 640
1790375319072 619
1790375320380 966
1790375322002 636
1790375323244 628
1790375324508 629
1790375325789 632
1790375327057 945
1790375328538 632
1790375329809 635
1790375330913 626
1790375332734 959
1790375334099 633
1790375335131 635
1790375336145 949
1790375337466 634
1790375338532 629
1790375340388 958
1790375341397 632
1790375342083 628
1790375343290 976
1790375344905 633
1790375346175 642
1790375347458 620
1790375348722 631
1790375349399 621
1790375350682 957
1790375353487 642
1790375354693 643
1790375355931 635
1790375357218 644
1790375358545 959
1790375360183 638
1790375361496 620
1790375362764 620
1790375363964 614
1790375365150 936
1790375366629 617
1790375367853 628
1790375369132 625
1790375372389 953
1790375374665 639
1790375375927 635
1790375377168 625
1790375378454 646
1790375380423 968
1790375392388 961
1790375394002 624
1790375395274 628
1790375396460 631
1790375397647 623
1790375398830 632
1790375399860 958
1790375401309 616
1790375402378 635
1790375404935 625
1790375407489 960
1790375409081 631
1790375410345 625
1790375411560 618
1790375412695 621
1790375413955 957
1790375415519 635
1790375416758 620
1790375417426 637
1790375418655 645
1790375419924 627
1790375422359 969
1790375423931 633
1790375425161 640
1790375426431 642
1790375427675 636
1790375428934 633
1790375430176 964
1790375431710 633
1790375432388 635
1790375433517 633
1790375435679 637
1790375436774 950
1790375442816 967
1790375444440 644
1790375445425 618
1790375446076 622
1790375447034 638
1790375447707 626
1790375448666 956
1790375449658 627
1790375450628 628
1790375451292 622
1790375452287 620
1790375454853 623
1790375462781 980
1790375464458 641
1790375465784 644
1790375467091 629
1790375478284 973
1790375479911 632
1790375481210 642
1790375482574 635
1790375483887 642
1790375485206 988
1790375486871 643
1790375488179 654
1790375489492 650
1790375490841 635
1790375492160 976
1790375493808 640
1790375495112 646
1790375496428 639
1790375497733 635
1790375499069 966
1790375500688 642
1790375501975 988
1790375504843 654
1790375507491 631
1790375508808 967
1790375510463 643
1790375511775 624
1790375513059 637
1790375515035 636
1790375516357 968
1790375517962 631
1790375519253 636
1790375520551 633
1790375531151 971
1790375532776 636
1790375534730 648
1790375536072 640
1790375545394 983
1790375547037 638
1790375548320 633
1790375549626 628
1790375550929 632
1790375552243 644
1790375554277 952
1790375557271 625
1790375558610 637
1790375560551 646
1790375561870 972
1790375563487 639
1790375565395 628
1790375566636 630
1790375567802 635
1790375568957 970
1790375570522 636
1790375572955 644
1790375574906 646
1790375576878 986
1790375578526 639
1790375579839 640
1790375581143 627
1790375582354 629
1790375583559 635
1790375584236 981
1790375585670 650
1790375586362 639
1790375587540 636
1790375588645 638
1790375589325 968
1790375590338 634
1790375591444 638
1790375593417 638
1790375594738 630
1790375598634 1002
1790375602288 642
1790375603607 641
1790375604930 655
1790375606191 987
1790375607834 623
1790375609125 636
1790375610396 642
1790375611577 641
1790375612262 638
1790375613432 981
1790375615044 645
1790375616365 632
1790375619648 629
1790375630902 976
1790375632542 619
1790375633837 637
1790375637186 638
1790375638481 981
1790375640121 643
1790375641422 646
1790375642694 653
1790375643985 639
1790375645218 642
1790375646254 983
1790375647728 640
1790375648925 631
1790375650234 648
1790375651549 635
1790375652786 620
1790375654029 985
1790375655599 650
1790375656803 633
1790375657958 637
1790375660005 633
1790375661132 971
1790375662514 627
1790375663511 624
1790375664483 639
1790375665156 626
1790375666126 979
1790375667141 634
1790375667814 631
1790375668480 637
1790375669796 980
1790375670809 629
1790375671473 637
1790375672144 636
1790375672815 629
1790375673783 644
1790375674464 989
1790375675488 629
1790375676153 645
1790375677142 638
1790375678118 631
1790375679094 637
1790375680071 645
1790375681060 640
1790375682045 985
1790375683368 625
1790375684337 648
1790375685327 637
1790375686303 632
1790375687277 637
1790375688896 644
1790375689892 993
1790375691442 651
1790375698666 985
1790375703462 642
1790375704840 642
1790375727271 977
1790375728933 630
1790375730240 638
1790375731570 631
1790375732892 632
1790375734878 978
1790375736568 635
1790375737869 620
1790375739158 635
1790375740470 639
1790375742441 994
1790375744766 643
1790375746056 983
1790375748890 640
1790375750222 632
1790375751551 642
1790375752871 632
1790375754213 981
1790375755866 641
1790375757178 643
1790375758479 629
1790375759806 631
1790375761120 990
1790375762782 644
1790375764097 631
1790375765378 633
1790375766640 636
1790375767803 631
1790375768958 973
1790375770463 642
1790375771765 631
1790375773070 639
1790375774371 646
1790375775670 653
1790375776969 987
1790375778625 647
1790375779929 637
1790375781197 645
1790375782485 633
1790375783745 645
1790375785023 1009
1790375786657 647
1790375787354 634
1790375789062 645
1790375790162 638
1790375791194 986
1790375792545 643
1790375793559 635
1790375794543 640
1790375795823 643
1790375806611 987
1790375808164 637
1790375808850 637
1790375810064 632
1790375821526 978
1790375831822 1003
1790375833460 641
1790375834680 630
1790375835769 647
1790375838325 629
1790375845668 990
1790375847273 625
1790375848544 648
1790375849740 633
1790375850916 634
1790375852005 630
1790375853085 994
1790375854575 633
1790375855695 651
1790375856951 633
1790375859460 988
1790375861061 648
1790375862344 649
1790375863640 646
1790375864940 647
1790375866169 639
1790375867424 986
1790375869025 646
1790375869724 630
1790375870967 633
1790375872211 626
1790375872891 641
1790375874130 1000
1790375875764 655
1790375877418 637
1790375878638 628
1790375879931 649
1790375881239 641
1790375882528 994
1790375884179 645
1790375885458 647
1790375886733 645
1790375887963 634
1790375889146 641
1790375890275 1000
1790375891769 635
1790375892852 637
1790375893933 639
1790375894940 624
1790375895928 643
1790375896920 632
1790375897919 972
1790375899241 650
1790375900241 640
1790375901224 645
1790375902217 632
1790375903202 629
1790375904178 646
1790375905174 996
1790375906205 649
1790375907215 652
1790375908210 635
1790375909193 647
1790375910189 645
1790375911185 631
1790375911853 641
1790375912837 1010
1790375913884 635
1790375914556 645
1790375915546 648
1790375916541 635
1790375918144 993
1790375919483 636
1790375920159 652
1790375921151 655
1790375922154 638
1790375923138 994
1790375924476 659
1790375925479 632
1790375926457 648
1790375928076 633
1790375929057 993
1790375930396 636
1790375931378 645
1790375932369 645
1790375933362 634
1790375934340 997
1790375935683 641
1790375936369 652
1790375937061 651
1790375938725 659
1790375939760 662
1790375940773 641
1790375941774 1013
1790375943148 654
1790375944158 653
1790375945164 655
1790375946173 635
1790375947171 633
1790375948155 640
1790375949140 985
1790375950473 650
1790375951478 634
1790375952481 653
1790375953486 643
1790375954484 636
1790375955475 636
1790375956464 1016
1790375957842 641
1790375958840 631
1790375959825 642
1790375960818 633
1790375961809 655
1790375962821 653
1790375963833 1033
1790375965217 652
1790375966229 647
1790375967234 638
1790375968222 649
1790375969225 649
1790375970235 638
1790375971222 640
1790375972208 1022
1790375973580 660
1790375976452 671
1790375977504 677
1790375978556 683
1790375979603 1054
1790375981115 1060
1790375983358 671
1790375984777 676
1790375989343 1066
1790375990852 688
1790375991578 692
1790375992306 697
1790375993044 684
1790375993763 1066
1790375995199 688
1790375995926 684
1790375997045 1088
1790375999372 700
1790376001319 697
1790376003277 708
1790376004483 699
1790376007218 1095
1790376008351 708
1790376009097 707
1790376009843 708
1790376010587 705
1790376011328 695
1790376012066 711
1790376013156 700
1790376013895 711
1790376014644 1107
1790376015797 707
1790376016541 709
1790376017676 1125
1790376020012 1139
1790376021564 725
1790376023079 1152
1790376024660 719
1790376025804 1138
1790376027360 717
1790376028837 719
1790376029593 731
1790376030359 1125
1790376031867 719
1790376032969 720
1790376033728 725
1790376034913 1134
1790376036510 719
1790376037681 718
1790376038858 723
1790376040048 709
1790376041228 717
1790376042416 720
1790376050607 1140
1790376058313 718
1790376059501 1123
1790376061110 732
1790376062317 720
1790376078697 1134
1790376080308 735
1790376081519 728
1790376082718 726
1790376086213 741
1790376100345 1112
1790376102569 749
1790376103701 729
1790376105200 734
1790376105969 1131
1790376107490 722
1790376108250 726
1790376109012 724
1790376109771 740
1790376110546 719
1790376111301 720
1790376112777 1140
1790376113954 726
1790376114715 733
1790376115483 725
1790376116244 728
1790376117008 737
1790376117782 728
1790376118550 737
1790376119677 1155
1790376121223 740
1790376122002 734
1790376123196 1152
1790376150197 1219
1790376151846 793
1790376153072 811
1790376154312 807
1790376155545 806
1790376156779 812
1790376158020 806
1790376159253 1236
1790376213038 1389
1790376214922 1380
1790376217246 905
1790376218631 922
1790376219597 905
1790376220546 1354
1790376222439 887
1790376238841 1369
1790376261857 1387
1790376263825 905
1790376265290 902
1790376266764 893
1790376268221 919
1790376269713 886
1790376271167 900
1790376272644 1352
1790376274560 908
1790376276041 915
1790376277521 916
1790376279004 908
1790376280481 918
1790376281972 1382
1790376283927 926
1790376285427 913
1790376286918 904
1790376288404 913
1790376289894 916
1790376291394 902
1790376292868 1360
1790376294805 915
1790376296298 920
1790376297797 913
1790376299273 890
1790376300676 915
1790376302074 891
1790376303442 1395
1790376305314 907
1790376306728 915
1790376308136 919
1790376309099 906
1790376310044 892
1790376311417 912
1790376313724 1381
1790376315146 915
1790376316546 915
1790376317941 923
1790376319346 918
1790376320302 1389
1790376322200 915
1790376323604 908
1790376325909 917
1790376327319 1401
1790376329209 911
1790376330606 919
1790376332009 903
1790376332949 917
1790376333902 934
1790376334874 905
1790376336263 900
1790376337200 1393
1790376338628 918
1790376339584 896
1790376340517 904
1790376341457 916
1790376342409 922
1790376344262 909
1790376345210 924
1790376346617 1389
1790376348559 925
1790376351254 1411
1790376353258 932
1790376354784 941
1790376882061 1601
1790376884788 1068
1790376885894 1071
1790376887630 1070
1790376892024 1098
1790378261841 2077
1790378264951 1413
1790378267494 1443
1790378276546 2162
1790378282021 1454
1790378284643 1485
1790378291828 2138
1790378301076 1472
1790378304894 1505
1790378310002 2151
1790378315522 1491
1790378318145 1480
1790378345894 2220
1790378349180 1493
1790378353951 1463
1790378357638 1494
1790378365745 2216
1790378369138 1488
1790378372843 1482
1790378375445 1479
1790378377874 1499
1790378380952 2226
1790378383980 1498
1790378385520 1497
1790378387822 1537
1790378389400 1496
1790378390937 1505
1790378392483 2188
1790378395471 1536
1790378397050 1499
1790378399371 1524
1790378404367 1474
1790378417670 2239
1790378423519 1500
1790378426195 1477
1790378443614 2239
1790378447985 1540
1790378451573 1537
1790378456246 1504
1790378458777 2175
1790378466216 1526
1790378483852 2187
1790378486919 1499
1790378489237 1507
1790378491575 1489
1790378493111 1493
1790378495456 2216
1790378498481 1533
1790378500855 1508
1790378503722 1507
1790378512038 2183
1790378516465 1512
1790378520410 1483
1790378525131 1509
1790378526685 2247
1790378528984 1481
1790378531677 1510
1790378552769 2217
1790378570471 2201
1790378582265 1539
1790378589384 2221
1790378593869 1533
1790378601131 1521
1790378607224 2184
1790378609452 1537
1790378611841 1514
1790378614956 1518
1790378616514 1509
1790378618065 2208
1790378621092 1540
1790378622672 1532
1790378624244 1527
1790378626577 1497
1790378628119 1494
1790378629656 2190
1790378632662 1522
1790378635008 1518
1790378638149 1530
1790378640502 1516
1790378643010 1517
1790378645698 2207
1790378649026 1495
1790378653962 1507
1790378661325 2234
1790378668392 1523
1790378688651 2261
1790378691982 1522
1790378695592 1514
1790378698184 1497
1790378711449 2199
1790378727325 2215
1790378730484 1545
1790378732085 1563
1790378734527 1515
1790378736083 1547
1790378737671 1535
1790378740057 2286
1790378743690 1546
1790378751070 1504
1790378757371 2218
1790378765606 1541
1790378769680 1497
1790378781725 2234
1790378789478 1535
1790378793065 1533
1790378795662 1525
1790378798283 2236
1790378801488 1563
1790378805043 1543
1790378807678 1576
1790378811235 1522
1790378813710 2234
1790378816903 1515
1790378825200 1519
1790378836914 2221
1790378840132 1555
1790378843670 1525
1790378846211 1534
1790378848766 1531
1790378851363 2278
1790378862477 1537
1790380655995 2904
1790380659991 2025
1790380665074 2007
1790380668124 2007
1790380671181 2911
1790380675141 2010
1790380677192 2021
1790380680295 2075
1790380684389 2017
1790380691516 2973
1790380696214 2030
1790380699525 2024
1790380701589 2053
1790380704729 2071
1790380707866 2019
1790380710963 3004
1790380716092 2093
1790380718226 2046
1790380721361 2044
1790380724551 2073
1790380727788 2037
1790380731893 2947
1790380741711 2100
1790380744928 2103
1790380747071 2118
1790380749229 2052
1790380752361 2953
1790380755355 2109
1790380758561 2070
1790380760670 2060
1790380763818 2063
1790380765923 2061
1790380769068 3020
1790380775272 2067
1790380778452 2105
1790380782574 2077
1790380786392 2093
1790380790209 2999
1790380796782 2063
1790380800123 2109
1790380802272 2096
1790380805492 2108
1790380808688 3006
1790380812814 2187
1790380815043 2120
1790380818289 2124
1790380821520 2144
1790380823703 2123
1790380826945 3036
1790380832194 2131
1790380835487 2167
1790380838807 2144
1790380842324 2130
1790380845849 3086
1790380850669 2111
1790380854486 2136
1790380858408 2160
1790380862498 2128
1790380866258 3084
1790380870474 2123
1790380872638 2176
1790380875935 2172
1790380879239 2120
1790380882475 2151
1790380885774 3103
1790380888919 2172
1790380892243 2164
1790380895544 2220
1790380898894 2141
1790380904425 2141
1790380907702 3178
1790380912108 2164
1790380915642 2192
1790380919073 2204
1790380923028 2212
1790380926994 2159
1790380931002 3116
1790380936153 2217
1790380940163 2222
1790380942427 2140
1790380945727 2167
1790380949035 2156
1790380952332 3096
1790380952332 173478 census
1790381134995 2789
1790381142915 1942
1790381167423 2897
1790381189469 2994
1790381215360 2964
1790381247180 3019
1790381264079 2084
1790381277679 2980
1790381310907 3053
1790381335573 2982
1790381348486 2024
1790381362682 3035
1790381397811 3045
1790381423436 2984
1790381439621 2085
1790381460064 3010
1790381493667 3047
1790381520675 3050
1790381533946 2045
1790381537113 2098
1790381539254 3008
1790381543445 2110
1790381545602 2097
1790381548859 2122
1790381553191 1976
1790381555213 2049
1790381558415 3075
1790381562606 2124
1790381567451 2139
1790381595249 2803
1790381608208 1983
1790381621809 2780
1790381639405 2118
1790381641567 2798
1790381645398 2050
1790381647494 2154
1790381651046 2154
1790381654286 1922
1790381657298 2164
1790381659504 3118
1790381663807 2159
1790381667123 2181
1790381672625 2139
1790381674808 2040
1790381677993 2170
1790381681296 2896
1790381685254 2208
1790381688677 2045
1790381691866 2206
1790381694126 2185
1790381697602 2212
1790381718281 3156
1790381735681 2054
1790381748968 3186
1790381768182 2168
1790381775886 3129
1790381779064 2202
1790381782517 2147
1790381785824 2193
1790381785824 157977 census
1790381954666 2842
1790381992926 3197
1790382015441 2838
1790382036985 3138
1790382063466 2825
1790382094258 3141
1790382121451 2786
1790382129783 1937
1790382189326 3200
1790382215313 3168
1790382230138 2212
1790382248217 3163
1790382261720 2018
1790382264829 2210
1790382268149 3108
1790382272428 2234
1790382274701 2038
1790382276786 2159
1790382280149 2043
1790382283300 2223
1790382285567 2266
1790382289093 3221
1790382293494 2239
1790382295777 2058
1790382298967 2078
1790382301088 2216
1790382303352 2298
1790382306898 2102
1790382324403 3245
1790382339374 2271
1790382380438 2952
1790382386641 2276
1790382388961 2111
1790382392173 2206
1790382395572 2285
1790382397911 2294
1790382400359 3285
1790382404868 2130
1790382408135 2294
1790382411578 2229
1790382415003 2299
1790382418494 2296
1790382420844 3288
1790382425368 2288
1790382427699 2355
1790382431312 2365
1790382451938 3034
1790382463839 2322
1790382474424 3306
1790382535652 3315
1790382554689 2360
1790382572678 3344
1790382642818 3389
1790382671664 3288
1790382693982 3333
1790382707908 2309
1790382730850 3031
1790382737557 2298
1790382741098 2164
1790382744382 2089
1790382746514 2255
1790382749980 3022
1790382749980 161880 census
1790382916105 3214
1790382920522 2309
1790382939559 3377
1790382957485 2412
1790382976205 3230
1790383000617 3472
1790383005329 2374
1790383007756 2288
1790383011255 2212
1790383014634 2222
1790383018010 2207
1790383020262 2215
1790383025962 3260
1790383030377 2289
1790383033886 2319
1790383037466 2354
1790383041026 2294
1790383044537 2373
1790383048159 3243
1790383052611 2299
1790383054954 2234
1790383058510 2422
1790383072509 3530
1790383085116 2349
1790383093875 3538
1790383104146 2365
1790391420944 5619
1790391426606 4039
1790391432715 4030
1790391436787 4060
1790391442915 4023
1790391456150 5634
