# timestamp_ms rss_kb
1790719756644 250552
1790719756943 258600
1790719757268 265992
1790719757787 272592
1790719758249 293752
1790719759410 301612
1790719759517 308604
1790719763260 328652
1790719763369 367628
1790719763637 375860
1790719763942 385404
1790719764489 401504
1790719765036 410188
1790719765117 424000
1790719765636 437856
1790719766005 466432
1790719766388 559168
1790719766667 655092
1790719768437 695824
1790719782922 735788
1790719783036 753004
1790719785269 773620
1790719785390 853904
1790719831922 911712
