# timestamp_ms rss_kb
1790295903801 30764
1790295903902 47536
1790295903979 64032
1790295904055 84852
1790295904133 173076
1790295904210 265356
1790295904289 280192
1790295904371 300748
1790295904492 321312
1790295904647 328936
1790295904847 336200
1790295904928 348448
1790295905135 358772
1790295905215 367904
1790295905366 376164
1790295905443 387360
1790295905521 448072
1790295905617 864860
1790295905711 1065000
1790295905812 1803888
1790295905920 2745332
1790295906024 2937392
1790295906124 3315188
1790295906236 3547428
1790295906343 3757832
1790295906459 3998840
1790295906576 4293196
1790295906709 4638212
1790295906856 4979008
1790295907003 5435692
1790295907183 5730308
1790295907411 6097244
1790295907687 6554688
1790295908025 7143188
1790295908372 7723812
1790295908826 8582960
1790295909353 9352556
1790295909845 9835940
1790295910366 10318944
1790295911010 10949896
1790295911601 11460096
1790295912226 12087436
1790295912894 12426912
1790295913603 13386064
1790295914390 14397500
1790295915251 15411456
1790295916173 16070840
1790295917309 16692756
1790295918301 17248248
1790295919313 17987996
1790295920385 18885500
1790295921535 19854516
1790295922729 20719572
1790295923987 21551972
1790295925582 23080288
1790295931679 23576540
1790295936034 24169524
1790295938695 24727744
1790295942210 25313828
1790295945434 26224904
1790295947248 29152640
1790295950263 29794960
1790295978205 30392020
1790296001396 31016712
1790296026790 31648656
1790296048405 32300892
1790296066557 32981528
1790296314347 33644392
1790296318861 34484176
1790296322163 35459480
1790296325154 36236384
1790296328552 37275892
1790296331921 38202720
1790296335308 39146152
1790296338705 40092432
1790296342083 41066208
1790296345797 42074100
1790296348906 43096352
1790296352854 44087404
1790296355983 45031744
1790296359675 46025304
1790296362772 46995040
1790296365833 47946716
1790296369919 49117332
1790296376393 50239096
1790296391114 51245240
1790296396819 52273288
1790296416488 53519808
1790296420902 54732748
1790296426688 55866036
1790296432757 57074932
1790296437848 58279252
1790296443844 59562364
1790296461383 60780700
1790296509575 62042156
1790296525550 63283848
1790296549753 64689444
1790296567013 65997176
1790296624669 67330772
1790296648229 68786772
1790296665451 70172644
1790296675285 71747780
1790296684002 73201656
1790296699099 75325208
1790296706351 76993732
1790296718812 78607568
1790296730268 80433920
1790296746244 82242080
1790296756527 84062656
1790296770823 85793000
1790296782681 87607444
1790296794266 89383128
1790296808051 91253448
1790296862949 93113224
1790296889495 94995336
1790296908740 96924496
1790296926096 98868048
1790296956263 101018572
1790296973479 103046424
1790296988879 105123204
1790297011800 107321036
1790297027326 109649856
1790297042376 111912308
1790297132280 114409140
1790297156717 116738840
1790297343784 119148264
1790297364194 121800596
1790297383950 124309192
1790297395485 127251952
1790297400112 129903536
1790297402668 132564308
1790297405218 135392928
1790297406991 138396504
1790297411336 141501496
1790297420375 144420364
1790297446996 149959352
1790297530873 156477604
1790297539871 159866896
1790297594725 163085608
1790297764521 166478240
1790297783685 170154328
1790297796171 174030236
1790297812188 177559356
1790297964584 183861676
1790298061215 187546612
1790298081112 191566696
1790298177749 195448312
1790298184647 200195360
1790298198207 204290036
1790298222699 213162824
1790298924057 217431756
1790299606612 222625404
1790300206398 227088860
1790300321002 231633468
1790300340915 236656884
1790300464137 241630168
1790300704285 246578836
1790300841934 251534720
1790302783073 256603140
1790302829651 261916104
1790302965250 267267632
1790303102359 272804044
1790303314764 278382344
1790303444438 284034956
1790303581328 289943976
1790303935108 295780656
1790304066344 301755980
1790311325612 308013608
1790311596724 314317680
1790311699254 316007452 (true peak, below trigger threshold; snapshot is in peaks/peak.smaps)
