1790295903801 30764 41
1790295903902 47536 21
1790295903979 64032 19
1790295904055 84852 21
1790295904133 173076 20
1790295904210 265356 19
1790295904289 280192 22
1790295904371 300748 22
1790295904492 321312 22
1790295904573 325152 22
1790295904647 328936 20
1790295904775 332388 20
1790295904847 336200 20
1790295904928 348448 21
1790295905061 354456 21
1790295905135 358772 20
1790295905215 367904 20
1790295905294 371820 20
1790295905366 376164 20
1790295905443 387360 21
1790295905521 448072 23
1790295905617 864860 23
1790295905711 1065000 22
1790295905812 1803888 25
1790295905920 2745332 26
1790295906024 2937392 25
1790295906124 3315188 27
1790295906236 3547428 28
1790295906343 3757832 29
1790295906459 3998840 29
1790295906576 4293196 32
1790295906709 4638212 34
1790295906856 4979008 37
1790295907003 5435692 40
1790295907183 5730308 46
1790295907411 6097244 51
1790295907687 6554688 57
1790295908025 7143188 65
1790295908372 7723812 72
1790295908826 8582960 83
1790295909353 9352556 92
1790295909845 9835940 97
1790295910366 10318944 103
1790295911010 10949896 110
1790295911601 11460096 115
1790295912226 12087436 123
1790295912894 12426912 126
1790295913603 13386064 140
1790295914390 14397500 153
1790295915251 15411456 165
1790295916173 16070840 173
1790295917309 16692756 182
1790295918301 17248248 183
1790295919313 17987996 191
1790295920385 18885500 210
1790295921535 19854516 218
1790295922729 20719572 222
1790295923987 21551972 239
1790295925582 23080288 260
1790295927299 23358112 264
1790295933130 23723180 263
1790295935152 24006792 262
1790295937223 24418824 258
1790295938695 24727744 268
1790295940746 25063672 259
1790295943387 25513864 269
1790295945434 26224904 260
1790295947248 29152640 275
1790295949076 29537812 268
1790295953270 29846000 275
1790295959060 30018752 276
1790295964851 30136872 273
1790295971222 30260924 273
1790295977039 30374556 269
1790295983066 30499800 266
1790295988839 30685684 269
1790295994532 30846660 267
1790296000223 30995756 268
1790296005666 31129632 277
1790296011460 31276084 273
1790296017222 31414164 273
1790296022936 31550236 267
1790296029110 31713524 267
1790296034826 31856324 274
1790296040584 31996928 272
1790296046316 32227972 270
1790296052626 32444704 273
1790296058703 32697040 275
1790296064453 32913768 275
1790296070810 33033456 276
1790296077211 33033700 276
1790296083188 33033720 265
1790296088502 33033776 267
1790296094157 33033868 263
1790296099842 33033976 273
1790296105656 33034052 273
1790296111279 33034128 266
1790296116871 33034196 269
1790296122478 33034268 265
1790296128161 33034340 269
1790296133867 33034416 274
1790296139598 33034492 267
1790296145215 33034564 271
1790296150839 33034640 275
1790296156465 33034716 267
1790296162078 33034780 269
1790296167749 33034828 272
1790296173453 33034880 273
1790296179074 33036548 266
1790296184694 33104728 270
1790296190315 33113636 273
1790296195937 33115472 270
1790296201584 33115540 266
1790296207201 33115612 271
1790296212762 33115688 273
1790296218367 33115756 264
1790296223880 33115824 268
1790296229483 33115892 271
1790296235144 33115964 272
1790296240888 33116028 275
1790296246640 33116092 271
1790296252378 33116140 274
1790296258126 33116184 273
1790296263856 33157708 276
1790296270540 33178224 274
1790296276598 33184388 275
1790296282371 33204400 276
1790296288113 33220244 274
1790296293824 33264232 273
1790296299553 33280024 273
1790296305296 33286228 274
1790296311020 33303408 269
1790296314347 33644392 278
1790296316761 34096144 275
1790296318861 34484176 274
1790296320614 34892768 278
1790296322163 35459480 275
1790296323946 35885536 277
1790296326686 36632984 284
1790296328552 37275892 283
1790296330353 37676652 281
1790296331921 38202720 285
1790296334391 38863728 281
1790296336826 39544452 284
1790296338705 40092432 287
1790296340235 40510524 286
1790296342083 41066208 284
1790296344554 41776216 288
1790296347334 42539000 292
1790296348906 43096352 283
1790296351617 43783116 289
1790296354402 44490932 292
1790296355983 45031744 294
1790296358459 45692284 285
1790296360926 46445212 290
1790296362772 46995040 285
1790296364907 47663048 284
1790296367093 48329620 298
1790296368980 48888336 290
1790296371477 49588132 294
1790296376393 50239096 291
1790296382037 50767904 300
1790296388061 51012540 298
1790296393636 51600328 306
1790296395867 52145960 300
1790296399290 52724072 297
1790296406039 52836952 298
1790296412748 52955896 298
1790296416488 53519808 302
1790296418699 54202884 291
1790296422153 54956792 301
1790296425083 55561440 303
1790296428574 56201464 302
1790296431508 56869568 308
1790296434654 57459572 302
1790296437848 58279252 309
1790296441169 59028528 314
1790296445983 59899480 315
1790296452625 60246476 315
1790296460030 60745796 317
1790296467574 61079100 319
1790296474932 61282660 313
1790296487641 61302756 313
1790296494594 61550260 313
1790296501298 61656120 315
1790296507981 61849360 318
1790296513855 62541032 317
1790296520354 63191252 321
1790296527841 63324984 321
1790296535254 63662088 317
1790296542376 63790136 316
1790296548188 64535692 321
1790296555802 64946452 317
1790296562220 65467836 314
1790296569512 66025992 321
1790296576183 66325340 321
1790296583046 66616508 321
1790296589599 66960968 320
1790296600774 66969256 318
1790296608702 66969340 317
1790296617308 66969844 315
1790296624669 67330772 318
1790296631667 67513212 321
1790296638118 67818848 322
1790296645573 68386980 317
1790296650601 69079924 323
1790296657176 69545272 321
1790296663840 70039424 327
1790296671339 70868140 325
1790296675285 71747780 322
1790296679410 72479860 331
1790296686286 73414932 329
1790296699099 75325208 328
1790296703399 76242424 330
1790296708076 77377392 332
1790296711563 78304228 334
1790296718812 78607568 335
1790296723915 79437644 338
1790296730268 80433920 336
1790296737973 81214860 335
1790296744725 82024788 337
1790296750392 82967900 333
1790296755010 83845328 335
1790296761990 84718660 332
1790296769250 85631040 338
1790296776205 86531220 335
1790296781083 87414720 339
1790296788374 88423512 340
1790296794266 89383128 336
1790296801592 90230264 344
1790296808051 91253448 343
1790296816010 91536752 344
1790296824147 91590952 347
1790296832359 91888520 343
1790296841757 92072840 344
1790296849929 92629896 341
1790296856782 92982152 342
1790296865477 93420424 345
1790296873542 94057352 338
1790296880373 94350216 343
1790296887857 94923656 343
1790296895883 95923080 343
1790296903265 96258896 345
1790296911213 97629008 338
1790296919288 98214736 341
1790296928547 99345232 342
1790296936724 99533648 345
1790296953562 100468116 348
1790296958245 101672992 341
1790296968069 102583152 349
1790296975588 103624504 349
1790296981468 104866572 353
1790296988879 105123204 351
1790296996724 105543532 352
1790297003874 106595320 356
1790297011800 107321036 349
1790297018864 108287164 353
1790297025900 109450692 349
1790297033095 110642600 353
1790297040795 111748192 354
1790297048368 112607744 358
1790297055930 113354052 359
1790297064030 113616448 357
1790297095834 113739440 358
1790297129269 113807024 354
1790297137472 114867092 352
1790297145053 115365880 359
1790297152788 116475504 362
1790297161136 116958708 356
1790297169294 117337092 360
1790297176591 117353592 356
1790297183858 117369888 356
1790297191125 117401336 363
1790297199388 117450612 357
1790297207394 117510064 358
1790297214713 117542280 361
1790297222024 117578752 364
1790297230300 117630400 361
1790297238267 117669028 362
1790297245560 117696456 364
1790297252886 117726472 365
1790297261151 117758888 366
1790297268511 117784092 369
1790297276821 117816284 361
1790297284194 117857724 365
1790297291512 117906664 367
1790297298932 117965584 365
1790297306317 118142264 368
1790297313771 118734804 369
1790297321207 118778284 362
1790297328687 118797560 368
1790297336702 118800244 367
1790297345126 119376760 372
1790297353310 119613480 373
1790297361765 120402680 368
1790297364194 121800596 374
1790297372067 122228200 379
1790297379057 123492096 376
1790297386696 124758264 379
1790297392685 126008580 381
1790297396861 128289104 392
1790297398987 129662440 396
1790297401532 132267720 400
1790297404097 135113568 402
1790297406991 138396504 393
1790297408790 139803108 406
1790297411336 141501496 405
1790297414912 143065064 398
1790297421766 144652820 398
1790297430139 145881884 414
1790297439107 145896740 409
1790297446996 149959352 416
1790297454391 151865912 418
1790297463277 152410576 411
1790297474270 152410700 413
1790297485829 152410888 412
1790297494641 152411008 414
1790297503089 152411128 421
1790297511725 152411256 420
1790297520532 152411376 417
1790297529323 152876344 420
1790297530873 156477604 419
1790297536108 158403024 421
1790297541316 160383520 425
1790297547325 162091564 427
1790297586210 162517452 476
1790297596936 163344324 475
1790297606888 164132932 469
1790297616800 164356456 482
1790297626733 164398004 473
1790297636556 164887436 487
1790297646601 164986012 487
1790297656563 165139996 477
1790297666234 165193524 478
1790297687820 165530908 501
1790297697980 165531928 499
1790297757709 165534528 501
1790297768836 166923188 503
1790297778406 168825188 506
1790297786044 170642864 511
1790297792801 173020888 508
1790297799098 174967260 510
1790297805918 176987312 510
1790297816996 177884668 519
1790297828818 178105632 517
1790297845998 178421388 519
1790297857710 178424392 510
1790297868395 178429092 519
1790297879132 178433980 516
1790297889932 178439136 523
1790297900722 178444272 511
1790297911509 178449196 515
1790297922211 178454028 507
1790297932912 178458608 520
1790297960708 179700600 519
1790297964584 183861676 516
1790297990709 184195304 523
1790298029660 184195336 517
1790298040351 184842256 527
1790298050944 186493556 537
1790298063238 187901568 539
1790298071941 189788892 538
1790298083647 192093984 547
1790298094914 193375992 547
1790298127164 193376344 550
1790298142947 193376352 538
1790298163729 193376360 544
1790298175107 195178680 551
1790298181431 198592560 550
1790298187302 202454756 556
1790298200709 204477352 553
1790298212182 205922220 564
1790298222699 213162824 565
1790298234165 213301068 570
1790298272100 213301132 567
1790298294142 213301232 564
1790298306612 213301772 572
1790298343552 213301812 570
1790298355819 213301852 563
1790298367958 213302100 569
1790298381733 213302176 566
1790298394468 213302280 567
1790298504264 213447760 580
1790298512947 215649040 580
1790298524747 216989888 587
1790298559215 217174528 579
1790298589745 217174592 584
1790298630138 217174600 577
1790298641976 217176220 576
1790298916946 217203844 592
1790298930053 217585900 593
1790298942024 217834652 589
1790298953988 218189964 591
1790299001235 218375400 584
1790299067379 218375408 591
1790299082429 218375444 591
1790299125228 218375452 595
1790299142465 218375460 584
1790299357343 218425396 587
1790299369583 218754036 602
1790299381832 219013068 597
1790299394003 219370432 589
1790299440840 219557864 595
1790299469671 219557908 596
1790299507489 219557912 588
1790299520441 219558072 600
1790299564810 219558232 598
1790299586280 219558240 598
1790299598719 219937696 595
1790299606612 222625404 593
1790299621189 222805076 596
1790299634516 222879152 597
1790299650080 222880764 605
1790299662710 222881300 597
1790299675694 222919560 597
1790299689086 222981936 598
1790299701081 222992732 613
1790299713396 223035292 601
1790299726497 223043952 597
1790299738888 223056652 600
1790299751666 223059540 599
1790299765672 223066484 596
1790299799164 223066488 595
1790299812707 223066540 600
1790299825687 223066580 591
1790299839475 223069336 603
1790299852340 223076108 607
1790299865792 223076756 604
1790299884457 223076768 605
1790300082459 223137208 630
1790300096188 224940316 619
1790300110239 224941752 623
1790300124901 224941756 621
1790300141220 224941916 625
1790300163712 224941976 622
1790300178434 224941996 623
1790300192221 224942032 621
1790300206398 227088860 623
1790300216697 229366468 636
1790300231934 229667772 646
1790300248471 229667784 633
1790300295658 229667788 642
1790300308814 229667856 639
1790300323514 232213400 649
1790300333049 234593620 659
1790300347119 236803128 684
1790300371550 236804088 670
1790300406211 236804348 663
1790300422073 236804364 670
1790300436104 236804420 666
1790300449914 238807624 682
1790300462081 241347036 695
1790300479537 242274964 693
1790300496605 242276512 690
1790300512659 242285564 699
1790300545101 242319520 696
1790300560075 242319544 690
1790300575390 242319856 694
1790300589992 244112040 696
1790300605111 244276032 694
1790300629939 244276036 694
1790300652122 244276044 689
1790300667868 244276060 687
1790300687362 244282216 705
1790300702254 246314348 688
1790300716049 248399524 699
1790300756376 248562300 694
1790300772733 248658564 697
1790300792513 248658576 711
1790300808343 248658696 700
1790300824434 248731060 698
1790300839100 251426884 703
1790300868809 251579840 699
1790300887979 251580132 697
1790300906598 251595496 701
1790300929640 251701928 709
1790300944672 252007000 715
1790300959534 252661924 711
1790300994552 252666024 704
1790301010410 252666220 717
1790301048402 252666316 697
1790301064067 252666564 701
1790301080969 252666784 698
1790301095174 252666916 701
1790301114836 252667656 706
1790301130468 252667920 708
1790301144755 252669656 700
1790302755215 253070620 855
1790302773119 255520532 854
1790302791391 257746428 883
1790302811839 260045536 892
1790302834325 262309720 891
1790302852166 263128544 903
1790302871953 263142916 895
1790302894905 263142976 895
1790302914604 263143036 901
1790302933903 263898968 895
1790302951881 265836368 909
1790302972001 267918072 906
1790302993635 268287592 915
1790303012129 268287644 908
1790303031897 268287684 918
1790303051964 268287728 925
1790303070588 269253480 911
1790303089829 271486704 914
1790303109991 273128660 926
1790303129247 273234948 934
1790303149489 273234980 923
1790303170063 273235020 928
1790303191953 273385652 934
1790303211708 275509056 951
1790303231602 277226576 954
1790303253231 277404668 963
1790303275785 277404696 945
1790303298577 277404728 952
1790303318806 278864516 953
1790303338798 280708740 962
1790303359223 282393972 964
1790303380874 282454436 963
1790303405852 282454476 990
1790303426751 282454496 975
1790303449528 284423836 975
1790303469880 286311228 978
1790303492369 287321684 980
1790303519253 287321708 987
1790303542706 287321736 1002
1790303563694 288423184 984
1790303586498 290440112 987
1790303822829 291065496 967
1790303844982 291164412 977
1790303865473 291164440 952
1790303888914 291164464 965
1790303908680 293063600 964
1790303928289 295210080 926
1790303947093 297056244 966
1790303977496 297363728 991
1790304013675 297363748 989
1790304034132 298704500 996
1790304056925 300982564 1011
1790304078771 302594832 964
1790304101191 302714784 1003
1790304122533 302714812 985
1790304151268 302715164 964
1790310942601 303454820 1482
1790311201805 305576420 1477
1790311235566 305942568 1490
1790311271575 305942592 1489
1790311301905 306449924 1469
1790311332604 308640312 1496
1790311367289 309372472 1496
1790311402673 309372484 1494
1790311434129 310120864 1504
1790311467476 312175588 1490
1790311500319 312894652 1534
1790311531457 313087560 1504
1790311577793 313233068 1503
1790311610617 315205384 1508
1790311641763 315937704 1518
1790311699254 316007452 1502
