1790716551069 61
1790716551370 56
1790716551629 58
1790716551828 59
1790716551923 31
1790716551990 34
1790716552060 34
1790716553053 61
1790716553741 57
1790716554095 66
1790716556240 70
1790716556381 71
1790716556517 44
1790716556604 41
1790716556688 42
1790716556775 41
1790716556859 72
1790716556974 43
1790716557060 42
1790716557145 43
1790716557232 42
1790716557319 43
1790716557408 77
1790716557549 41
1790716557634 45
1790716557721 45
1790716557811 46
1790716557902 44
1790716557990 42
1790716558077 74
1790716558220 43
1790716558308 42
1790716558397 43
1790716558544 145
1790716559745 68
1790716559858 37
1790716559952 66
1790716560486 77
1790716563859 79
1790716564009 78
1790716564157 82
1790716564307 79
1790716564449 75
1790716566106 73
1790716566244 76
1790716566383 72
1790716566632 72
1790716571141 78
