1787152844510 41
1787152844584 34
1787152844650 34
1787152844714 37
1787152844783 39
1787152844856 40
1787152844931 37
1787152845003 23
1787152845472 40
1787152850803 38
1787152850936 40
1787152851004 253
1787152851293 58
1787152851380 40
1787152851457 25
1787152851508 45
1787152851592 43
1787152851744 25
1787152851870 41
1787152852011 25
1787152852137 41
1787152852263 26
1787152852414 44
1787152852559 25
1787152852684 41
1787152852811 27
1787152852939 46
1787152853086 25
1787152853213 44
1787152853368 28
1787152853496 44
1787152853640 25
1787152853767 44
1787152853897 26
1787152854025 43
1787152854169 25
1787152854296 43
1787152854449 28
1787152854578 26
1787152854707 44
1787152854853 25
1787152854980 26
1787152855092 46
1787152855240 25
1787152855367 25
1787152855495 43
1787152855640 27
1787152855779 27
1787152855909 43
1787152856055 25
1787152856183 26
1787152856312 46
1787152856446 47
1787152856524 45
1787152856684 28
1787152856816 29
1787152856948 48
1787152857099 29
1787152857232 28
1787152857352 48
1787152857504 30
1787152857638 30
1787152857773 48
1787152857926 28
1787152858047 30
1787152858182 49
1787152858335 29
1787152858469 29
1787152858604 49
1787152858744 30
1787152858879 29
1787152859013 48
1787152859166 29
1787152859300 29
1787152859422 50
1787152859577 29
1787152859712 30
1787152859848 49
1787152860002 29
1787152860126 29
1787152860262 49
1787152860417 30
1787152860528 31
1787152860591 29
1787152860702 51
1787152860847 29
1787152860982 30
1787152861119 51
1787152861277 29
1787152861388 30
1787152861449 29
1787152861523 50
1787152861654 31
1787152861717 29
1787152861827 31
1787152861964 51
1787152862121 30
1787152862233 30
1787152862295 29
1787152862394 50
1787152862552 30
1787152862690 31
1787152862828 52
1787152862962 31
1787152863101 31
1787152863230 53
1787152863389 31
1787152863528 31
1787152863642 53
1787152863804 31
1787152863943 31
1787152864071 53
1787152864230 32
1787152864345 31
1787152864485 51
1787152864644 31
1787152864784 31
1787152864912 54
1787152865074 30
1787152865213 32
1787152865329 52
1787152865490 31
1787152865630 31
1787152865760 53
1787152865896 32
1787152865961 31
1787152866077 31
1787152866218 54
1787152866355 32
1787152866445 31
1787152866585 32
1787152866715 54
1787152866878 32
1787152866994 32
1787152867136 55
1787152867276 32
1787152867341 30
1787152867456 32
1787152867586 55
1787152867751 32
1787152867868 32
1787152868011 54
1787152868149 33
1787152868215 30
1787152868330 32
1787152868446 56
1787152868605 33
1787152868749 32
1787152868867 32
1787152869010 56
1787152869177 32
1787152869294 32
1787152869438 33
1787152869571 55
1787152869712 32
1787152869856 32
1787152870000 33
1787152870117 58
1787152870286 33
1787152870405 32
1787152870539 33
1787152870684 57
1787152870827 33
1787152870973 33
1787152871093 34
1787152871160 59
1787152871252 32
1787152871370 33
1787152871516 33
1787152871651 57
1787152871795 33
1787152871861 33
1787152871981 32
1787152872100 33
1787152872246 58
1787152872391 34
1787152872459 32
1787152872572 34
1787152872710 33
1787152872830 58
1787152873002 34
1787152873124 34
1787152873272 34
1787152873393 60
1787152873567 34
1787152873706 33
1787152873826 34
1787152873974 60
1787152874121 34
1787152874270 34
1787152874392 34
1787152874460 60
1787152874607 34
1787152874746 35
1787152874868 35
1787152875018 60
1787152875165 34
1787152875314 35
1787152875437 35
1787152875589 59
1787152875736 35
1787152875877 35
1787152875947 34
1787152876097 34
1787152876220 61
1787152876396 34
1787152876520 34
1787152876670 35
1787152876794 62
1787152876962 35
1787152877086 34
1787152877237 35
1787152877360 62
1787152877539 35
1787152877663 35
1787152877815 35
1787152877940 62
1787152878108 36
1787152878234 34
1787152878386 36
1787152878511 63
1787152878664 35
1787152878817 36
1787152878943 35
1787152879096 62
1787152879265 36
1787152879390 37
1787152879545 36
1787152879671 63
1787152879825 35
1787152879978 36
1787152880105 36
1787152880232 64
1787152880406 36
1787152880478 36
1787152880605 36
1787152880760 36
1787152880888 64
1787152881042 36
1787152881114 35
1787152881212 35
1787152881367 36
1787152881495 64
1787152881669 36
1787152881796 36
1787152881924 36
1787152881995 35
1787152882094 65
1787152882279 36
1787152882407 37
1787152882535 36
1787152882607 35
1787152882705 67
1787152882807 36
1787152882928 37
1787152883058 39
1787152883189 37
1787152883346 66
1787152883503 37
1787152883632 37
1787152883790 37
1787152883919 65
1787152884076 38
1787152884227 38
1787152884358 37
1787152884488 67
1787152884677 37
1787152884807 39
1787152884939 38
1787152885013 37
1787152885143 68
1787152885334 37
1787152885464 38
1787152885587 38
1787152885748 66
1787152885907 38
1787152886038 38
1787152886170 38
1787152886244 36
1787152886345 68
1787152886535 38
1787152886666 38
1787152886798 37
1787152886951 68
1787152887113 38
1787152887245 38
1787152887377 38
1787152887539 69
1787152887702 38
1787152887834 39
1787152887967 39
1787152888101 39
1787152888256 71
1787152888421 38
1787152888554 38
1787152888688 39
1787152888762 37
1787152888865 39
1787152889028 71
1787152889193 38
1787152889327 38
1787152889402 37
1787152889535 38
1787152889690 70
1787152889854 40
1787152889989 40
1787152890154 40
1787152890289 71
1787152890456 40
1787152890591 39
1787152890727 39
1787152890861 39
1787152890937 71
1787152891074 39
1787152891232 40
1787152891368 39
1787152891504 39
1787152891640 71
1787152891837 40
1787152891973 40
1787152892111 39
1787152892246 41
1787152892383 72
1787152892582 40
1787152892712 40
1787152892850 40
1787152892987 40
1787152893064 76
1787152893206 40
1787152893343 40
1787152893420 39
1787152893525 40
1787152893662 41
1787152893740 40
1787152893877 73
1787152894047 40
1787152894185 40
1787152894345 41
1787152894484 40
1787152894622 74
1787152894794 40
1787152894932 41
1787152895071 41
1787152895212 40
1787152895350 74
1787152895522 41
1787152895601 40
1787152895709 41
1787152895872 42
1787152896012 77
1787152896187 42
1787152896328 41
1787152896467 42
1787152896607 41
1787152896747 76
1787152896922 42
1787152897063 41
1787152897204 41
1787152897338 42
1787152897418 74
1787152897561 42
1787152897703 42
1787152897844 41
1787152897921 42
1787152898063 42
1787152898204 78
1787152898381 42
1787152898522 42
1787152898663 42
1787152898805 42
1787152898941 76
1787152899117 42
1787152899259 42
1787152899402 42
1787152899544 43
1787152899687 78
1787152899863 42
1787152900007 41
1787152900147 42
1787152900289 43
1787152900433 78
1787152900605 43
1787152900749 43
1787152900894 43
1787152901038 41
1787152901181 80
1787152901364 43
1787152901509 43
1787152901655 43
1787152901800 44
1787152901883 44
1787152901999 79
1787152902116 44
1787152902230 44
1787152902372 43
1787152902517 43
1787152902662 44
1787152902809 81
1787152902991 44
1787152903138 44
1787152903285 45
1787152903431 43
1787152903576 82
1787152903759 45
1787152903908 43
1787152904050 44
1787152904196 44
1787152904343 83
1787152904530 45
1787152904677 44
1787152904826 44
1787152904973 43
1787152905119 82
1787152905305 45
1787152905455 44
1787152905602 45
1787152905746 44
1787152905830 44
1787152905945 82
1787152906132 45
1787152906280 45
1787152906429 45
1787152906578 45
1787152906726 82
1787152906912 46
1787152907061 45
1787152907209 45
1787152907359 45
1787152907502 84
1787152907691 45
1787152907840 46
1787152907990 45
1787152908141 46
1787152908293 84
1787152908482 45
1787152908632 45
1787152908782 44
1787152908930 45
1787152909080 44
1787152909230 85
1787152909416 46
1787152909569 46
1787152909656 45
1787152909773 44
1787152909924 45
1787152910074 86
1787152910265 46
1787152910417 49
1787152910574 47
1787152910728 47
1787152910881 87
1787152911075 47
1787152911229 47
1787152911380 48
1787152911535 47
1787152911689 88
1787152911884 48
1787152912039 47
1787152912194 47
1787152912348 48
1787152912503 88
1787152912697 48
1787152912852 48
1787152913006 47
1787152913160 47
1787152913311 90
1787152913441 46
1787152913560 48
1787152913715 47
1787152913870 47
1787152914025 47
1787152914180 84
1787152914371 48
1787152914527 48
1787152914684 47
1787152914839 47
1787152914994 91
1787152915192 48
1787152915344 46
1787152915498 47
1787152915653 47
1787152915808 48
1787152915965 90
1787152916163 48
1787152916320 49
1787152916477 51
1787152916636 49
1787152916794 92
1787152916994 48
1787152917084 47
1787152917206 49
1787152917365 48
1787152917520 49
1787152917678 91
1787152917878 49
1787152918036 48
1787152918194 49
1787152918352 49
1787152918510 94
1787152918713 49
1787152918871 49
1787152919029 49
1787152919187 49
1787152919344 49
1787152919502 93
1787152919703 50
1787152919863 49
1787152920021 49
1787152920181 48
1787152920340 49
1787152920500 94
1787152920635 49
1787152920760 49
1787152920920 49
1787152921080 49
1787152921239 50
1787152921400 94
1787152921604 49
1787152921764 50
1787152921922 49
1787152922083 49
1787152922243 50
1787152922404 95
1787152922609 50
1787152922771 50
1787152922931 50
1787152923093 49
1787152923252 50
1787152923415 96
1787152923623 50
1787152923786 50
1787152923948 50
1787152924108 51
1787152924271 50
1787152924433 96
1787152924641 51
1787152924804 52
1787152924968 51
1787152925131 52
1787152925295 51
1787152925458 97
1787152925667 51
1787152925829 52
1787152925993 51
1787152926158 51
1787152926320 51
1787152926483 98
1787152926693 51
1787152926857 51
1787152927021 51
1787152927187 51
1787152927352 51
1787152927515 99
1787152927728 51
1787152927892 51
1787152928042 52
1787152928207 52
1787152928373 52
1787152928538 100
1787152928752 52
1787152928916 52
1787152929068 52
1787152929234 52
1787152929399 52
1787152929565 99
1787152929778 52
1787152929946 52
1787152930077 53
1787152930244 54
1787152930410 53
1787152930576 102
1787152930792 54
1787152930962 54
1787152931131 53
1787152931262 53
1787152931430 53
1787152931599 100
1787152931814 53
1787152931981 54
1787152932150 53
1787152932282 54
1787152932451 54
1787152932621 101
1787152932838 54
1787152932972 51
1787152933139 54
1787152933309 54
1787152933479 54
1787152933613 104
1787152933832 55
1787152934003 54
1787152934136 54
1787152934306 54
1787152934477 53
1787152934610 104
1787152934831 55
1787152935003 55
1787152935138 54
1787152935235 52
1787152935367 54
1787152935537 55
1787152935673 106
1787152935896 55
1787152936067 55
1787152936202 52
1787152936371 54
1787152936541 53
1787152936676 106
1787152936899 54
1787152937071 55
1787152937206 52
1787152937375 55
1787152937548 54
1787152937684 55
1787152937856 108
1787152938083 55
1787152938219 53
1787152938392 55
1787152938565 55
1787152938702 53
1787152938874 55
1787152939011 108
1787152939201 55
1787152939300 53
1787152939435 54
1787152939607 55
1787152939743 54
1787152939915 55
1787152940052 109
1787152940279 56
1787152940417 53
1787152940589 55
1787152940726 56
1787152940904 51
1787152941076 55
1787152941214 109
1787152941441 54
1787152941577 57
1787152941754 56
1787152941893 55
1787152942065 56
1787152942205 54
1787152942380 111
1787152942610 57
1787152942750 54
1787152942924 57
1787152943064 54
1787152943163 54
1787152943300 55
1787152943438 114
1787152943673 56
1787152943813 55
1787152943913 54
1787152944049 54
1787152944189 55
1787152944365 57
1787152944507 55
1787152944683 111
1787152944878 57
1787152945054 58
1787152945233 58
1787152945376 55
1787152945553 59
1787152945695 56
1787152945796 114
1787152945995 58
1787152946137 56
1787152946238 56
1787152946378 56
1787152946518 56
1787152946695 59
1787152946837 56
1787152946980 113
1787152947139 56
1787152947316 58
1787152947458 56
1787152947636 58
1787152947778 57
1787152947956 58
1787152948099 117
1787152948339 57
1787152948482 57
1787152948660 58
1787152948804 56
1787152948905 56
1787152949044 56
1787152949184 56
1787152949365 117
1787152949567 56
1787152949746 58
1787152949888 58
1787152949991 59
1787152950134 58
1787152950276 58
1787152950458 58
1787152950640 108
1787152950831 52
1787152950965 54
1787152951063 59
1787152951206 57
1787152951349 57
1787152951530 58
1787152951674 57
1787152951854 117
1787152952094 60
1787152952240 58
1787152952383 59
1787152952565 60
1787152952710 59
1787152952896 56
1787152953038 117
1787152953203 57
1787152953346 59
1787152953492 58
1787152953673 60
1787152953819 57
1787152954001 61
1787152954147 58
1787152954251 119
1787152954456 57
1787152954600 58
1787152954782 60
1787152954928 60
1787152955114 60
1787152955298 60
1787152955444 117
1787152955648 60
1787152955833 60
1787152955985 59
1787152956169 61
1787152956317 58
1787152956501 61
1787152956649 120
1787152956895 61
1787152957003 104
1787152957182 44
1787152957273 43
1787152957363 72
1787152957582 75
1787152958293 148
1787152959506 94
1787152963138 159
1787152985107 131
1787152985288 65
1787152985403 63
1787152985516 63
1787152985608 62
1787152985720 62
1787152985832 128
1787152986010 62
1787152986123 65
1787152987421 128
1787152989209 128
1787152991283 129
1787152991462 64
1787152991625 63
1787152991738 62
1787152991851 63
1787152991965 63
1787152992078 63
1787152992193 128
1787152992350 63
1787152992464 63
1787152992577 64
1787152992670 132
1787152992883 136
1787152993549 140
1787152993796 140
1787152994388 70
1787152994487 69
1787152994609 70
1787152994732 73
1787152994859 129
1787152995039 67
1787152995211 139
1787152995403 80
1787152995536 66
1787152995653 65
1787152995769 130
1787152995951 67
1787152996070 66
1787152996188 67
1787152996309 66
1787152996406 68
1787152996525 67
1787152996644 139
1787152996834 67
1787152996952 66
1787152997071 66
1787152997188 66
1787152997306 66
1787152997423 66
1787152997542 66
1787152997660 68
1787152997780 67
1787152997899 68
1787152998020 68
1787152998145 137
1787152998335 66
1787152998455 66
1787152998575 68
1787153002160 138
1787153002353 141
1787153002551 70
1787153002675 67
1787153002795 66
1787153002916 66
1787153003035 67
1787153003158 67
1787153019796 139
1787153034534 139
1787153035150 67
1787153035269 67
1787153323810 144
1787153362070 143
1787153434972 142
1787154848738 154
1787156467255 131
