# timestamp_ms rss_kb
1790759822723 13588168
1790759823469 14841544
1790759824368 16932552
1790759825272 19031752
1790759826169 21124808
1790759827072 23224008
1790759827961 25333448
1790759828824 27436744
1790759829629 29531848
1790759830424 31626952
1790759831228 33732296
1790759832041 35825352
1790759832850 37918408
1790759833661 40015560
1790759834470 42122952
1790759835267 44226248
1790759836062 46317256
1790759836874 48424648
1790759837683 50521800
1790759838494 52621000
1790759839312 54724296
1790759844455 55883452
1790759865056 57009620
1790759908453 57915956 (true peak, below trigger threshold; snapshot is in peaks/peak.smaps)
