1790759822723 13588168 119
1790759823469 14841544 117
1790759824368 16932552 118
1790759825272 19031752 119
1790759826169 21124808 118
1790759827072 23224008 119
1790759827961 25333448 121
1790759828824 27436744 121
1790759829629 29531848 123
1790759830424 31626952 123
1790759831228 33732296 123
1790759832041 35825352 119
1790759832850 37918408 122
1790759833661 40015560 120
1790759834470 42122952 122
1790759835267 44226248 124
1790759836062 46317256 125
1790759836874 48424648 125
1790759837683 50521800 126
1790759838494 52621000 127
1790759839312 54724296 122
1790759843228 55144412 120
1790759844155 55726604 121
1790759845104 56354216 130
1790759847763 56553404 134
1790759850523 56638032 144
1790759857887 56902356 142
1790759865056 57009620 148
1790759879462 57201984 151
1790759882667 57365036 149
1790759886832 57371780 148
1790759893424 57429124 152
1790759900086 57488516 155
1790759906714 57545860 153
