# timestamp_ms rss_kb
1790235473677 55488
1790235473782 105376
1790235473866 153964
1790235473950 204560
1790235474035 224192
1790235474121 267992
1790235474209 287580
1790235474352 316880
1790235474475 342888
1790235474595 370052
1790235474710 399292
1790235474828 428964
1790235474945 464432
1790235475066 489040
1790235475186 516408
1790235475305 543548
1790235475426 579228
1790235475547 602888
1790235475665 624624
1790235475786 651936
1790235475912 679760
1790235476037 707808
1790235476162 741192
1790235476285 769536
1790235476408 796392
1790235476535 824072
1790235476662 850168
1790235476787 876868
1790235476911 907016
1790235477029 933524
1790235477150 987268
1790235477273 1041176
1790235477400 1106412
1790235477532 1161956
1790235477664 1227736
1790235477793 1288056
1790235477923 1345724
1790235478057 1409676
1790235478191 1466704
1790235478346 1533660
1790235478482 1590280
1790235478619 1654712
1790235478753 1707200
1790235478890 1774640
1790235479028 1834284
1790235479166 1900132
1790235479305 1963816
1790235479444 2031736
1790235479586 2095516
1790235479731 2165044
1790235479872 2226780
1790235480015 2292228
1790235480158 2355132
1790235480303 2418852
1790235480445 2487796
1790235480590 2551704
1790235480735 2617424
1790235480881 2682772
1790235481026 2748100
1790235481170 2809696
1790235481319 2875452
1790235481464 2937100
1790235481612 3005024
1790235481759 3073840
1790235481908 3140208
1790235482057 3207580
1790235482207 3277448
1790235482359 3344300
1790235482650 3459432
1790235482926 3572500
1790235483202 3697496
1790235483500 3775480
1790235483745 3863776
1790235484184 3974948
1790235484761 4085612
1790235485196 4196240
1790235485702 4306860
1790235486129 4417508
1790235486669 4528140
1790235487189 4638760
1790235487613 4749372
1790235488095 4859984
1790235488521 4970600
1790235489032 5081212
1790235489502 5193656
1790235490097 5304300
1790235490586 5414908
1790235491094 5525540
1790235491548 5636148
1790235492175 5783652
1790235492856 5931148
1790235493535 6078648
1790235494242 6226148
1790235494912 6369376
1790235495686 6521660
1790235496404 6669164
1790235497094 6816664
1790235497722 6964144
1790235498409 7111620
1790235499090 7259096
1790235499782 7406580
1790235500620 7590928
1790235501458 7775344
1790235502202 7959732
1790235503012 8137980
1790235503874 8314164
1790235504653 8512800
1790235505571 8697176
1790235506380 8881532
1790235507113 9066668
1790235508045 9251072
1790235509135 9472324
1790235510199 9693572
1790235511305 9914816
1790235512331 10136044
1790235513319 10357264
1790235514233 10578544
1790235515369 10799788
1790235516303 11021040
1790235517272 11242256
1790235518396 11500344
1790235519470 11758492
1790235520668 12008860
1790235521926 12274700
1790235523111 12532788
1790235524227 12790872
1790235525291 13050032
1790235526667 13345060
1790235527959 13640076
1790235529208 13927500
1790235530521 14229724
1790235531909 14525024
1790235533198 14820012
1790235534625 15151840
1790235536048 15483664
1790235537505 15815528
1790235538916 16147388
1790235540228 16479272
1790235541658 16811104
1790235543263 17179836
1790235544982 17548576
1790235546607 17917312
1790235548320 18287332
1790235549939 18656040
1790235551677 19061664
1790235553437 19467280
1790235555273 19872852
1790235556998 20278484
1790235558906 20684060
1790235560929 21126516
1790235563176 21569004
1790235615408 22016860
1790235617885 22481320
1790235619898 22960624
1790235622244 23439940
1790235624644 23919248
1790235626872 24398552
1790235629315 24914724
1790235631737 25430892
1790235634201 25947052
1790235636870 26500112
1790235639490 27053156
1790235642221 27606192
1790235644875 28159236
1790235647916 28749156
1790235651092 29339064
1790235654429 29928980
1790235657455 30556004
1790235660894 31182780
1790235664007 31809564
1790235667241 32473204
1790235670658 33137112
1790235674026 33800772
1790235677468 34501308
1790235680992 35201820
1790235684552 35939208
1790235731776 36679408
1790235735325 37416792
1790235739187 38191308
1790235742892 38965556
1790235747004 39776932
1790235751193 40588316
1790235755513 41436320
1790235829265 42533052
1790235830077 43657200
1790235830787 44778664
1790235832310 46371572
1790235833660 47641896
1790235834632 48996168
1790235835978 50124640
1790235836983 51136300
1790235838834 52254948
1790235839839 53402204
1790235841359 54692588
1790235842702 55839596
1790235843664 57023532
1790235845289 58420364
1790235846363 59603216
1790235848081 61036976
1790235849382 62470736
1790235851163 63904240
1790235852497 65338260
1790235854325 66843708
1790235856171 68309084
1790235857571 69782924
1790235859503 71216684
1790235860939 72686288
1790235862878 74229136
1790235864271 75808496
1790235866275 77346012
1790235871556 78894204
1790236253485 80542900
1790236490821 82279072
1790236494274 83969076
1790236497719 85675476
1790236518651 87598240
1790236522353 89366936
1790236531060 91157164
1790237309472 93046732
1790245723510 94942308
1790253309815 97089656
1790253322286 99060120
1790253335757 101083220
