1790706043924 61
1790706044088 27
1790706044166 51
1790706044246 48
1790706045085 53
1790706045168 26
1790706045225 27
1790706045280 26
1790706046092 50
1790706046170 52
1790706046258 52
1790706046346 55
1790706046499 49
1790706046647 53
1790706046736 54
1790706046826 31
1790706047096 29
1790706047237 55
1790706047571 29
1790706047650 26
1790706047706 52
1790706047799 52
1790706047909 55
1790706048089 28
1790706048384 30
1790706048445 53
1790706048530 29
1790706048589 32
1790706048652 53
1790706048745 29
1790706048807 54
1790706048902 30
1790706048964 31
1790706049027 55
1790706049117 53
1790706049214 58
1790706049316 54
1790706049414 57
1790706049514 57
1790706049958 28
1790706050103 57
1790706050749 53
1790706050838 55
1790706050937 57
1790706051039 56
1790706051139 56
1790706051638 57
1790706051727 31
1790706051791 29
1790706051853 32
1790706051916 30
1790706051987 34
1790706052054 56
1790706052144 29
1790706052205 30
1790706052270 32
1790706052335 29
1790706052397 55
1790706052494 32
1790706052581 31
1790706052647 33
1790706052735 31
1790706052865 31
1790706052951 56
1790706053040 32
1790706053126 30
1790706053535 55
1790706053645 29
1790706053709 59
1790706053809 60
1790706053913 58
1790706054016 55
1790706054127 33
1790706054193 57
1790706054295 28
1790706054357 61
1790706054462 30
1790706054528 61
1790706054625 33
1790706054763 58
1790706054863 61
1790706055028 34
1790706055097 57
1790706055199 34
1790706056164 64
1790706058174 54
1790706059865 65
1790706063092 63
1790706063188 30
1790706065174 63
1790706066368 61
1790706068177 61
1790706069592 62
1790706069687 32
1790706071170 58
1790706071573 31
1790706071639 60
1790706071746 60
1790706071901 34
1790706071972 33
1790706072040 33
1790706073233 61
1790706073666 34
1790706073736 33
1790706073968 59
1790706074154 30
1790706074244 31
1790706074361 32
1790706074429 33
1790706074520 31
1790706074586 66
1790706076710 65
1790706078818 64
1790706081567 60
1790706081731 30
1790706083909 65
1790706084010 32
1790706088555 64
1790706132847 68
1790706132952 63
1790706133298 62
1790706133412 64
1790706133526 62
1790706133639 62
1790706134086 64
1790706134271 34
1790706134343 62
1790706134457 64
1790706134708 34
1790706134780 33
1790706134848 32
1790706135037 32
1790706135176 61
1790706135298 32
1790706135608 36
1790706246414 64
1790706246528 63
1790706246868 32
1790706246939 33
1790706247280 67
1790706356930 65
1790706357034 36
1790706469134 67
1790706691669 69
1790706802060 64
1790706913318 68
1790707024769 65
1790707134213 65
1790707244929 68
