1785393768929 13427508 121
1785393769780 14838580 118
1785393770693 16927540 118
1785393771616 19020596 119
1785393772537 21127988 119
1785393773451 23218996 118
1785393774355 25318196 121
1785393775233 27427636 122
1785393776041 29522740 121
1785393776847 31615796 122
1785393777670 33710900 122
1785393778473 35808052 123
1785393779277 37911348 123
1785393780091 40014644 120
1785393780888 42105652 125
1785393781699 44200756 122
1785393782523 46304052 122
1785393783346 48407348 122
1785393784152 50496308 126
1785393784982 52593460 123
1785393785781 54698804 126
1785393789669 55101976 129
1785393790467 55664184 129
1785393791750 56261564 130
1785393796492 56630352 144
1785393799525 56894116 139
1785393804710 56894508 140
1785393835091 56894512 152
