1785370101664 40
1785370102585 38
1785370102658 42
1785370102734 34
1785370102805 36
1785370102878 37
1785370102952 38
1785370103026 44
1785370103108 37
1785370103179 39
1785370103255 38
1785370103332 41
1785370103409 43
1785370103493 39
1785370103570 40
1785370103649 48
1785370103735 43
1785370103896 31
1785370103984 26
1785370104044 27
1785370104203 45
1785370104291 52
1785370104386 49
1785370104487 55
1785370104598 56
1785370104710 61
1785370104830 56
1785370104954 66
1785370105084 69
1785370105227 74
1785370105375 77
1785370105526 70
1785370105668 66
1785370105821 72
1785370105966 83
1785370106138 77
1785370106301 54
1785370106408 90
1785370106858 53
1785370107098 84
1785370107501 56
1785370107700 88
1785370107838 55
1785370107946 52
1785370108050 59
1785370108161 57
1785370108268 60
1785370108379 82
1785370108514 51
1785370108617 59
1785370108728 59
1785370112008 84
1785370112182 82
1785370112353 83
1785370112521 108
1785370112736 102
1785370112944 98
1785370113100 103
1785370113414 112
1785370114698 89
1785370115003 83
1785370115176 54
1785370121992 123
1785370122175 122
1785370122482 80
1785370122794 122
1785370123981 129
1785370124346 84
1785370124557 124
1785370131604 134
1785370131803 165
1785370132103 150
1785370132388 137
1785370132660 92
1785370132814 82
1785370132965 141
1785370134148 135
1785370134466 93
1785370134698 139
1785370150065 95
1785370150223 101
1785370150510 50
1785370150785 104
1785370151907 99
1785370152237 56
1785370152397 97
1785370153125 54
1785370153410 100
1785370153860 56
1785370154592 102
1785370159780 91
1785370160977 97
1785370161338 100
1785370162405 102
1785370162905 53
1785370163627 99
1785370169040 102
1785370170167 101
1785370170486 101
1785370171391 93
1785370171712 61
1785370177872 97
1785370179014 91
1785370179329 58
1785370179445 101
1785370180294 54
1785370187090 94
1785370188215 102
1785370188547 55
1785370188667 100
1785370189515 104
1785370190004 97
1785370190206 94
1785370215187 90
