1790723377697 57
1790723377824 29
1790723377889 56
1790723378000 58
1790723378124 57
1790723378235 58
1790723378330 89
1790723378482 58
1790723378608 42
1790723378699 60
1790723378823 39
1790723378903 59
1790723379002 32
1790723379074 34
1790723379149 33
1790723379225 61
1790723379349 61
1790723379476 59
1790723379627 45
1790723379714 60
1790723379837 62
1790723379987 63
1790723380117 64
1790723380254 62
1790723380375 66
1790723380510 64
1790723381060 64
1790723381189 65
1790723381346 72
1790723393050 94
1790723395063 90
1790723395808 86
1790723395993 79
1790723397292 90
1790723397477 41
1790723398148 85
1790723398367 67
1790723399831 96
1790723400087 42
1790723400542 84
1790723400717 90
1790723402124 77
1790723404386 81
1790723406615 78
1790723407282 49
1790723407421 95
1790723408967 78
1790723409608 48
1790723409752 108
1790723411301 106
