1790723377697 459640 25
1790723377889 493268 24
1790723378000 558420 26
1790723378124 613796 26
1790723378330 627984 25
1790723378482 676900 25
1790723378699 713708 26
1790723378903 722660 26
1790723379225 752832 27
1790723379349 768308 28
1790723379714 801644 26
1790723379837 830324 28
1790723379987 868212 28
1790723380117 899172 27
1790723380254 928000 27
1790723380375 995804 29
1790723380510 1199152 29
1790723381060 1234344 29
1790723381189 1324256 29
1790723381346 1455328 30
1790723393050 1464176 33
1790723395063 1493636 34
1790723395808 1495876 33
1790723397292 1537208 33
1790723398148 1539464 33
1790723399831 1555196 33
1790723400542 1557320 33
1790723402124 1573436 34
1790723404386 1619012 34
1790723406615 1620988 33
1790723407421 1627708 35
1790723408967 1657532 33
1790723409752 1664264 34
1790723411301 1666384 36
