1790759215920 63
1790759216084 27
1790759216161 49
1790759216238 53
1790759217074 50
1790759217175 28
1790759217233 27
1790759218069 50
1790759218148 51
1790759218237 50
1790759218325 54
1790759218419 30
1790759218479 53
1790759218571 53
1790759218664 52
1790759218756 52
1790759218846 32
1790759218908 50
1790759218988 53
1790759219082 54
1790759219178 28
1790759219238 52
1790759219330 53
1790759219423 54
1790759219517 53
1790759219613 55
1790759219708 52
1790759219802 30
1790759219865 54
1790759219960 53
1790759220054 28
1790759220115 51
1790759220208 56
1790759220306 31
1790759220370 53
1790759220465 54
1790759220560 52
1790759220653 58
1790759220751 55
1790759220847 55
1790759220939 58
1790759221036 54
1790759221132 30
1790759221195 30
1790759221257 55
1790759221355 54
1790759221451 57
1790759221540 55
1790759221637 60
1790759222062 30
1790759222335 56
1790759222488 28
1790759222549 57
1790759222642 32
1790759222709 58
1790759222812 29
1790759223027 31
1790759223094 30
1790759223158 32
1790759223247 58
1790759223361 60
1790759223472 60
1790759223567 32
1790759223637 32
1790759223706 64
1790759223819 32
1790759223890 33
1790759223961 65
1790759224063 35
1790759224136 33
1790759224219 65
1790759224322 33
1790759224393 64
1790759224493 34
1790759224562 33
1790759224663 62
1790759224762 33
1790759224833 33
1790759224906 64
1790759225020 33
1790759225091 32
1790759225179 64
1790759225280 31
1790759225363 66
1790759225468 32
1790759225537 34
1790759225611 68
1790759225717 32
1790759225799 65
1790759225903 37
1790759225979 33
1790759226049 66
1790759226155 34
1790759226240 71
1790759226349 31
1790759226420 31
1790759226488 66
1790759226594 31
1790759226678 69
1790759226783 31
1790759226853 33
1790759226926 73
1790759227048 35
1790759227121 34
1790759227195 68
1790759227300 36
1790759227375 77
1790759227518 84
1790759227697 103
1790759228142 214
1790759228717 102
1790759229077 107
1790759229438 105
1790759229766 102
1790759230086 104
1790759231293 206
1790759231712 212
1790759232218 108
1790759232557 207
1790759232975 108
1790759233290 211
1790759233857 220
1790759234449 225
1790759235044 229
1790759235627 233
1790759236211 235
1790759237205 111
1790759237550 110
1790759237885 110
1790759238234 235
1790759239423 109
1790759239776 237
1790759240533 112
1790759240875 109
1790759241217 111
1790759241598 109
1790759241932 112
1790759242279 236
1790759242744 110
1790759243129 113
1790759243511 111
1790759243854 106
1790759244191 110
1790759244881 234
1790759245343 112
1790759245682 110
1790759246064 111
1790759246447 113
1790759246785 108
1790759247277 113
1790759247760 236
1790759248223 114
1790759248568 110
1790759249007 118
1790759249344 110
1790759249685 109
1790759250020 110
1790759250451 230
1790759250902 113
1790759251251 109
1790759251589 110
1790759252328 111
1790759252661 112
1790759253006 238
1790759253464 109
1790759253847 112
1790759254189 112
1790759254866 110
1790759255409 108
1790759255782 243
1790759256261 114
1790759256654 113
1790759256985 107
1790759257367 106
1790759257706 111
1790759258169 111
1790759258798 237
1790759260199 109
1790759261200 110
1790759261535 233
1790759262285 112
1790759262667 245
1790759263268 242
1790759263876 114
1790759264339 240
1790759265543 113
1790759265882 112
1790759266228 249
1790759266842 245
1790759267430 250
1790759268351 114
1790759268711 114
1790759272744 249
1790759273241 113
1790759273830 116
1790759274196 116
1790759275131 109
1790759275651 246
1790759276755 114
1790759277526 116
1790759277920 110
1790759279293 242
1790759279770 113
1790759280104 112
1790759280487 112
1790759280828 115
1790759281444 110
1790759282345 243
1790759283679 114
1790759284025 118
1790759284425 113
1790759284761 112
1790759287523 244
1790759288226 114
1790759288621 110
1790759289008 118
1790759289412 108
1790759289808 112
1790759290298 242
1790759291572 110
1790759294713 242
1790759295188 110
1790759295996 112
1790759297808 246
1790759298284 112
1790759298636 113
1790759299186 111
1790759299538 108
1790759299892 117
1790759300257 116
1790759325693 245
1790759326190 112
1790759432270 247
1790759432771 114
1790759433157 115
1790759433633 117
1790759434189 115
