# timestamp_ms rss_kb
1785367954281 257788
1785367954826 264016
1785367955014 276492
1785367955328 283416
1785367955528 297588
1785367955600 341232
1785367955685 431788
1785367955778 484032
1785367955867 514456
1785367955958 539440
1785367956049 578104
1785367956142 597404
1785367956231 614916
1785367956325 635544
1785367956489 654752
1785367956585 671196
1785367956678 688856
1785367956851 710360
1785367956946 727540
1785367957042 743032
1785367957291 758820
1785367957474 777592
1785367957573 810060
1785367957683 863496
1785367957792 913868
1785367957905 955216
1785367958102 991136
1785367958213 1019888
1785367958324 1050184
1785367958438 1074852
1785367958551 1098056
1785367958674 1125420
1785367959157 1150424
1785367959246 1188428
1785367959420 1225684
1785367959592 1261640
1785367962126 1293040
1785367962221 1503100
1785367962313 1725356
1785367962440 1767776
1785367962537 1937760
1785367962633 2111840
1785367963011 2214448
1785367963107 2382384
1785367963197 2518532
1785367966629 2606720
1785367966807 2659260
1785367973928 2665120 (true peak, below trigger threshold; snapshot is in peaks/peak.smaps)
