# timestamp_ms rss_kb
1786770188215 513868
1786770188329 598064
1786770188442 633456
1786770188802 648756
1786770189086 668724
1786770189366 683260
1786770189828 700240
1786770190119 714632
1786770190513 733704
1786770191219 769188
1786770191743 791944
1786770192061 812052
1786770192392 830304
1786770192906 854312
1786770193265 872692
1786770193634 894484
1786770194213 914768
1786770194617 935120
1786770194979 954224
1786770195566 979996
1786770196184 1007656
1786770197521 1044096
1786770197657 1073856
1786770197790 1102764
1786770197922 1131264
1786770198057 1159088
1786770198189 1184232
1786770204053 1256636
1786770204190 1504244
1786770204339 2047344
1786770204592 2089372
1786770204741 2644372
1786770213262 2862524
