# timestamp_ms rss_kb
1785802576917 261464
1785802577213 266796
1785802577363 276360
1785802577702 283300
1785802577998 289408
1785802578068 298172
1785802578170 370612
1785802578275 460944
1785802578386 482432
1785802578490 516024
1785802578603 542944
1785802578713 576456
1785802578825 593548
1785802578935 614728
1785802579049 634360
1785802579253 662676
1785802579369 684644
1785802579580 700848
1785802579767 721712
1785802579883 740124
1785802580162 756724
1785802580351 780656
1785802580471 834180
1785802580602 890300
1785802580732 923564
1785802580863 959640
1785802580992 990368
1785802581125 1018756
1785802581262 1049048
1785802581401 1076364
1785802581541 1107588
1785802581914 1137228
1785802582198 1175616
1785802582648 1199568
1785802585771 1629524
1785802585898 1680148
1785802586026 1874708
1785802586148 1951556
1785802586893 2052972
1785802593611 2105776
1785802593879 2163120
1785802594105 2212072
1785802594300 2259176
1785802594565 2312424
1785802594795 2365672
1785802594934 2460880
