1785802576917 261464 20
1785802577073 264336 21
1785802577283 267616 20
1785802577363 276360 21
1785802577455 280240 19
1785802577702 283300 19
1785802577852 286564 22
1785802578068 298172 22
1785802578170 370612 22
1785802578275 460944 23
1785802578386 482432 23
1785802578490 516024 26
1785802578603 542944 25
1785802578713 576456 26
1785802578825 593548 24
1785802578935 614728 23
1785802579049 634360 24
1785802579159 646284 23
1785802579253 662676 25
1785802579369 684644 24
1785802579482 692660 26
1785802579580 700848 26
1785802579767 721712 24
1785802579883 740124 23
1785802579997 751988 24
1785802580251 764596 26
1785802580351 780656 24
1785802580471 834180 27
1785802580602 890300 27
1785802580732 923564 28
1785802580863 959640 28
1785802580992 990368 29
1785802581125 1018756 29
1785802581262 1049048 29
1785802581401 1076364 28
1785802581541 1107588 26
1785802581816 1121544 28
1785802581914 1137228 31
1785802582098 1150120 31
1785802582198 1175616 32
1785802582396 1189444 33
1785802585667 1206164 30
1785802585771 1629524 30
1785802585898 1680148 31
1785802586026 1874708 27
1785802586148 1951556 26
1785802586787 1965468 29
1785802586893 2052972 31
1785802593404 2060720 32
1785802593511 2091440 29
1785802593705 2128304 31
1785802593879 2163120 27
1785802594001 2191792 29
1785802594196 2240744 30
1785802594389 2283752 30
1785802594565 2312424 30
1785802594690 2341096 29
1785802594795 2365672 35
1785802594934 2460880 30
