1790616953326 29264 47
1790616953433 45940 18
1790616953525 68600 19
1790616953601 130284 22
1790616953682 218452 23
1790616953765 314496 21
1790616953844 318224 23
1790616953920 322372 21
1790616954003 327836 23
1790616954078 336224 22
1790616954206 343208 20
1790616954283 355276 20
1790616954412 361296 21
1790616954486 366864 22
1790616954571 374732 24
1790616954654 379648 21
1790616954728 384120 20
1790616954809 394188 17
1790616954886 398376 20
1790616954958 402796 18
1790616955035 413644 18
1790616955113 437972 21
1790616955200 712304 23
1790616955287 1082692 23
1790616955377 1239276 22
1790616955469 1484268 24
1790616955559 1640784 25
1790616955651 1681252 24
1790616955744 1746404 25
1790616955841 1840900 30
1790616955949 1873148 28
1790616956040 1903856 26
1790616956146 1978188 31
1790616956266 2050744 33
1790616956395 2106836 33
1790616956523 2188952 33
1790616956664 2268320 35
1790616956809 2338972 36
1790616956960 2451056 39
1790616957119 2601104 38
1790616957293 2731996 40
1790616957483 2892860 44
1790616957696 3026276 45
1790616957919 3204640 48
1790616958159 3351540 50
1790616958419 3531780 52
1790616958700 3748208 55
1790616958964 3940872 56
1790616959274 4207572 63
1790616959621 4429640 66
1790616959996 4690184 70
1790616960397 4985776 74
1790616960767 5170916 75
1790616961202 5456404 77
1790616961666 5821180 83
1790616962161 6126256 89
1790616962616 6425876 91
1790616963165 6824036 100
1790616963765 7276836 107
1790616964312 7596420 109
1790616964980 8062716 118
1790616965688 8568244 123
1790616966334 8900184 127
1790616966996 9190140 130
1790616967797 9755672 140
1790616968529 10195752 143
1790616969440 10870892 153
1790616970265 11459124 158
1790616971121 11880160 162
1790616971986 12361784 167
1790616972904 12944692 176
1790616974059 13755368 189
1790616975294 14329836 193
1790616976349 14659592 204
1790616977644 15552164 198
1790616978705 15827004 216
1790616980580 16748512 226
1790616981804 17182564 232
1790616983305 18213300 247
1790616984637 18521860 231
1790616985587 18904552 253
1790616986958 19660640 254
1790616988277 19999788 245
1790616989399 20395736 260
1790616991115 20945492 271
1790616992569 21209216 261
1790617002931 21414644 277
1790617006486 21819140 286
1790617007815 22197868 294
1790617009465 22885916 303
1790617011513 23611908 309
1790617013276 24194356 324
1790617015459 25200196 320
1790617017575 25806980 338
1790617021075 26087972 348
1790617028321 26172424 316
1790617036144 26349836 316
1790617043209 26351908 320
1790617050168 26354564 319
1790617057303 26357300 319
1790617064349 26359932 328
1790617071485 26362172 325
1790617078641 26364196 316
1790617085252 26365856 314
1790617092192 26368108 315
1790617099287 26370356 323
1790617106317 26372244 312
1790617113384 26374668 321
1790617120388 26376976 315
1790617127310 26380112 315
1790617134242 26383128 308
1790617141169 26449484 315
1790617147781 26568904 324
1790617154904 26686268 322
1790617161651 26746460 319
1790617168735 26801816 323
1790617175374 26871492 316
1790617182241 26961648 313
1790617189130 26963724 318
1790617194880 27289800 315
1790617200389 27632148 340
1790617207574 27767544 315
1790617214480 27915260 316
1790617221363 28042440 317
1790617227814 28149132 315
1790617235022 28264052 335
1790617242234 28377060 325
1790617249334 28492128 324
1790617256424 28619848 326
1790617263898 28749684 326
1790617270968 28879488 322
1790617278078 28994656 326
1790617285452 29019864 322
1790617292458 29020220 324
1790617299215 29020284 323
1790617306241 29020344 325
1790617313306 29020420 323
1790617320373 29020484 325
1790617327335 29020544 322
1790617334313 29020616 314
1790617341190 29020672 318
1790617348195 29020724 325
1790617355267 29020768 320
1790617362351 29020840 322
1790617369426 29020912 326
1790617376496 29020980 322
1790617383563 29021048 335
1790617390568 29021120 301
1790617397531 29021192 325
1790617404662 29101088 331
1790617411605 29102876 317
1790617418632 29238232 326
1790617426091 29535976 326
1790617430950 29916920 328
1790617437702 30017700 330
1790617444837 30087380 330
1790617451998 30204228 327
1790617459066 30388736 328
1790617465821 30561008 330
1790617472962 30755848 324
1790617480085 30952056 326
1790617487216 31148252 327
1790617493949 31342416 327
1790617500747 31448604 331
1790617505663 31957584 328
1790617508671 32423336 329
1790617511675 32782784 334
1790617513920 33289484 337
1790617517019 33712132 348
1790617521600 34451180 341
1790617525012 34875884 341
1790617530708 35257024 334
1790617532977 35632536 333
1790617535962 36012480 335
1790617538588 36539888 336
1790617541606 36962632 336
1790617546127 37671664 350
1790617549666 38227756 342
1790617553856 38875984 336
1790617558373 39304428 338
1790617565540 39448928 337
1790617571613 40112304 343
1790617575017 40596224 341
1790617577634 41061552 336
1790617580621 41504404 336
1790617584379 42144168 336
1790617588537 42813592 341
1790617596412 43170448 335
1790617603615 43254492 348
1790617608515 43902388 347
1790617612842 44552296 352
1790617617083 45124300 358
1790617624474 45569280 341
1790617631538 45661848 343
1790617639360 45761820 342
1790617646241 46055268 341
1790617653473 46405056 330
1790617663139 46427620 359
1790617670412 46441972 341
1790617677381 46456336 361
1790617686871 46493240 344
1790617694499 46749572 346
1790617699592 47327772 344
1790617707667 47633212 347
1790617712318 48178616 354
1790617720268 48494312 362
1790617727368 49170904 351
1790617735792 49490692 349
1790617740465 49988948 347
1790617748418 50376404 348
1790617758137 50665460 347
1790617765420 50708524 350
1790617773133 50767972 351
1790617780615 50772076 356
1790617787962 50794624 348
1790617795864 50806932 349
1790617803118 50819232 349
1790617810657 51020144 350
1790617818170 51237468 350
1790617825396 51674172 344
1790617832464 52164164 349
1790617839695 52574192 336
1790617846745 53021168 344
1790617854077 53476304 353
1790617861366 53960248 348
1790617868457 54515980 342
1790617875925 54714916 350
1790617883087 54837880 353
1790617891024 54895288 344
1790617898528 54946544 351
1790617906046 54981396 349
1790617913626 55012152 349
1790617921693 55038804 360
1790617936025 55063400 350
1790617944138 55083904 349
1790617951751 55186416 364
1790617959182 55426288 342
1790617966694 55680512 350
1790617974038 56139756 342
1790617980938 56582640 348
1790617988329 57025588 355
1790617996595 57365976 355
1790618003856 57421332 357
1790618012344 57509480 360
1790618020479 57575092 372
1790618028239 57620184 357
1790618036339 57669392 355
1790618044105 57683744 356
1790618052216 57712448 354
1790618059815 57741148 354
1790618070286 57749364 348
1790618077404 58001532 335
1790618084281 58177852 330
1790618091476 58438256 360
1790618099767 59073792 357
1790618107272 59449076 357
1790618115526 59887908 360
1790618122786 59971976 369
1790618130263 60109304 357
1790618137872 60172868 356
1790618145348 60232316 353
1790618153210 60304072 358
1790618161235 60324576 362
1790618168683 60369680 364
1790618178926 60441764 346
1790618183006 61087192 333
1790618190124 61587312 338
1790618194875 62247372 351
1790618202848 62571380 374
1790618211174 63188428 361
1790618219378 63951264 366
1790618226966 64293716 351
1790618235233 64697652 355
1790618242512 64703800 356
1790618250758 64714048 356
1790618259083 64744776 363
1790618276590 64752968 363
1790618285010 64916808 365
1790618292432 65125704 364
1790618300666 65453400 363
1790618309385 65871320 366
1790618317096 65871468 365
1790618324821 65905264 363
1790618333912 66371612 372
1790618342072 67014992 369
1790618349691 67315076 368
1790618359051 67689496 366
1790618368678 67710004 366
1790618377814 67796112 374
1790618385804 67863768 376
1790618394608 67876068 376
1790618408727 68056484 380
1790618416856 68066736 382
1790618425337 68076984 383
1790618433479 68085196 381
1790618441327 68396836 382
1790618449407 68735136 365
1790618457479 68897108 342
1790618464408 69571612 343
1790618472075 69817640 356
1790618479437 69920148 359
1790618487093 70051368 358
1790618495188 70131320 358
1790618503644 70262524 370
1790618512091 70319968 357
1790618520181 70512648 367
1790618527866 70553652 382
1790618536574 70606956 372
1790618544286 70633608 370
1790618551882 70656164 351
1790618559980 70691048 357
1790618568583 70773024 375
1790618576667 71008808 364
1790618584726 71248692 369
1790618592330 71595168 373
1790618600619 71730484 366
1790618609573 71853488 372
1790618618937 72038008 378
1790618629378 72277980 345
1790618637043 72737212 368
1790618642925 73473160 349
1790618651042 73918124 384
1790618659239 74379380 370
1790618666755 75119468 350
1790618749114 75189824 299
1790618755757 75302092 297
1790618762345 75382060 300
1790618768697 75566552 307
1790618775328 75654712 251
1790618801228 75832216 299
1790618808073 76103692 303
1790618814363 76585784 310
1790618821014 76892612 315
1790618827612 77234960 317
1790618834409 77446396 322
1790618841704 77448532 323
1790618849047 77448760 322
1790618855646 77729704 318
1790618862862 78250660 321
1790618870231 78677220 289
1790618876958 78837124 272
1790618939430 78907204 328
1790618960830 78907216 328
1790618987311 78921604 324
1790618994247 79167636 228
1790618999633 79257828 272
1790619005832 79298836 285
1790619012228 79327536 324
1790619019013 79339836 320
1790619025824 79352140 320
1790619033181 79401360 319
1790619040041 79452604 325
1790619048504 79466952 327
1790619055978 79493604 326
1790619063099 79507952 327
1790619070554 79712988 330
1790619077572 79979524 328
1790619084808 80414164 327
1790619092343 80863124 330
1790619100229 81437220 330
1790619107554 81910796 330
1790619114975 82208060 322
1790619121831 82351572 329
1790619128699 82380288 322
1790619135999 82493032 319
1790619142419 82509440 329
1790619149443 82556588 327
1790619156902 82652948 235
1790619163168 82669352 279
1790619168889 82716508 329
1790619175574 82730860 326
1790619186866 82739064 325
1790619260572 82954324 286
1790619271452 82954344 325
1790619278701 83618752 327
1790619284727 84494160 326
1790619291238 85407248 323
1790619297420 86269284 324
1790619396214 87445132 501
1790619406787 87769792 323
1790619413595 87918848 316
1790619420277 87932648 226
1790619425170 87940364 315
1790619431664 87964028 313
1790619438237 87992496 324
1790619445089 88020592 321
1790619451946 88048940 319
1790619458772 88082568 315
1790619465912 88757952 322
1790619472504 89729448 322
1790619479366 90707392 320
1790619610531 91996816 305
1790619617477 92004596 303
1790619623864 92011344 307
1790619630245 92018100 305
1790619636616 92024852 303
1790619642996 92031604 303
1790619649390 92038352 306
1790619655773 92045104 304
1790619662169 92072256 305
1790619668417 92452636 302
1790619674650 93054196 311
1790619677660 94917092 310
1790619679452 96354284 313
1790619765806 96679716 269
1790619771536 96814120 248
1790619776666 97609792 262
1790619782034 98158404 282
1790619787803 98999176 292
1790619790599 100219788 289
1790619795456 101277748 277
1790619874070 103608288 298
1790619875792 104706528 314
1790619882144 105432680 322
1790619884516 106853000 322
1790619974841 108595444 342
1790619976834 109736668 344
1790619983803 110983512 349
1790619986761 112404564 347
1790620080700 112406028 342
1790620088202 112406096 340
1790620097107 112408144 338
1790620104165 112448908 335
1790620116239 112460172 309
1790620133564 112503780 307
1790620148780 112558684 306
1790620154964 112602716 343
1790620163104 112616088 323
1790620171676 112632472 307
1790620177930 112702676 326
1790620190322 112711952 328
1790620207842 112774416 341
1790620227113 112843540 341
1790620245763 112983320 341
1790620264504 113089304 315
1790620282497 113147160 314
1790620300728 113252636 352
1790620308392 113653532 321
1790620314245 114799300 364
1790620321455 116142660 339
1790620329600 116238108 393
1790620337743 116288788 385
1790620346160 116330128 373
1790620354293 116368952 395
1790620362973 116370204 377
1790620370900 116370256 362
1790620378162 116370292 395
1790620387440 116370344 373
1790620393904 118191716 415
1790620486446 118197964 424
1790620495462 118300128 404
1790620507444 118300136 429
1790620517356 118326768 426
1790620526611 118326776 423
1790620535305 118326788 397
1790620547497 118326804 395
1790620556777 118326820 391
1790620565096 118412860 399
1790620579428 122022148 416
1790620594971 122210564 417
1790620611715 122411268 432
1790620627906 122497284 438
1790620763888 122597640 436
1790620773729 123666152 438
1790621155359 124211456 445
1790621164802 125777608 421
1790621173901 126596848 453
1790621183687 127868556 457
1790621188824 129400504 460
1790621198557 130131596 460
1790621315291 130443920 457
1790621325747 130603296 462
1790621335120 130603448 435
1790621345019 130621832 452
1790621355223 130668188 445
1790621626534 133117260 443
1790621636510 134453412 486
1790621647432 134766808 474
1790621657752 135561964 451
1790621667667 136164684 489
1790621678321 136733604 476
1790621688524 136813724 488
1790621698986 136813764 492
1790621709442 136824572 456
1790621978282 136873460 484
1790622097369 136955712 482
1790622109068 137048380 491
1790622381677 137173724 506
1790622392667 137894696 475
1790622403748 138526480 511
1790622414754 139002500 513
1790622425873 139396196 511
1790622450239 139911604 508
1790623003220 140014764 522
1790623017751 140284788 529
1790623028963 140284820 526
1790623303069 140362332 509
1790623318864 140699036 519
1790623330800 140710868 531
1790623884528 140756828 545
1790623897091 141394164 550
1790623916969 141851684 546
1790623929193 141851712 550
1790624201019 141912888 558
1790624212261 142441380 561
1790624223533 142812492 564
1790624237604 142815676 558
1790624250696 142815700 533
