1786572147740 16372 17
1786572147984 26996 11
1786572148056 96596 15
1786572148132 184796 14
1786572148500 211708 14
1786572148575 297620 16
1786572167558 298608 22
1786572168085 298856 18
1786572168600 300316 17
1786572169001 301988 18
1786572169401 302032 20
1786572169897 303496 19
1786572170332 305172 19
1786572170773 305216 20
1786572171192 306668 19
1786572171596 306684 21
1786572172084 308384 18
1786572172493 309812 19
1786572172914 309868 19
1786572173326 311552 19
1786572173772 312912 21
1786572174208 313048 20
1786572174650 314732 19
1786572175086 314784 19
1786572175537 316232 20
1786572175987 317916 21
1786572176484 317968 19
1786572176917 319420 21
1786572177399 321104 19
1786572177836 321156 19
1786572178260 322600 21
1786572178758 324280 21
1786572179210 324328 19
1786572179657 325784 21
1786572180151 327468 22
1786572180638 327520 21
1786572180769 337712 24
1786572180865 348780 23
1786572180960 362956 23
1786572181053 373340 22
1786572181147 387804 23
1786572181243 398484 23
1786572181338 412712 24
1786572181432 424204 25
1786572181527 437528 27
1786572181627 451532 25
1786572181726 462188 25
1786572181829 476284 26
1786572181929 486816 25
1786572182032 500252 25
1786572182132 519004 26
1786572182238 561332 28
1786572182349 619176 27
1786572182461 680700 27
1786572182576 742344 31
1786572182698 799388 31
1786572182829 841240 30
1786572182951 883628 30
1786572183077 925712 33
1786572183214 970580 32
1786572183350 1019776 34
1786572183489 1127948 36
1786572183634 1236104 38
1786572183784 1433764 42
1786572183966 1609732 47
1786572184164 1687140 42
1786572184686 1768240 50
1786572184890 1949860 53
1786572185093 2180420 51
1786572185297 2425240 53
1786572185509 2791048 54
1786572185727 3308736 54
1786572185938 3458448 49
1786572186189 3606040 56
1786572186402 4062328 55
1786572186621 4411152 57
1786572186845 4623448 58
1786572187190 4826272 58
1786572187412 5211576 59
1786572187639 5654408 60
1786572187865 5805328 53
1786572188072 5924112 59
1786572188294 6272288 61
1786572188523 6759088 63
1786572188752 7041592 63
1786572189106 7345024 63
1786572189332 7623688 63
1786572189560 8178000 66
1786572189908 8358168 65
1786572190138 8595872 64
1786572190356 8991080 64
1786572190581 9441072 67
1786572190856 9553712 59
1786572191026 9683448 66
1786572191249 10031608 67
1786572191476 10566664 60
1786572191814 10681352 69
1786572192006 10888200 60
1786572192219 11223888 69
1786572192451 11812760 70
1786572192913 12104160 70
1786572193143 12483496 65
1786572193362 12970920 76
1786572193718 13131504 65
1786572193897 13371120 73
1786572194110 13694520 76
1786572194346 14032440 74
1786572194587 14240896 78
1786572194907 14484608 74
1786572195144 14818632 76
1786572195379 15244616 76
1786572195619 15426888 77
1786572195946 15881424 75
1786572196181 16053456 79
1786572196384 16246744 78
1786572196627 16707544 78
1786572196870 16885720 79
1786572197196 17161120 72
1786572197422 17562528 82
1786572197673 17890856 82
1786572198042 18249256 81
1786572198246 18468392 81
1786572198490 18853424 82
1786572198738 19168836 83
1786572199068 19407692 77
1786572199303 19766092 85
1786572199676 20364692 86
1786572200053 20784532 85
1786572200303 21071252 79
1786572200596 21517852 86
1786572200977 21847580 86
1786572201360 22304484 82
1786572201560 22601444 88
1786572201950 22994660 89
1786572202342 23532204 94
1786572202565 23806644 93
1786572202834 24066752 95
1786572203189 24345928 88
1786572203441 24712520 97
1786572203849 25302344 98
1786572204248 25858896 99
1786572204653 26440528 98
1786572205061 27042456 100
1786572205294 27333272 98
1786572205569 27974176 103
1786572205852 28658208 102
1786572206563 29257312 105
1786572207236 29761068 109
1786572207669 30514732 106
1786572207912 30887796 107
1786572208208 31639412 102
1786572208483 32316604 111
1786572208759 32640060 103
1786572209188 33044768 112
1786572209461 33444620 111
1786572209872 34202456 116
1786572211751 34761340 118
1786572212248 35197820 115
1786572212682 35678840 121
1786572213253 36260884 119
1786572213746 36718032 118
1786572214173 37162364 120
1786572214657 37544088 121
1786572215196 37958684 122
1786572215872 38523140 122
1786572216493 39022176 124
1786572217058 39479900 124
1786572217571 39917080 114
1786572218086 40327608 121
1786572218685 40832188 122
1786572219225 41281756 125
1786572219855 41835928 124
1786572220400 42299808 120
1786572220973 42755376 120
1786572221608 43270572 132
1786572222281 43826828 121
1786572222877 44329728 130
1786572223530 44842304 124
1786572224104 45322608 123
1786572224751 45862452 135
1786572225356 46353040 128
1786572226011 46899864 137
1786572226653 47423284 127
1786572227322 47987752 138
1786572228057 48591232 136
1786572228746 49153644 128
1786572229494 49780124 131
1786572230121 50326116 131
1786572230793 50939864 142
1786572231411 51465336 137
1786572232086 52044988 134
1786572232823 52644364 144
1786572233638 53286824 144
1786572234394 53927244 137
1786572234962 54518932 152
1786572235485 55126488 150
1786572236065 55842844 145
1786572236593 56608468 144
1786572237171 57370056 154
1786572237757 58168568 149
1786572238259 58845884 158
1786572238739 59476168 163
1786572239285 60204840 158
1786572239890 61011528 162
1786572240450 61713516 153
1786572240912 62340924 171
1786572241479 63131188 167
1786572242102 64017900 164
1786572244167 64671768 163
1786572245565 65417580 168
1786572246363 66322188 171
1786572246983 66993264 171
1786572247653 67668452 173
1786572248383 68413416 171
1786572249032 69110796 177
1786572249775 69861912 175
1786572250450 70574048 177
1786572251200 71374404 176
1786572251856 72131816 182
1786572252599 72938352 182
1786572253419 73794136 188
1786572254205 74633500 187
1786572255051 75563156 187
1786572255830 76415412 194
1786572256506 77182936 188
1786572257410 77986928 188
1786572261227 78442664 195
1786572265285 78453080 199
1786572269331 78809180 189
1786572270181 80172972 192
1786572270807 81182328 191
1786572271333 82136288 190
1786572272028 83546192 198
1786572272660 84498100 207
1786572273239 85517720 209
1786572273905 86584500 205
1786572274471 87552528 213
1786572278896 88371952 213
1786572281864 89589556 202
1786572282567 90912796 205
1786572283207 91971644 216
1786572283808 92968688 225
1786572284474 94068312 214
1786572285203 95368976 218
1786572285864 96455376 220
1786572286588 97803232 234
1786572287332 99142888 235
1786572288043 100332776 223
1786572288797 101428576 229
1786572290078 102705992 244
1786572296382 102987436 250
1786572301529 103378080 253
1786572307297 103797960 253
1786572312457 104140140 270
1786572317897 104651872 258
1786572323260 105246872 272
1786572327062 106361432 286
1786572339784 107126840 292
1786572349974 107283548 283
1786572355883 107456916 304
1786572369574 107490736 291
1786572377916 107552444 298
1786572384150 107613888 290
1786572390129 107677244 277
1786572399747 107681928 296
1786572406637 107715564 281
1786572413109 107760632 302
1786572428503 107824736 301
1786572435934 107851432 301
1786572445219 107866224 300
1786572455458 107876096 301
1786572463255 107894028 293
1786572469146 107935496 311
1786572483748 107940908 301
1786572489886 107988936 307
1786572496651 108011780 312
1786572512283 108018608 298
1786572519264 108034612 305
1786572528852 108040152 285
1786572539379 108041932 295
1786572545771 108046076 300
1786572555359 108061128 298
1786572565895 108062052 299
1786572572514 108066240 277
1786572578235 108086164 305
1786572592834 108091048 284
1786572599401 108093048 300
1786572619015 108099896 298
1786572634476 108108076 308
