# timestamp_ms rss_kb
1786802844685 16580
1786802845008 30644
1786802845093 76232
1786802845182 133052
1786802845270 191012
1786802845661 208888
1786802845749 267364
1786802859335 273032
1786802862377 279400
1786802865449 285764
1786802868351 291844
1786802871454 298472
1786802874568 304604
1786802877679 311208
1786802880747 317580
1786802883819 323944
1786802886290 332376
1786802886489 340396
1786802886655 347680
1786802886826 355316
1786802886995 363592
1786802887165 371696
1786802887402 382228
1786802887598 397296
1786802887703 414280
1786802887813 435772
1786802887922 458096
1786802888032 478516
1786802888140 494100
1786802888254 509384
1786802888369 524576
1786802888484 539816
1786802888601 559840
1786802888717 596924
1786802888834 662708
1786802888961 756032
1786802889090 780244
1786802890485 824780
1786802890616 875560
1786802890753 949080
1786802890897 998028
1786802891971 1030788
1786802892113 1076004
1786802892265 1110760
1786802892417 1170148
1786802892571 1225244
1786802893201 1251600
1786802893560 1278680
1786802893962 1306836
1786802894328 1334588
1786802894718 1363336
1786802894850 1396656
1786802895022 1431644
1786802895200 1470788
1786802895373 1509360
1786802895550 1550512
1786802895740 1591772
1786802895933 1635312
1786802896126 1670872
1786802896321 1705236
1786802896685 1766396
1786802897054 1827164
1786802898094 1870236
1786802898250 1921324
1786802898933 2021308
1786802899120 2116620
1786802899324 2409908
1786802899530 2489020
1786802900147 2573132
1786802900350 2664788
1786802900560 2903020
1786802900766 3105980
1786802902013 3194184
1786802902393 3259720
1786802902834 3345872
1786802903323 3434584
1786802903815 3524320
1786802904023 3689384
1786802904230 3846384
1786802904436 4030016
1786802904645 4122000
1786802906619 4221172
1786802907062 4309436
1786802907672 4416248
1786802908174 4508168
1786802908790 4621064
1786802909400 4733772
1786802909951 4839364
1786802910566 4950208
1786802911124 5063940
1786802911742 5180936
1786802912363 5293460
1786802912921 5410456
1786802913652 5539132
1786802914391 5672692
1786802915018 5789692
1786802915758 5968152
1786802915968 6141288
1786802916179 6319860
1786802916387 6478620
1786802916598 6622744
1786802916812 6802820
1786802917028 6981724
1786802917246 7143880
1786802917461 7322592
1786802917677 7500216
1786802917888 7679044
1786802918106 7855516
1786802918325 8034096
1786802918725 8264112
1786802930456 8514924
1786802930679 8705660
1786802931084 8941020
1786802931424 9205664
1786802931826 9479232
1786802932231 9725168
1786802932568 10014436
1786802932972 10288064
1786802933382 10565016
1786802933912 10834544
1786802937414 11157800
1786802938290 11405868
1786802942760 11651448
1786802946423 11888752
1786802951137 12139704
1786802961258 12399404
1786802962601 12648000
1786802965847 12909852
1786802968538 13187384
1786802970458 13451196
1786802973414 13825656
1786802973965 14149180
1786802974518 14493880
1786802975071 14839512
1786802975626 15146984
1786803006267 15465964
1786803056735 15780196
1786803225735 16097236
1786803517705 16293832 (true peak, below trigger threshold; snapshot is in peaks/peak.smaps)
