1786985669834 230316 21
1786985692801 231380 23
1786985692892 236972 22
1786985693263 240776 22
1786985696047 241080 24
1786985722869 241132 22
1786985724734 241164 22
1786985742724 241192 21
1786985744644 241236 22
1786985762463 241248 24
1786985764364 241320 23
1786985782171 241332 23
1786985784026 241364 23
1786985801681 241368 24
1786985821308 241388 23
1786985840862 241404 23
1786985842692 241428 22
1786985860595 241452 23
1786985862428 241468 23
1786985880319 241472 24
1786985900018 241476 22
1786985901828 241492 22
1786985939091 241496 23
1786985958567 241512 24
