# timestamp_ms rss_kb
1785393468724 252468
1785393469167 259416
1785393469534 264636
1785393469849 276784
1785393470160 283676
1785393470403 289552
1785393470477 298428
1785393470584 403252
1785393470697 471968
1785393470815 487568
1785393470929 525064
1785393471049 558588
1785393471170 579660
1785393471387 593200
1785393471503 614976
1785393471621 634216
1785393471833 659336
1785393471957 680616
1785393472183 696652
1785393472384 717712
1785393472614 737412
1785393472893 753320
1785393473096 768804
1785393473339 803468
1785393473478 863632
1785393473618 908760
1785393473762 945380
1785393473908 975208
1785393474051 1011916
1785393474193 1049964
1785393474340 1081552
1785393474486 1105608
1785393474867 1134364
1785393475181 1177844
1785393478790 1216080
1785393478917 1465360
1785393479051 1639440
1785393479180 1704400
1785393479310 1901008
1785393479989 1963852
1785393480117 2063108
