# timestamp_ms rss_kb
1790761143109 12356
1790761144062 23156
1790761144133 92376
1790761144204 143164
1790761144282 164452
1790761144356 192160
1790761144425 196712
1790761144559 223228
1790761144639 275348
1790761144719 310864
1790761144813 334360
1790761144900 342184
1790761145654 362292
1790761147428 369728
1790761149134 378152
1790761150036 435280
1790761150878 445520
1790761151741 457808
1790761153245 468048
1790761222444 472900 (true peak, below trigger threshold; snapshot is in peaks/peak.smaps)
