1786308172584 39
1786308172658 34
1786308172725 33
1786308172792 32
1786308172859 38
1786308172932 24
1786308172987 35
1786308173058 39
1786308173131 38
1786308173206 36
1786308173276 36
1786308173341 34
1786308173412 22
1786308173462 38
1786308173536 36
1786308173607 23
1786308173658 35
1786308173721 36
1786308173791 36
1786308173896 21
1786308173946 36
1786308174027 41
1786308174112 44
1786308174196 42
1786308174275 41
1786308174353 43
1786308174437 46
1786308174528 46
1786308174620 47
1786308174714 51
1786308174815 60
1786308174933 63
1786308175055 68
1786308175190 71
1786308175335 74
1786308175487 83
1786308175644 90
1786308175810 92
1786308175995 98
1786308176196 106
1786308176414 119
1786308176657 127
1786308176917 137
1786308177198 144
1786308177453 149
1786308177759 159
1786308178088 175
1786308178446 187
1786308178778 185
1786308179113 202
1786308179530 212
1786308179968 232
1786308180442 241
1786308180938 254
1786308181460 272
1786308182015 293
1786308182528 307
1786308183155 326
1786308183722 341
1786308184314 325
1786308184897 346
1786308185600 361
1786308186228 376
1786308187019 396
1786308187700 412
1786308188411 386
1786308189263 475
1786308190240 472
1786308191066 507
1786308191942 509
1786308192831 528
1786308193910 547
1786308194849 583
1786308195852 581
1786308196862 622
1786308197930 624
1786308198997 644
1786308200103 685
1786308201271 698
1786308202465 723
1786308203941 740
1786308205460 763
1786308206502 525
1786308207298 526
1786308208101 518
1786308208649 527
1786308209447 520
1786308210754 760
1786308211795 477
1786308212539 519
1786308213089 759
1786308214636 537
1786308215457 551
1786308216299 556
1786308217989 790
1786308219362 590
1786308221734 604
1786308222645 782
1786308224306 853
1786308225471 583
1786308226085 592
1786308226708 854
1786308228164 853
1786308229939 831
1786308231681 929
1786308233531 657
1786308234527 892
1786308235747 660
1786308236746 652
1786308237735 648
1786308238733 670
1786308239752 668
1786308240769 954
1786308242061 627
1786308243012 602
1786308244521 653
1786308245522 629
1786308246482 886
1786308247697 625
1786308248651 623
1786308249600 628
1786308250553 622
1786308251205 652
1786308252187 871
1786308253379 617
1786308254026 656
1786308254712 630
1786308255675 665
1786308256676 639
1786308257656 897
1786308258881 620
1786308259826 620
1786308260769 617
1786308261712 613
1786308262646 616
1786308263589 882
1786308264797 626
1786308266349 624
1786308267309 625
1786308268259 620
1786308269202 882
1786308270410 621
1786308271358 622
1786308272303 625
1786308272958 648
1786308273954 670
1786308274975 941
1786308276263 665
1786308277276 660
1786308278282 666
1786308279297 672
1786308280318 667
1786308281327 950
1786308282625 670
1786308283644 673
1786308284663 673
1786308285684 668
1786308286706 670
1786308287404 955
1786308288705 667
1786308290368 668
1786308291389 666
1786308292411 671
1786308293429 957
1786308294734 664
1786308295752 668
1786308296760 622
1786308297710 622
1786308298660 622
1786308299611 883
1786308300822 624
1786308301773 624
1786308302725 625
1786308303680 625
1786308304632 620
1786308305583 887
1786308306801 624
1786308307755 628
1786308308715 615
1786308309658 626
1786308310612 615
1786308311558 885
1786308312773 620
1786308314326 617
1786308315266 608
1786308316202 622
1786308317152 884
1786308318362 622
1786308319314 625
1786308320269 623
1786308321222 618
1786308322168 621
1786308323116 884
1786308324329 623
1786308325281 629
1786308326239 613
1786308327182 627
1786308328131 624
1786308329084 866
1786308330281 624
1786308331230 618
1786308332170 613
1786308333111 622
1786308334061 616
1786308335003 877
1786308336208 618
1786308337751 616
1786308338692 622
1786308339643 617
1786308340583 868
1786308341775 623
1786308342726 639
1786308343712 654
1786308344708 655
1786308345693 650
1786308346693 929
1786308347966 624
1786308348909 621
1786308349874 658
1786308350866 620
1786308351815 623
1786308352762 885
1786308353970 589
1786308354884 621
1786308355833 621
1786308356783 625
1786308357733 615
1786308358672 880
1786308359876 624
1786308360828 616
1786308361762 611
1786308362700 620
1786308363646 620
1786308364593 882
1786308365802 615
1786308366741 621
1786308367687 622
1786308368636 617
1786308369899 880
1786308371107 616
1786308372049 620
1786308372993 619
1786308373937 617
1786308374879 636
1786308375860 922
1786308377130 623
1786308378079 619
1786308379016 604
1786308379942 601
1786308380862 606
1786308381790 892
1786308383963 609
1786308385211 613
1786308386154 610
1786308387088 616
1786308388028 876
1786308389224 608
1786308390155 615
1786308391094 618
1786308392035 611
1786308392969 631
1786308393946 882
1786308395147 614
1786308396087 618
1786308397028 614
1786308397966 614
1786308398905 620
1786308399848 873
1786308401045 605
1786308401968 615
1786308402905 610
1786308403840 614
1786308404776 634
1786308405742 874
1786308406943 620
1786308407879 638
1786308408844 615
1786308409784 608
1786308410713 638
1786308411681 917
1786308412937 600
1786308413871 645
1786308414851 639
1786308415820 603
1786308416748 612
1786308417684 875
1786308418883 613
1786308419820 637
1786308420788 609
1786308421723 615
1786308422658 608
1786308423604 918
1786308424859 646
1786308425844 620
1786308426787 614
1786308427726 638
1786308428695 597
1786308429616 923
1786308430879 633
1786308431844 637
1786308432813 607
1786308433744 616
1786308434679 594
1786308436177 873
1786308437383 650
1786308438373 646
1786308439362 645
1786308440345 650
1786308441338 662
1786308442341 923
1786308443601 648
1786308444586 643
1786308445570 649
1786308446248 658
1786308447248 653
1786308448229 926
1786308449496 638
1786308450477 651
1786308451466 644
1786308452451 647
1786308453442 653
1786308454435 931
1786308455701 649
1786308456690 651
1786308457677 655
1786308458674 645
1786308460276 909
1786308461514 646
1786308462500 639
1786308463479 653
1786308464464 641
1786308465447 651
1786308466432 930
1786308467392 645
1786308468376 651
1786308469374 654
1786308470371 615
1786308471321 650
1786308472308 930
1786308473580 649
1786308474573 650
1786308475569 637
1786308476547 644
1786308477526 639
1786308478508 930
1786308479782 643
1786308480767 645
1786308481750 645
1786308482730 648
1786308483721 647
1786308484712 931
1786308485986 651
1786308486980 648
1786308487970 651
1786308488964 632
1786308489937 646
1786308490927 884
1786308492134 639
1786308493112 653
1786308494108 643
1786308495089 652
1786308496081 641
1786308497063 928
1786308498336 654
1786308499319 635
1786308500293 646
1786308501283 643
1786308502266 651
1786308503259 918
1786308504206 643
1786308505187 641
1786308506171 650
1786308507164 645
1786308508147 653
1786308509143 923
1786308510404 647
1786308511392 651
1786308512386 653
1786308513385 648
1786308514378 656
1786308515361 916
1786308516619 651
1786308517612 641
1786308518598 645
1786308519589 657
1786308520590 643
1786308521567 935
1786308522847 642
1786308523820 646
1786308524807 638
1786308525787 632
1786308526757 650
1786308527746 930
1786308529018 658
1786308530018 659
1786308531016 648
1786308532009 650
1786308533003 647
1786308533979 928
1786308535249 603
1786308536169 634
1786308537131 635
1786308538097 639
1786308539068 641
1786308540038 914
1786308541283 637
1786308542250 583
1786308543150 640
1786308544131 635
1786308545100 642
1786308545773 917
1786308547032 638
1786308548012 612
1786308548943 593
1786308549849 631
1786308550821 634
1786308551792 913
1786308553045 643
1786308554030 641
1786308555009 639
1786308555991 647
1786308556980 647
1786308557955 875
1786308559160 645
1786308560146 641
1786308561124 642
1786308562108 648
1786308563096 643
1786308564064 872
1786308565257 609
1786308566190 604
1786308567116 608
1786308568042 869
1786308569231 609
1786308570160 629
1786308571759 633
1786308572738 917
1786308573997 649
1786308574972 636
1786308575943 641
1786308576917 911
1786308578171 644
1786308579155 638
1786308580750 636
1786308581718 640
1786308582699 937
1786308583969 635
1786308584935 624
1786308585888 640
1786308586861 641
1786308587839 644
1786308588826 921
1786308590081 641
1786308591066 653
1786308592060 650
1786308593049 653
1786308594043 647
1786308595657 933
1786308596922 630
1786308597895 616
1786308598831 633
1786308599802 646
1786308600795 652
1786308601477 920
1786308602737 643
1786308603719 646
1786308605016 934
1786308606296 936
1786308607895 647
1786308608572 937
1786308609857 655
1786308611141 934
1786308612419 648
1786308613417 934
1786308614696 648
1786308616025 942
1786308617316 662
1786308618328 947
1786308619616 651
1786308621250 941
1786308622221 668
1786308623233 952
1786308624852 654
1786308625535 955
1786308626520 659
1786308627528 667
1786308629180 955
1786308630479 663
1786308631492 955
1786308632791 628
1786308634080 898
1786308635319 662
1786308636015 954
1786308637299 620
1786308638892 899
1786308640125 657
1786308641129 642
1786308642120 664
1786308643136 940
1786308645059 653
1786308646065 651
1786308647062 939
1786308648369 664
1786308649386 651
1786308650704 949
1786308652005 670
1786308653027 941
1786308654314 666
1786308655973 936
1786308657259 623
1786308658221 662
1786308659224 658
1786308660228 946
1786308661522 663
1786308663175 948
1786308664155 630
1786308665124 659
1786308666129 951
1786308668069 663
1786308669074 946
1786308670051 660
1786308670744 655
1786308672382 946
1786308673359 668
1786308674367 670
1786308675387 952
1786308676370 668
1786308677709 653
1786308678709 958
1786308679698 664
1786308680707 657
1786308681711 956
1786308683647 658
1786308684649 663
1786308685662 957
1786308686967 653
1786308688298 955
1786308689599 664
1786308690610 660
1786308691615 964
1786308692929 662
1786308694579 958
1786308695882 655
1786308696888 659
1786308697894 961
1786308699202 665
1786308700857 950
1786308702159 664
1786308703175 665
1786308704193 957
1786308705498 662
1786308706835 655
1786308707844 663
1786308708864 958
1786308710174 663
1786308711185 665
1786308712191 649
1786308713193 657
1786308714199 664
1786308714892 664
1786308715966 969
1786308721414 657
1786308722424 897
1786308723661 596
1786308727042 654
1786308728472 911
1786308729710 641
1786308730722 657
1786308732503 658
1786308735521 959
1786308736833 658
1786308737874 665
1786308738936 659
1786308742541 964
1786308743873 666
1786308744898 654
1786308745916 660
1786308746965 660
1786308748007 669
1786308750329 958
1786308752123 664
1786308753184 659
1786308754243 660
1786308755272 617
1786308756895 977
1786308758246 682
1786308759312 620
1786308761100 612
1786308762075 614
1786308763091 919
1786308764383 625
1786308765408 606
1786308766375 660
1786308767417 665
1786308768449 654
1786308769482 977
1786308770849 664
1786308772647 668
1786308773719 675
1786308774792 668
1786308775846 981
1786308777220 680
1786308778290 671
1786308779334 670
1786308780388 662
1786308781434 667
1786308782484 972
1786308783851 664
1786308784942 666
1786308786030 660
1786308787092 662
1786308788156 619
1786308789190 965
1786308790591 670
1786308791668 635
1786308793370 621
1786308794335 653
1786308795023 918
1786308796302 625
1786308797295 627
1786308798294 623
1786308799296 625
1786308800297 624
1786308801307 910
1786308802620 630
1786308803646 622
1786308804652 620
1786308805658 618
1786308806639 629
1786308807626 916
1786308808895 616
1786308809880 651
1786308811630 620
1786308812621 630
1786308813645 918
1786308814965 630
1786308815988 626
1786308817004 629
1786308818776 629
1786308819755 964
1786308821135 652
1786308822607 665
1786308823677 664
1786308824756 652
1786308825835 665
1786308826925 900
1786308828247 617
1786308829696 666
1786308830752 633
1786308831753 607
1786308832754 616
1786308834142 922
1786308835440 627
1786308836442 597
1786308837765 607
1786308838729 616
1786308840077 895
1786308841318 614
1786308842321 622
1786308844057 624
1786308846216 924
1786308848278 623
1786308849290 628
1786308851049 627
1786308852057 628
1786308853808 919
1786308855853 630
1786308860603 915
1786308869868 971
1786308875591 668
1786308876658 985
1786308878033 676
1786308879102 672
1786308880164 681
1786308881240 651
1786308882287 672
1786308883345 988
1786308884725 641
1786308885729 666
1786308886742 628
1786308887727 670
1786308888761 624
1786308890141 922
1786308891436 629
1786308892437 632
1786308893442 643
1786308894448 636
1786308895451 631
1786308896440 976
1786308897828 671
1786308898889 667
1786308899957 629
1786308900922 617
1786308901875 612
1786308902828 914
1786308904072 625
1786308905060 611
1786308906406 622
1786308907381 604
1786308908342 626
1786308909366 984
1786308910768 628
1786308911738 627
1786308913132 638
1786308914124 640
1786308915111 647
1786308916124 930
1786308918071 634
1786308919868 654
1786308920876 631
1786308921879 633
1786308922908 932
1786308924233 635
1786308925662 630
1786308926655 668
1786308927695 628
1786308928712 630
1786308933142 928
1786308934447 636
1786308935859 635
1786308936873 656
1786308937917 632
1786308938943 659
1786308941236 978
1786308942604 683
1786308943684 632
1786308950723 991
1786308952105 668
1786308953167 636
1786308954161 619
1786308955149 672
1786308956198 618
1786308957201 973
1786308958587 634
1786308959592 620
1786308960608 656
1786308979414 992
1786308980791 673
1786308982520 630
1786308983512 634
1786308984509 629
1786308986272 920
1786308987577 626
1786308988590 628
1786308989600 625
1786308990590 628
1786308991589 632
1786308992583 927
1786308993870 638
1786308994873 637
1786308995879 633
1786308996890 624
1786308997887 632
1786308998886 956
1786309000218 622
1786309001578 622
1786309002566 630
1786309003580 634
1786309004569 626
1786309005565 922
1786309006858 622
1786309007853 625
1786309008847 625
1786309009838 624
1786309010831 612
1786309011812 920
1786309013099 625
1786309014103 631
1786309015089 626
1786309016075 633
1786309017074 640
1786309018764 925
1786309020058 627
1786309021048 636
1786309022041 629
1786309023027 632
1786309024023 620
1786309025013 931
1786309026313 615
1786309027294 626
1786309028289 613
1786309029267 624
1786309030266 616
1786309031247 906
1786309032508 633
1786309033494 618
1786309034471 615
1786309035446 620
1786309036438 625
1786309037420 910
1786309038690 622
1786309039663 626
1786309040639 626
1786309041636 625
1786309042622 619
1786309043605 918
1786309044885 619
1786309045867 626
1786309046846 618
1786309047820 626
1786309048824 667
1786309050708 951
1786309052087 633
1786309053121 631
1786309054523 624
1786309055527 631
1786309056542 634
1786309058227 928
1786309059530 619
1786309060520 654
1786309061572 628
1786309062599 670
1786309063661 624
1786309065076 920
1786309067481 626
1786309068478 624
1786309069481 628
1786309070476 633
1786309071482 926
1786309072781 614
1786309073763 620
1786309074766 625
1786309075761 635
1786309076771 626
1786309078144 981
1786309079498 662
1786309080546 665
1786309081612 661
1786309082663 674
1786309083729 665
1786309084785 945
1786309086117 665
1786309087178 670
1786309088242 635
1786309089270 672
1786309090336 676
1786309091420 983
1786309092791 666
1786309093855 676
1786309094926 676
1786309095993 676
1786309097064 634
1786309098082 935
1786309100065 622
1786309101045 625
1786309102033 656
1786309103071 624
1786309104076 667
1786309105130 915
1786309106430 635
1786309107453 668
1786309108523 676
1786309109586 675
1786309110667 666
1786309111699 990
1786309113091 671
1786309114152 635
1786309115179 666
1786309116237 664
1786309117277 667
1786309118343 979
1786309119689 622
1786309120689 615
1786309121660 651
1786309139426 995
1786309143688 666
1786309144392 633
1786309145061 644
1786309145740 630
1786309146407 990
1786309147782 670
1786309151765 629
1786309152753 627
1786309153720 932
1786309155005 655
1786309156025 636
1786309159468 660
1786309160519 937
1786309161799 667
1786309162832 676
1786309163882 637
1786309164883 629
1786309168221 994
1786309169585 673
1786309170651 669
1786309171691 670
1786309173478 673
1786309176151 984
1786309177536 665
1786309178586 668
1786309179644 649
1786309180714 673
1786309181772 656
1786309182827 987
1786309186213 668
1786309186924 668
1786309188002 672
1786309189074 675
1786309190128 940
1786309191447 640
1786309192471 626
1786309193478 633
1786309196098 671
1786309197165 989
1786309198555 670
1786309199610 679
1786309200662 636
1786309201688 631
1786309203448 630
1786309205221 935
1786309206909 629
1786309208277 671
1786309209323 632
1786309210349 616
1786309236173 932
1786309237493 624
1786309238506 628
1786309240217 632
1786309241998 661
1786309243053 933
1786309244365 629
1786309245368 633
1786309246379 638
1786309247396 636
1786309248408 640
1786309249428 990
1786309251172 639
1786309252556 632
1786309253573 637
1786309254583 629
1786309255956 943
1786309257277 629
1786309258284 628
1786309260046 632
1786309261064 639
1786309262078 643
1786309263096 943
1786309264424 617
1786309265419 635
1786309266428 633
1786309267436 637
1786309269211 635
1786309270228 934
1786309271542 625
1786309272551 638
1786309289796 997
1786309291165 631
1786309292866 675
1786309293942 639
1786309294974 681
1786309296051 629
1786309297100 947
1786309298432 627
1786309299436 635
1786309300459 667
1786309301509 662
1786309302573 622
1786309303593 934
1786309304905 665
1786309306800 613
1786309307808 667
1786309308893 641
1786309309914 633
1786309310934 935
1786309312254 674
1786309313327 659
1786309314382 631
1786309315387 613
1786309316394 634
1786309319732 940
1786309321044 629
1786309322046 631
1786309323046 635
1786309324066 628
1786309325083 632
1786309326106 960
1786309327888 670
1786309328961 658
1786309330051 628
1786309331059 670
1786309332123 636
1786309333134 942
1786309334475 635
1786309335527 653
1786309337762 665
1786309339208 671
1786309340298 945
1786309341637 626
1786309342621 624
1786309343605 622
1786309345287 624
1786309346276 623
1786309347268 925
1786309348561 618
1786309349558 621
1786309350553 631
1786309351554 620
1786309352537 612
1786309353498 925
1786309354761 627
1786309359504 621
1786309360520 924
1786309361816 619
1786309362812 619
1786309366139 617
1786309367108 926
1786309368417 666
1786309369508 671
1786309370600 661
1786309371691 668
1786309372802 625
1786309390500 994
1786309392328 622
1786309396966 939
1786309398287 621
1786309399292 651
1786309400323 614
1786309401317 641
1786309402350 675
1786309403417 933
1786309404735 663
1786309406200 639
1786309406883 630
1786309407882 627
1786309408900 638
1786309409911 1008
1786309411320 675
1786309424156 974
1786309425533 625
1786309426552 664
1786309427619 670
1786309428684 643
1786309429703 660
1786309430771 993
1786309432963 673
1786309434027 682
1786309435117 687
1786309436211 679
1786309438005 917
1786309439296 625
1786309440306 636
1786309441326 640
1786309442344 630
1786309443359 636
1786309444364 935
1786309445682 639
1786309446690 661
1786309447740 641
1786309448786 681
1786309449844 651
1786309450899 993
1786309452288 649
1786309453338 641
1786309454358 631
1786309455363 629
1786309456382 632
1786309457392 633
1786309458400 936
1786309459711 639
1786309460732 642
1786309461751 635
1786309462761 636
1786309463773 625
1786309464807 937
1786309466164 668
1786309467266 672
1786309468334 665
1786309469420 633
1786309470437 637
1786309471464 996
1786309472849 637
1786309473897 673
1786309474989 682
1786309476078 674
1786309477152 682
1786309478235 1003
1786309479637 674
1786309480715 670
1786309481782 661
1786309482853 627
1786309483869 679
1786309484933 1013
1786309486348 681
1786309487426 672
1786309488496 682
1786309489578 683
1786309490665 672
1786309491743 1009
1786309493567 679
1786309506127 976
1786309507138 645
1786309508430 630
1786309509093 666
1786309509794 641
1786309510470 1007
1786309511868 665
1786309515282 690
1786309516358 682
1786309517424 999
1786309518784 682
1786309519833 680
1786309520902 674
1786309523924 689
1786309524999 980
1786309526368 680
1786309527413 676
1786309528458 682
1786309529515 671
1786309530553 641
1786309534015 957
1786309535345 673
1786309536396 621
1786309537387 643
1786309538417 680
1786309542685 1017
1786309544082 681
1786309545139 648
1786309546177 691
1786309550948 939
1786309552272 683
1786309553366 691
1786309557724 1023
1786309559147 688
1786309560248 682
1786309563377 677
1786309565261 1019
1786309570339 682
1786309571844 677
1786309572940 1024
1786309574380 681
1786309575481 683
1786309576592 689
1786309578485 684
1786309583671 1026
1786309585117 638
1786309586162 685
1786309587259 677
1786309588756 681
1786309589853 677
1786309590946 1021
1786309592379 682
1786309593481 689
1786309594594 682
1786309596101 686
1786309597202 688
1786309598706 1023
1786309600139 690
1786309601240 687
1786309602339 667
1786309603413 632
1786309604443 686
1786309605540 1010
1786309606958 677
1786309608046 679
1786309609534 680
1786309610622 677
1786309611719 679
1786309613208 1020
1786309615035 686
1786309616128 689
1786309617632 677
1786309618717 687
1786309620561 1018
1786309621984 675
1786309623061 678
1786309624549 682
1786309626060 679
1786309627136 678
1786309628213 1016
1786309630025 684
1786309631116 690
1786309632209 686
1786309633280 669
1786309634739 684
1786309635824 1013
1786309637244 687
1786309638344 679
1786309639439 679
1786309640533 630
1786309641574 679
1786309642673 1010
1786309644101 629
1786309645144 675
1786309646239 690
1786309647334 685
1786309648419 678
1786309649505 1010
1786309650929 679
1786309652019 681
1786309653110 685
1786309654203 679
1786309655292 678
1786309656781 1011
1786309658200 682
1786309659291 682
1786309660376 687
1786309661469 679
1786309662563 671
1786309704514 1011
1786309705938 692
1786309707031 685
1786309708109 687
1786309709181 678
1786309710959 676
1786309712021 1015
1786309713416 685
1786309714500 686
1786309715555 692
1786309716624 688
1786309718095 691
1786309719172 1022
1786309720572 684
1786309721638 638
1786309722657 646
1786309723677 685
1786309724747 674
1786309725805 638
1786309726808 1020
1786309728218 686
1786309729286 678
1786309730347 683
1786309731415 680
1786309732476 679
1786309733537 1022
1786309734953 675
1786309736002 683
1786309737068 687
1786309738138 635
1786309739156 685
1786309740224 655
1786309741268 1018
1786309742680 677
1786309743748 678
1786309744823 682
1786309745879 673
1786309746955 670
1786309747996 1018
1786309749393 682
1786309750476 675
1786309751534 677
1786309752609 626
1786309753610 689
1786309755397 943
1786309756706 622
1786309757683 620
1786309758664 630
1786309759651 662
1786309760691 625
1786309761675 617
1786309762690 972
1786309764066 662
1786309765116 670
1786309766181 629
1786309767161 619
1786309768152 633
1786309769149 678
1786309770235 947
1786309771541 634
1786309772547 667
1786309773603 681
1786309774681 627
1786309775723 677
1786309776795 1013
1786309778626 629
1786309779619 633
1786309780617 619
1786309782374 612
1786309783362 667
1786309784412 936
1786309785747 676
1786309786818 624
1786309787847 681
1786309788933 686
1786309790020 684
1786309791077 1016
1786309792476 644
1786309793499 640
1786309794532 645
1786309795560 634
1786309796573 630
1786309797978 951
1786309799317 639
1786309801126 667
1786309802176 644
1786309803175 641
1786309804195 637
1786309805889 953
1786309807209 636
1786309808221 631
1786309809228 637
1786309810625 632
1786309811643 633
1786309812649 957
1786309813965 621
1786309814963 629
1786309816363 631
1786309817368 631
1786309818380 631
1786309819397 957
1786309820737 634
1786309821747 678
1786309822808 642
1786309823837 674
1786309824880 640
1786309825880 960
1786309827211 632
1786309828224 636
1786309829243 634
1786309830248 633
1786309831249 629
1786309832265 641
1786309833293 948
1786309834627 624
1786309835639 629
1786309836653 633
1786309837661 623
1786309838642 637
1786309839652 631
1786309840665 957
1786309842001 638
1786309843021 622
1786309843997 637
1786309845006 644
1786309847552 949
1786309848869 630
1786309849868 675
1786309850940 630
1786309851950 638
1786309852961 639
1786309853963 957
1786309855299 629
1786309856307 632
1786309857310 630
1786309858314 635
1786309859323 636
1786309860334 634
1786309861345 947
1786309862668 636
1786309863696 632
1786309864709 631
1786309865705 630
1786309866683 633
1786309867712 944
1786309872157 634
1786309893791 1010
1786309895153 631
1786309896462 636
1786309897438 640
1786309898419 665
1786309899426 629
1786309900393 944
1786309901676 633
1786309902646 620
1786309903606 632
1786309904581 632
1786309905550 630
1786309906520 630
1786309908103 946
1786309909390 639
1786309910367 638
1786309911344 636
1786309912321 638
1786309913295 952
1786309914280 644
1786309915265 631
1786309916239 667
1786309917916 1017
1786309919293 687
1786309920342 686
1786309921389 634
1786309922371 682
1786309923416 687
1786309924461 673
1786309925498 1028
1786309926888 682
1786309927932 631
1786309928894 617
1786309929838 659
1786309930861 679
1786309931896 676
1786309932924 1008
1786309934294 683
1786309935336 684
1786309936378 676
1786309938141 687
1786309939191 630
1786309940159 1009
1786309941521 678
1786309942554 683
1786309943594 678
1786309945291 689
1786309946335 675
1786309947366 1010
1786309948727 681
1786309949441 677
1786309950470 636
1786309951453 668
1786309952480 674
1786309953513 676
1786309954548 1018
1786309955929 678
1786309956640 673
1786309957667 678
1786309959371 691
1786309960099 683
1786309961137 1018
1786309962504 671
1786309963528 684
1786309964570 687
1786309965612 674
1786309966647 684
1786309967364 683
1786309968398 1018
1786309969781 692
1786309970831 675
1786309971864 685
1786309973247 678
1786309974281 685
1786309975328 1014
1786309976377 681
1786309977091 689
1786309978138 687
1786309979190 683
1786309979907 692
1786309980963 686
1786309982009 985
1786309983344 685
1786309984382 679
1786309985414 677
1786309987110 681
1786309987823 677
1786309988856 687
1786309989577 1030
1786309990964 682
1786309992000 679
1786309993035 685
1786309994074 683
1786309994792 685
1786309995512 690
1786309996557 1029
1786309997943 645
1786309998934 681
1786309999970 677
1786310001663 690
1786310002710 679
1786310003753 1029
1786310004817 681
1786310005851 692
1786310006579 695
1786310007629 674
1786310008659 687
1786310009707 688
1786310010755 1022
1786310012139 684
1786310013178 691
1786310014231 681
1786310015272 683
1786310016318 682
1786310017363 676
1786310018403 1043
1786310019810 679
1786310020856 688
1786310021910 680
1786310022950 670
1786310023990 684
1786310025038 694
1786310026100 1024
1786310027487 685
1786310028535 688
1786310029586 683
1786310030638 669
1786310031674 686
1786310032729 638
1786310033720 1025
1786310035109 688
1786310036165 684
1786310037208 685
1786310038257 687
1786310039307 686
1786310040357 689
1786310041406 1027
1786310042800 689
1786310043853 687
1786310044907 683
1786310045959 689
1786310047015 687
1786310048066 678
1786310049111 1030
1786310050506 683
1786310051538 673
1786310052574 678
1786310053617 688
1786310054676 685
1786310055721 686
1786310056771 1028
1786310058160 675
1786310059203 687
1786310060255 682
1786310061304 681
1786310062350 687
1786310063402 687
1786310064459 1030
1786310065860 682
1786310066906 681
1786310067934 680
1786310068979 684
1786310070035 682
1786310071087 678
1786310072127 983
1786310073460 680
1786310074489 667
1786310075503 639
1786310076484 680
1786310077514 635
1786310078499 639
1786310079492 1042
1786310080900 682
1786310081941 678
1786310082980 633
1786310083961 691
1786310085018 686
1786310086072 689
1786310087127 1040
1786310088535 686
1786310089598 700
1786310090669 689
1786310091729 670
1786310092763 689
1786310093823 691
1786310094864 1048
1786310096284 649
1786310097275 627
1786310098242 632
1786310099224 685
1786310100274 689
1786310101327 675
1786310102370 1030
1786310103763 685
1786310104819 685
1786310105845 633
1786310106832 689
1786310107871 629
1786310108854 691
1786310110585 1039
1786310111973 677
1786310112687 684
1786310113721 677
1786310114748 639
1786310115745 636
1786310116716 682
1786310117749 957
1786310119039 630
1786310120005 624
1786310120962 629
1786310121928 631
1786310122897 623
1786310123855 627
1786310124815 957
1786310126124 696
1786310127185 696
1786310128231 625
1786310129196 633
1786310130155 634
1786310130823 637
1786310131496 959
1786310132489 625
1786310133152 678
1786310133865 645
1786310134846 629
1786310135814 634
1786310136786 635
1786310137773 688
1786310138822 1002
1786310140180 643
1786310141793 650
1786310142790 670
1786310143826 1066
1786310145266 698
1786310146348 694
1786310147422 696
1786310148487 697
1786310149557 701
1786310150633 697
1786310151702 1077
1786310153142 700
1786310154205 700
1786310155273 705
1786310156347 701
1786310157419 682
1786310158471 702
1786310159546 1066
1786310160984 704
1786310162054 701
1786310163123 703
1786310164890 708
1786310165972 694
1786310167044 1067
1786310168481 703
1786310169559 708
1786310170640 706
1786310171719 705
1786310172795 698
1786310173864 700
1786310174941 1052
1786310176371 694
1786310177445 698
1786310178520 692
1786310179581 695
1786310180640 694
1786310181702 695
1786310182771 1055
1786310183863 661
1786310184561 695
1786310185291 700
1786310186369 700
1786310187445 699
1786310188516 703
1786310189592 710
1786310190677 1068
1786310192133 707
1786310193219 701
1786310194300 665
1786310195352 1081
1786310196824 719
1786310198634 706
1786310199722 675
1786310200753 701
1786310201837 717
1786310202928 1015
1786310204311 710
1786310205400 711
1786310206508 706
1786310207598 714
1786310208709 712
1786310209803 699
1786310210882 1086
1786310212341 709
1786310213428 704
1786310214507 711
1786310215597 703
1786310216672 706
1786310217760 700
1786310218839 1063
1786310220287 700
1786310221370 693
1786310222441 702
1786310223534 708
1786310225383 703
1786310226121 699
1786310226853 1060
1786310227948 700
1786310228682 695
1786310229411 696
1786310230487 1066
1786310231943 1082
1786310233778 1076
1786310234888 706
1786310235632 704
1786310236719 700
1786310237817 1074
1786310239646 718
1786310240399 1102
1786310241535 698
1786310242634 712
1786310243756 1075
1786310245961 706
1786310247830 1081
1786310249988 718
1786310251096 719
1786310265122 1030
1786310266515 706
1786310267603 683
1786310268664 716
1786310283154 1086
1786310284619 716
1786310285713 714
1786310287190 713
1786310301265 1088
1786310302736 728
1786310303845 724
1786310305335 720
1786310319437 1087
1786310320905 680
1786310321949 675
1786310323363 717
1786310337477 1086
1786310338935 711
1786310340018 668
1786310341057 712
1786310342151 710
1786310356411 1021
1786310357790 679
1786310358842 721
1786310359935 700
1786310361741 657
1786310386161 1077
1786310426544 1037
1786310451726 1036
1786310454193 1040
1786310455928 664
1786310456626 673
1786310457334 674
1786310458045 675
1786310459079 677
1786310459795 1039
1786310461199 660
1786310461898 658
1786310462908 713
1786310464701 1096
1786310466170 723
1786310467269 711
1786310468019 689
1786310469084 726
1786310470176 659
1786310471212 1116
1786310472710 697
1786310473787 721
1786310474885 718
1786310476347 731
1786310477459 724
1786310478568 731
1786310479683 1117
1786310481189 728
1786310482302 719
1786310507570 1098
1786310509064 757
1786310510236 779
1786310511440 787
1786310512650 785
1786310513850 789
1786310515066 1105
1786310517286 725
1786310518410 725
1786310519520 735
1786310520641 772
1786310521804 767
1786310522967 1136
1786310524496 720
1786310525605 721
1786310526732 784
1786310527926 786
1786310529126 783
1786310530317 733
1786310531448 1197
1786310533054 785
1786310534248 783
1786310535440 785
1786310536641 778
1786310537828 780
1786310539021 780
1786310540207 1185
1786310541803 785
1786310543002 777
1786310544194 797
1786310545404 778
1786310546591 798
1786310547804 788
1786310549010 1207
1786310550625 795
1786310551834 794
1786310553045 800
1786310554263 790
1786310555463 800
1786310556681 804
1786310557896 1184
1786310559489 786
1786310560683 797
1786310561899 801
1786310563114 778
1786310564309 800
1786310565531 806
1786310566756 1186
1786310568355 785
1786310569543 796
1786310570758 810
1786310571986 771
1786310573174 807
1786310575187 1221
1786310576822 775
1786310578018 811
1786310579247 774
1786310580435 809
1786310581661 768
1786310582847 808
1786310584075 1228
1786310585715 786
1786310586916 812
1786310588153 821
1786310589400 819
1786310590645 815
1786310591888 821
1786310593124 1240
1786310594792 809
1786310596032 786
1786310597239 816
1786310598482 817
1786310599732 815
1786310600974 823
1786310602226 1186
1786310603826 817
1786310605080 786
1786310606288 774
1786310607485 781
1786310608689 785
1786310609895 777
1786310611093 1179
1786310612694 778
1786310613896 809
1786310615145 816
1786310616400 825
1786310617665 809
1786310618914 817
1786310620164 1245
1786310621844 786
1786310623063 806
1786310624306 825
1786310625573 818
1786310626828 814
1786310628080 813
1786310629331 1234
1786310631002 820
1786310632259 815
1786310633516 824
1786310634780 819
1786310636035 819
1786310637293 819
1786310644044 1109
1786310654578 1116
1786310656490 730
1786310665472 1206
1786310667992 764
1786310668794 813
1786310669641 829
1786310670926 1204
1786310672582 791
1786310674198 771
1786310675007 1152
1786310676198 818
1786310677477 816
1786310678755 1251
1786310680450 819
1786310682508 819
1786310683756 801
1786310685003 1213
1786310686663 799
1786310687900 755
1786310691250 801
1786310693399 1217
1786310695520 818
1786310696790 800
1786310698493 806
1786310699757 805
1786310701469 812
1786310702736 1220
1786310887785 1262
1786310889493 773
1786310890696 772
1786310893603 831
1786310895313 775
1786310897306 1145
1786310899693 804
1786310900935 795
1786310902154 804
1786310903381 814
1786310904623 803
1786310905853 1163
1786310908159 816
1786310909411 837
1786310910686 777
1786310911882 763
1786310913067 832
1786310914338 1204
1786310915962 781
1786310916779 772
1786310917956 768
1786310919154 782
1786310920346 808
1786310921585 815
1786310922833 815
1786310924078 1210
1786310925704 844
1786310972809 1193
1786310974406 771
1786310975586 772
1786310976762 766
1786310977936 773
1786310979121 770
1786310980299 768
1786310981474 1169
1786310983047 764
1786310984216 763
1786310985391 773
1786310986573 784
1786310987768 766
1786310988942 765
1786310990112 1168
1786310991673 777
1786310992856 776
1786310994053 784
1786310995244 821
1786310996505 792
1786310997726 825
1786310998974 1190
1786311000583 781
1786311001773 837
1786311003034 817
1786311004273 790
1786311005478 841
1786311006740 845
1786311007998 1189
1786311009600 782
1786311010806 828
1786311012827 817
1786311014068 810
1786311014917 793
1786311016119 786
1786311017308 1254
1786311019002 824
1786311020266 834
1786311021542 791
1786311022756 834
1786311024029 837
1786311025300 795
1786311026516 1258
1786311028208 793
1786311029425 826
1786311030671 782
1786311031865 824
1786311033103 778
1786311034290 786
1786311035481 1204
1786311037099 787
1786311038297 783
1786311039495 787
1786311040702 785
1786311041898 788
1786311043099 774
1786311044287 1193
1786311045890 825
1786311047150 832
1786311048430 831
1786311076317 1255
1786311262037 1279
1786311273722 1270
1786311275841 771
1786311277036 782
1786311278265 790
1786311279501 831
1786311280772 793
1786311281981 843
1786311283252 1187
1786311284875 856
1786311286157 832
1786311287439 848
1786311288728 839
1786311290012 840
1786311291294 846
1786311292584 1270
1786311294295 787
1786311295509 795
1786311296740 798
1786311297973 840
1786311300083 843
1786311301370 1310
1786311303125 799
1786311304335 789
1786311305549 857
1786311306859 807
1786311308102 850
1786311309407 860
1786311310721 1300
1786311312472 854
1786311313775 816
1786311315017 804
1786311316261 862
1786311317576 803
1786311318799 790
1786311320012 1295
1786311321749 852
1786311323061 855
1786311324377 855
1786311325697 856
1786311327017 863
1786311328340 864
1786311330104 1214
1786311333150 882
1786311334498 861
1786311339457 1299
1786311342143 872
1786311343485 859
1786311344814 874
1786311349343 1302
1786311351099 817
1786311352359 808
1786311353626 873
1786311354966 877
1786311356771 881
1786311358122 807
1786311359384 1332
1786311363010 819
1786311371601 1213
1786311499296 1310
1786311592105 1336
1786311612849 1312
1786311625507 1310
1786311627750 870
1786311629077 826
1786311630348 826
1786311631613 818
1786311632876 820
1786311634138 824
1786311635407 1253
1786311637109 876
1786311638428 826
1786311639688 823
1786311640946 828
1786311642201 866
1786311643510 825
1786311644770 1310
1786311646538 872
1786311647855 860
1786311649172 842
1786311650464 889
1786311651796 808
1786311653055 890
1786311654398 1320
1786311656163 840
1786311657457 834
1786311658724 846
1786311660029 833
1786311662114 913
1786311663498 1369
1786311665336 905
1786311666709 896
1786311689885 1335
1786311691698 892
1786311746668 1251
1786311957945 1373
1786311959797 907
1786311961179 841
1786311962480 858
1786311963781 835
1786311965059 884
1786311966417 897
1786311967788 1369
1786311969630 853
1786311970921 835
1786311972196 836
1786311973487 903
1786311974842 895
1786311976211 905
1786311977594 1361
1786311979425 898
1786311980794 900
1786311982169 900
1786311983545 911
1786311984935 906
1786311986319 905
1786311987698 1382
1786311989559 913
1786311990956 916
1786311992355 920
1786311993757 911
1786311995149 919
1786311996545 920
1786311997952 1409
1786311999858 938
1786312001294 868
1786312002626 855
1786312004397 846
1786312005725 928
1786312008070 1395
1786312009940 850
1786312011251 853
1786312013564 919
1786312018606 1294
1786312020804 906
1786312022206 862
1786312023533 908
1786312034380 1401
1786312294763 1288
1786312296088 862
1786312297403 922
1786312299712 925
1786312301091 918
1786312302502 930
1786312303923 1392
1786312305800 924
1786312307219 933
1786312308638 930
1786312310063 931
1786312311481 942
1786312312913 942
1786312314346 1398
1786312316238 928
1786312317654 921
1786312319062 930
1786312320481 929
1786312321905 947
1786312323345 945
1786312324784 1420
1786312326692 930
1786312328119 950
1786312329562 942
1786312330998 871
1786312332352 930
1786312368837 1343
1786312617996 1420
1786312619892 893
1786312621245 896
1786312622602 891
1786312623962 902
1786312625334 886
1786312626685 881
1786312628021 1332
1786312629816 880
1786312631160 880
1786312632502 885
1786312633847 887
1786312635200 884
1786312636544 886
1786312637895 1331
1786312639688 885
1786312641038 879
1786312642382 879
1786312644596 887
1786312645948 889
1786312647298 1356
1786312649126 893
1786312650492 942
1786312651906 904
1786312653277 936
1786312665172 1431
1786312667110 903
1786312668503 880
1786312669858 887
1786312671224 883
1786312672588 893
1786312673959 894
1786312675330 1341
1786312677147 889
1786312680869 904
1786312685211 1433
1786312712569 1453
1786312950866 1461
1786312952823 970
1786312954300 973
1786312955776 968
1786312957243 970
1786312958705 966
1786312960184 969
1786312961667 1462
1786312963641 977
1786312965134 963
1786312966609 978
1786312968093 980
1786312969581 962
1786312971058 976
1786312972548 1460
1786312974520 979
1786312976014 989
1786312977512 920
1786312978929 984
1786312980424 976
1786312981911 985
1786312984396 1372
1786312986282 988
1786312987787 985
1786312989807 980
1786312992816 974
1786312995274 1467
1786312997263 940
1786312998707 920
1786313000129 962
1786313001610 980
1786313003112 978
1786313004614 977
1786313008634 1463
1786313012174 975
1786313278895 1476
1786313280883 971
1786313282365 985
1786313283860 940
1786313285284 920
1786313286691 934
1786313288126 979
1786313289617 1385
1786313291493 983
1786313292989 987
1786313295451 938
1786313296892 983
1786313298389 983
1786313299885 1411
1786313301791 974
1786313303276 992
1786313304781 946
1786313306211 941
1786313307632 980
1786313309105 928
1786313310537 1482
1786313312526 988
1786313329511 1483
1786313338643 993
1786313346328 1495
1786313355379 929
1786313601654 1498
1786313603670 998
1786313605193 997
1786313606690 944
1786313608146 1001
1786313609654 985
1786313611149 997
1786313612647 1417
1786313614568 992
1786313616080 1004
1786313617604 996
1786313619115 957
1786313620579 998
1786313622097 991
1786313623605 1430
1786313625531 932
1786313626972 935
1786313628390 927
1786313629827 995
1786313631324 923
1786313632756 998
1786313634244 1448
1786313639339 1002
1786313641372 926
1786313643288 930
1786313644716 1407
1786313646627 932
1786313649042 938
1786313656631 1497
1786313704065 1410
1786313929040 1508
1786313931070 943
1786313932503 942
1786313933937 933
1786313935356 939
1786313936788 947
1786313938218 947
1786313939660 1417
1786313941114 990
1786313942607 950
1786313944995 957
1786313946462 1010
1786313947999 1008
1786313949534 1512
1786313951573 1015
1786313953118 1013
1786313954658 1014
1786313956197 947
1786313957658 1007
1786313959181 956
1786313960662 1517
1786313962712 1007
1786313964254 1016
1786313966290 999
1786313967833 1010
1786313973590 1514
1786314248300 1537
1786314250365 1014
1786314251914 1017
1786314253462 1018
1786314255017 978
1786314256518 1005
1786314258043 977
1786314259545 1538
1786314261606 969
1786314263097 1030
1786314264656 960
1786314266137 963
1786314267622 967
1786314269110 971
1786314270605 1454
1786314272588 1026
1786314274147 1038
1786314275717 1020
1786314277278 968
1786314278766 957
1786314280243 963
1786314339657 1433
1786314341608 1012
1786314343174 954
1786314348795 1013
1786314350336 1443
1786314352314 960
1786314364070 1535
1786314379574 1450
1786314382062 963
1786314383549 965
1786314385037 960
1786321044420 2178
1786321047369 1508
1786321049652 1500
1786321051927 1504
1786321054214 1500
1786321056492 1508
1786321058772 2102
1786321063062 1506
1786321065348 1508
1786321067635 1445
1786321069854 1505
1786321072140 1498
1786321074422 2183
1786321077385 1492
1786321079660 1517
1786321081960 1501
1786321084246 1471
1786321086490 1504
1786321088781 2185
1786321091748 1518
1786321094038 1508
1786321096333 1477
1786321098581 1503
1786321100844 1454
1786321103055 2122
1786321105936 1469
1786321108158 1477
1786321110397 1461
1786321112621 1469
1786321114854 1469
1786321117109 2209
1786321120079 1529
1786321122393 1511
1786321124699 1536
1786321128541 1538
1786321130883 1528
1786321133208 2232
1786321136236 1538
1786321138565 1539
1786321140905 1536
1786321143240 1524
1786321185481 2121
1786321187656 1467
1786321189864 1515
1786321192159 1510
1786321194440 1474
1786321196674 1471
1786321198924 2245
1786321201958 1531
1786321204283 1533
1786321206605 1465
1786321208823 1484
1786321211079 1473
1786321213313 2161
1786321216253 1477
1786321218512 1486
1786321220789 1502
1786321223045 1521
1786321225338 1472
1786321227576 2150
1786321230518 1572
1786321232868 1559
1786321235233 1489
1786321237499 1492
1786321239764 1489
1786321242027 2157
1786321244956 1500
1786321247225 1474
1786321249471 1472
1786321251711 1457
1786321253942 1472
1786321256184 2159
1786321259112 1476
1786321304160 2174
1786321307105 1491
1786321309366 1472
1786321313090 1554
1786321315485 1549
1786321320282 2160
1786321323221 1479
1786321325504 1469
1786321365734 2155
1786321368659 1580
1786321371022 1475
1786321373274 1521
1786321375573 1498
1786321377849 1486
1786321380132 2277
1786321383197 1484
1786321385478 1508
1786321387777 1564
1786321390124 1494
1786321392415 1571
1786321394790 2296
1786321397886 1566
1786321400253 1570
1786321402607 1487
1786321404869 1507
1786321407178 1577
1786321409567 2188
1786321412561 1590
1786321414961 1583
1786321417351 1588
1786321419783 1563
1786321426323 2310
1786321429434 1561
1786321431853 1540
1786321470080 2264
1786321473159 1564
1786321475535 1514
1786321479334 1505
1786321481624 1594
1786321484022 1503
1786321486331 2326
1786321489452 1504
1786321491770 1569
1786321494151 1525
1786321496464 1576
1786321498842 1506
1786321501160 2213
1786321504162 1507
1786321506460 1504
1786321508755 1513
1786321511058 1517
1786321513363 1529
1786321515686 2220
1786321518701 1522
1786321521006 1560
1786321523348 1574
1786321525741 1546
1786321528095 1556
1786321530458 2297
1786321533579 1597
1786321535979 1605
1786321538402 1592
1786321540839 1595
1786321545768 2237
1786321548820 1531
1786321551202 1541
1786321592698 2230
1786321595720 1525
1786321598037 1532
1786321601879 1602
1786321604312 1611
1786321606758 1618
1786321609204 2356
1786321612391 1599
1786321614822 1607
1786321617264 1608
1786321619701 1603
1786321622133 1631
1786321624585 2348
1786321627772 1537
1786321630092 1616
1786321632512 1552
1786321634863 1529
1786321637190 1528
1786321639518 2248
1786321642564 1533
1786321644894 1615
1786321647351 1561
1786321649740 1618
1786321652197 1624
1786321654656 2378
1786321657870 1624
1786321660328 1621
1786321662827 1625
1786321708575 2273
1786321711672 1615
1786321714104 1567
1786321716472 1632
1786321718942 1572
1786321722947 2374
1786321726146 1639
1786321728624 1638
1786321731098 1642
1786321733563 1560
1786321735938 1561
1786321738327 2369
1786321741523 1631
1786321744003 1646
1786321746491 1642
1786321748975 1621
1786321751439 1560
1786321753808 2273
1786321756893 1569
1786321759267 1626
1786321761724 1603
1786321764202 1628
1786321771797 2348
1786321775025 1562
1786321817534 2272
1786321820622 1566
1786321822997 1542
1786321825349 1562
1786321827731 1562
1786321830110 1574
1786321834080 2297
1786321837224 1548
1786321846336 1556
1786321848714 1572
1786321851138 2285
1786321891350 2274
1786321894438 1562
1786321896808 1552
1786321899159 1576
1786321901551 1569
1786321903939 1579
1786321906331 2292
1786321909437 1632
1786321911889 1625
1786321914334 1573
1786321916743 1636
1786321919221 1646
1786321921712 2313
1786321924863 1632
1786321927328 1578
1786321929751 1647
1786321932244 1643
1786321934729 1659
1786321937245 2394
1786321986081 2288
1786321989168 1594
1786321991587 1583
1786321993986 1563
1786321996368 1568
1786321998738 1565
1786322002683 2293
1786322005791 1617
1786322008228 1646
1786322010726 1658
1786322013236 1670
1786322015756 1651
1786322018262 2424
1786322021537 1599
1786322023971 1600
1786322026420 1653
1786322028926 1663
1786322031450 1581
1786322033847 2426
1786322037115 1670
1786322039639 1664
1786322042171 1599
1786322044620 1679
1786322047156 1674
1786322049668 2319
1786322052855 1622
1786322055344 1589
1786322104224 2448
1786322107534 1683
1786322110076 1628
1786322112569 1622
1786322115031 1638
1786322117513 1676
1786322120032 2343
1786322123208 1614
1786322127273 1612
1786322129729 1620
1786322132190 1620
1786322134658 1627
1786322137132 2422
1786322140419 1649
1786322142931 1700
1786322145501 1691
1786322148053 1687
1786322150600 1662
1786322153112 2430
1786322156412 1692
1786322158967 1695
1786322161576 1714
1786322165069 1708
1786322167655 1673
1786322170225 2432
1786322218260 2402
1786322221524 1657
1786322224048 1652
1786322226560 1668
1786322229092 1677
1786322231619 1667
1786322234149 2445
1786322237466 1668
1786322240002 1668
1786322242539 1678
1786322246757 1681
1786322249317 1683
1786322251870 2454
1786322255200 1687
1786322257763 1691
1786322260328 1691
1786322262896 1696
1786322265461 1696
1786322268036 2465
1786322271386 1722
1786322273968 1680
1786322276529 1670
1786322279064 1680
1786322281602 1682
1786322284188 2423
1786322291063 1673
1786322293600 1681
1786322296210 1669
1786322340912 2465
1786322344243 1680
1786322346801 1674
1786322349347 1681
1786322351908 1688
1786322354476 1697
1786322357047 2463
1786322360383 1681
1786322362942 1671
1786322365490 1694
1786322368061 1709
1786322370658 1765
1786322373310 2482
1786322376663 1711
1786322379266 1693
1786322381846 1722
1786322384460 1761
1786322387143 1697
1786322389714 2509
1786322393122 1727
1786322395727 1706
1786322398315 1706
1786322402601 1693
1786322411540 2473
1786322414901 1698
1786322417519 1705
1786322460654 2528
1786322464094 1724
1786322466731 1717
1786322469355 1722
1786322471983 1793
1786322474687 1729
1786322477319 2523
1786322479881 1723
1786322482492 1747
1786322485155 1781
1786322487823 1709
1786322490453 1728
1786322493089 1723
1786322495703 2615
1786322499214 1782
1786322501907 1794
1786322504619 1718
1786322507253 1802
1786322509980 1726
1786322512608 2520
1786322516048 1788
1786322518733 1791
1786322521442 1794
1786322524146 1724
1786322526762 1724
1786322529418 2594
1786322532897 1725
1786322535543 1797
1786322538266 1732
1786322540898 1721
1786322592429 2533
1786322595866 1729
1786322598489 1713
1786322601095 1820
1786322603828 1808
1786322606556 1801
1786322609286 2508
1786322612675 1700
1786322616994 1793
1786322619702 1742
1786322622335 1708
1786322624958 1734
1786322627594 2544
1786322631045 1807
1786322633749 1758
1786322636400 1766
1786322639079 1789
1786322641779 1721
1786322644430 2542
1786322647911 1734
1786322659834 1793
1786322662528 2528
1786322666014 1771
1786322706863 2556
1786322710322 1748
1786322712975 1743
1786322715618 1746
1786322718265 1740
1786322720901 1738
1786322723541 2633
1786322727079 1811
1786322729793 1748
1786322732450 1749
1786322735111 1772
1786322737790 1817
1786322740511 2561
1786322744006 1791
1786322746732 1751
1786322749398 1816
1786322752121 1753
1786322754757 1750
1786322759166 2573
1786322762648 1820
1786322765388 1758
1786322768051 1758
1786322770733 1780
1786322773424 1770
1786322776111 2566
1786322779593 1767
1786322782270 1756
1786322784957 1757
1786322787634 1766
1786322790329 1756
1786322842294 2557
1786322845765 1764
1786322847570 1753
1786322850248 1755
1786322852041 1775
1786322854733 1775
1786322857424 1771
1786322860107 2562
1786322863606 1763
1786322866285 1752
1786322868946 1778
1786322871631 1819
1786322874366 1830
1786322877136 2656
1786322880723 1780
1786322883415 1759
1786322886087 1816
1786322888816 1760
1786322891499 1764
1786322894183 2667
1786322897778 1831
1786322900523 1756
1786322903218 1755
1786322905910 1835
1786322908662 1810
1786322911392 2673
1786322915009 1831
1786322917817 1785
1786322971570 2604
1786322975090 1800
1786322976928 1752
1786322979584 1766
1786322991594 2610
1786322995126 1803
1786323001901 1838
1786323004677 1791
1786323007483 1816
1786339357282 3213
1786339365642 3376
1786339419465 3206
1786339424304 3209
1786339429127 3217
1786339433974 3258
1786339438871 3194
1786339443674 3210
1786339448537 3288
1786339453462 3297
1786339458433 3220
1786339463299 3309
1786339468273 3297
1786339473249 3306
1786339478221 3284
1786339483173 3261
1786339488094 3310
1786339493126 3362
1786339498254 3365
1786339545122 3359
1786339554157 3334
