# timestamp_ms rss_kb
1785388692382 12312
1785388693330 26564
1785388693403 92156
1785388693473 142880
1785388693545 179340
1785388693616 204916
1785388693690 253548
1785388693763 308884
1785388693837 363452
1785388693913 396080
1785388693992 430416
1785388694067 474884
1785388694141 530220
1785388694223 585552
1785388694301 640888
1785388694382 678408
1785388694463 730056
1785388694539 797468
1785388695024 822444
1785388695110 875028
1785388695205 933748
1785388695317 989780
1785388695417 1045476
1785388695539 1108900
1785388695677 1171000
1785388695814 1247960
1785388695971 1290076
1785388696135 1328644
1785388696320 1377820
1785388696497 1420936
1785388696698 1457356
1785388701670 1512700
1785388701861 1554524
1785388702021 1597260
1785388702232 1638004
1785388702416 1706916
1785388702628 1743892
1785388704308 1806420
1785388710496 1858576
1785388712479 1909256
1785388719205 1953160
1785388719479 2030076
1785388720421 2077836
1785388734901 2151900
1785388735120 2195444
1785388736766 2264552
1785388744478 2323944
1785388752265 2382956
1785388759949 2440684
1785388767255 2493796
1785388768172 2555380
1785388768683 2765264
1785388789209 2767816 (true peak, below trigger threshold; snapshot is in peaks/peak.smaps)
