1785388692382 41
1785388693330 39
1785388693403 36
1785388693473 35
1785388693545 36
1785388693616 39
1785388693690 38
1785388693763 37
1785388693837 39
1785388693913 42
1785388693992 37
1785388694067 38
1785388694141 44
1785388694223 39
1785388694301 42
1785388694382 41
1785388694463 39
1785388694539 40
1785388694694 32
1785388694786 25
1785388694843 42
1785388694918 23
1785388695024 44
1785388695110 47
1785388695205 56
1785388695317 50
1785388695417 57
1785388695539 66
1785388695677 63
1785388695814 78
1785388695971 80
1785388696135 93
1785388696320 88
1785388696497 73
1785388696698 73
1785388697076 57
1785388697312 89
1785388697739 49
1785388697955 89
1785388698090 48
1785388698187 48
1785388698280 57
1785388698389 58
1785388698497 49
1785388698598 94
1785388698743 58
1785388698851 58
1785388698960 58
1785388701670 95
1785388701861 79
1785388702021 104
1785388702232 89
1785388702416 100
1785388702628 104
1785388702847 67
1785388703939 89
1785388704194 53
1785388704308 79
1785388705331 88
1785388710496 148
1785388710877 72
1785388711202 122
1785388712122 126
1785388712479 134
1785388719000 140
1785388719205 136
1785388719479 166
1785388719781 138
1785388720044 91
1785388720260 95
1785388720421 131
1785388721303 91
1785388721460 135
1785388721782 142
1785388734901 116
1785388735120 117
1785388735395 57
1785388735573 68
1785388735673 101
1785388736527 56
1785388736766 104
1785388737618 57
1785388737851 104
1785388738312 56
1785388738829 107
1785388743245 99
1785388744136 105
1785388744478 102
1785388745380 100
1785388745598 57
1785388746062 55
1785388746570 101
1785388751057 105
1785388751965 63
1785388752265 108
1785388753344 101
1785388758651 107
1785388759511 58
1785388759800 90
1785388759949 53
1785388760672 102
1785388760952 57
1785388766050 105
1785388766219 56
1785388766961 56
1785388767255 105
1785388767463 61
1785388768172 109
1785388768557 59
1785388768683 100
1785388768888 55
1785388789209 91
