1790719878831 730
1790719879598 825
1790719880457 818
1790719881311 829
1790719882175 834
1790719883046 833
1790719883917 811
1790719884765 747
1790719885550 727
1790719886315 760
1790719887113 748
1790719887900 761
1790719888699 748
1790719889488 756
1790719890286 749
1790719891076 755
1790719891872 759
1790719892675 761
1790719893479 756
1790719894277 767
1790719895081 560
1790719895687 433
1790719898933 164
1790719899130 28
1790719899218 28
1790719899279 30
1790719899342 28
1790719899403 27
1790719899462 29
1790719899526 30
1790719899589 31
1790719899653 30
1790719899716 30
1790719899780 29
1790719899845 161
1790719900039 31
1790719900105 30
1790719900196 40
1790719900270 38
1790719900392 45
1790719900468 45
1790719900550 49
1790719900636 52
1790719900716 55
1790719900799 196
1790719901030 52
1790719901109 63
1790719901211 66
1790719901327 55
1790719901409 62
1790719901521 63
1790719901903 68
1790719902148 62
1790719902254 53
1790719902577 52
1790719902934 49
1790719903033 49
1790719903125 52
1790719903223 50
1790719905812 195
1790719906034 55
1790719906129 70
1790719906239 60
1790719906347 64
1790719906465 68
1790719906588 74
1790719907643 51
1790719907752 53
1790719907860 50
1790719908688 202
1790719914822 197
1790719970246 202
