1785409616629 12320 15
1785409617551 23228 14
1785409617618 92180 11
1785409617676 127272 10
1785409617734 189036 11
1785409617976 195172 11
1785409618196 235508 12
1785409618270 287264 12
1785409618341 329432 16
1785409618517 340640 15
1785409619166 359524 16
1785409619698 363620 16
1785409620176 367716 15
1785409620535 368000 14
1785409622042 370952 16
1785409622195 376608 15
1785409622567 376616 15
1785409623109 417340 14
1785409623341 436336 14
1785409624044 442480 16
1785409624385 450672 16
1785409624556 456816 16
1785409625138 460912 15
1785409626021 467056 18
1785409662532 471396 18
