1790758261083 258472 27
1790758261607 274212 23
1790758262212 283648 22
1790758269134 1025180 32
1790758269971 1136972 32
1790758274085 1303360 32
1790758274203 1489140 29
1790758274331 1726712 32
1790758274564 1881776 32
1790758274696 2066096 31
1790758275100 2131260 29
1790758275211 2260284 29
1790758275322 2391356 29
1790758275428 2469772 32
1790758275573 2514916 34
1790758275690 2571112 33
1790758281345 2680412 37
1790758282156 2683808 34
1790758282863 2688868 39
1790758288902 2708376 42
1790758289151 2761624 39
1790758289753 2800104 37
1790758289918 2836968 40
1790758290052 2902320 38
1790758290187 3055368 38
1790758294479 3394252 42
