1790758838691 26100 29
1790758838813 30188 21
1790758838891 44776 23
1790758839831 44800 19
1790758839944 46264 21
1790758840752 46348 21
1790758840822 47116 22
1790758840891 68648 24
1790758840972 82764 22
1790758841055 138132 24
1790758841137 156020 21
1790758841217 175260 22
1790758841298 189188 23
1790758841381 226116 22
1790758841462 244616 24
1790758841590 275268 25
1790758841675 300064 23
1790758841756 318568 24
1790758841887 355524 24
1790758841971 373968 23
1790758842105 392492 25
1790758842190 410956 23
1790758842273 429432 23
1790758842358 443288 23
1790758842441 480176 23
1790758842525 498624 23
1790758842658 535564 24
1790758842744 554020 24
1790758842899 568780 25
1790758842987 609432 24
1790758843072 623300 23
1790758843154 641752 25
1790758843241 660208 23
1790758843324 674052 25
1790758843457 710940 22
1790758843540 729388 26
1790758843697 765048 27
1790758843836 784720 25
1790758843922 798576 27
1790758843999 817008 24
1790758844087 835452 25
1790758844929 835456 24
1790758845267 847604 26
1790758845352 857504 27
1790758845830 866164 30
1790758845922 914296 27
1790758846020 924388 27
1790758846225 939116 29
1790758846521 953772 30
1790758846681 964132 29
1790758846891 978680 29
1790758847052 989172 30
1790758847321 1005860 32
1790758847545 1016244 34
1790758847753 1030676 32
1790758847997 1045208 33
1790758848200 1055788 35
1790758848424 1070544 35
1790758848699 1087160 33
1790758849037 1104072 37
1790758849289 1118716 38
1790758849536 1131112 41
1790758849699 1143684 35
1790758849853 1156088 35
1790758850141 1172772 36
1790758850245 1389640 43
1790758850688 1422712 100
1790758851262 2064764 108
1790758851649 3785532 101
1790758852048 3922340 76
1790758853632 3923124 72
1790758854578 4062492 75
1790758855623 4114492 79
1790758856479 4193292 74
1790758856834 5095848 101
1790758857202 5940568 114
1790758857597 7298348 89
1790758858011 9026824 88
1790758858376 9489396 108
1790758859111 10136300 90
1790758859474 10371952 108
1790758861416 10677868 105
1790758861770 10872444 98
1790758862967 11102856 94
1790758863335 11516468 91
1790758865312 11527732 95
1790758867257 11532948 98
1790758869341 11537144 104
1790758871950 11540172 93
1790758874327 11541704 96
1790758876451 11542728 97
1790758878981 11543352 106
1790758881465 11544672 95
1790758884254 11546180 101
1790758886284 11558940 96
1790758886636 12929000 95
1790758886998 13309040 116
1790758888222 13617584 96
1790758890251 13702008 96
1790758890568 14371280 125
1790758890983 15010324 115
1790758893766 15042108 96
1790758895813 15064948 107
1790758898662 15068584 120
1790758901191 15069280 111
1790758903762 15069868 112
1790758906153 15070292 104
1790758908518 15072404 107
1790758910979 15072520 113
1790758913610 15072664 119
1790758918938 15079248 113
1790758921243 15122168 115
1790758925043 15122888 117
1790758927666 15123492 101
1790758929871 15123820 99
1790758937203 15130892 108
1790758942966 15131076 105
1790758946678 15131448 107
1790758948989 15174604 119
1790758951941 15176016 112
1790758955411 15176160 102
1790758957546 15176396 102
1790758962818 15183460 116
1790758974170 15183508 132
1790758978269 15186084 100
1790758981290 15186136 104
1790758984105 15186164 110
1790758991208 15193244 116
1790758994206 15193344 115
1790758998121 15193948 119
1790759000509 15203300 125
1790759004648 15203796 118
1790759007352 15204244 107
1790759010176 15204356 110
1790759015628 15204540 110
1790759020884 15211540 123
1790759023449 15211748 105
1790759028168 15211832 111
1790759030544 15212512 120
1790759033223 15212536 119
1790759035823 15212544 111
1790759039588 15212784 111
1790759042020 15212856 103
1790759054538 15258464 112
1790759056803 15275236 118
1790759063723 15275808 102
1790759068051 15275916 115
1790759074450 15276180 114
1790759083135 15276184 113
1790759085969 15291408 127
1790759088980 15291548 115
1790759091680 15291604 103
1790759094043 15291788 117
1790759097059 15291852 113
1790759100073 15291884 115
1790759103802 15307416 114
1790759106958 15307460 107
1790759110519 15307468 107
1790759113276 15308100 106
1790759115530 15308224 109
1790759119901 15308280 112
1790759128545 15308312 114
1790759136177 15308436 111
1790759143692 15309056 104
1790759145786 15309076 105
1790759150263 15309268 122
1790759156957 15309788 115
1790759165131 15324328 126
1790759192649 15326296 118
1790759195122 15327228 107
