# timestamp_ms rss_kb
1787166550933 261496
1787166551141 266840
1787166551389 272240
1787166551558 277872
1787166552012 285028
1787166552574 299416
1787166555285 307656
1787166555493 314392
1787166555602 325928
1787166555933 338432
1787166556622 348176
1787166557105 360788
1787166557463 368092
1787166557810 382616
1787166558627 393912
1787166558745 416484
1787166558860 425704
1787166558979 477200
1787166559472 508760
1787166559684 545624
1787166560682 583244
1787166560802 613964
1787166560932 677508
1787166561051 728708
1787166561172 755332
1787166561293 808580
1787166561420 828652
1787166561542 846048
1787166563164 874744
1787166563745 907328
1787166564204 980096
1787166564851 1023756
1787166572390 1081084
1787166660926 1098516 (true peak, below trigger threshold; snapshot is in peaks/peak.smaps)
