1790694404006 262004 29
1790694404606 265092 28
1790694405014 267988 27
1790694405647 270160 30
1790694406272 271468 29
1790694406445 275836 29
1790694407267 276956 29
1790694407897 283972 28
1790694408536 284924 31
1790694409230 286976 30
1790694409440 296312 27
1790694410548 298384 29
1790694410714 301576 30
1790694411004 316720 31
1790694411119 339676 30
1790694411253 346424 32
1790694411441 376256 32
1790694411609 402868 33
1790694411749 420476 33
1790694411896 442400 33
1790694412042 458524 34
1790694412192 478776 33
1790694412340 495208 33
1790694412489 505088 34
1790694412621 517124 33
1790694413052 524232 33
1790694413750 528568 34
1790694414525 530320 33
1790694415207 535684 30
1790694415902 536216 33
1790694416726 536792 32
1790694417389 537236 31
1790694418134 537968 31
1790694418379 551128 33
1790694419079 552116 32
1790694419771 552936 33
1790694420489 554080 31
1790694421148 555720 33
1790694421487 572840 33
1790694422313 575304 35
1790694423106 577028 32
1790694423651 586484 33
1790694423851 599244 32
1790694424103 621820 35
1790694424294 632868 35
1790694424548 652160 32
1790694424814 667880 32
1790694425110 674872 33
1790694425365 682372 35
1790694425518 690900 34
1790694425757 703676 36
1790694426100 722088 36
1790694426355 729440 32
1790694426611 737576 34
1790694427324 742868 34
1790694428036 746276 35
1790694428811 747376 33
1790694429557 751884 38
1790694430337 752504 35
1790694431103 753080 35
1790694431879 766656 35
1790694432607 767912 35
1790694433386 768560 35
1790694434175 769728 34
1790694434961 771292 34
1790694435392 788364 34
1790694436131 790752 34
1790694436918 792116 34
1790694437630 793224 33
1790694438395 797332 38
1790694438583 808920 35
1790694438856 826656 36
1790694439157 863240 36
1790694439478 881948 34
1790694439666 900988 35
1790694439817 913440 35
1790694440117 935340 38
1790694440385 947548 35
1790694440627 964176 36
1790694440932 980052 35
1790694441232 1004208 36
1790694442033 1013748 36
1790694442791 1014176 36
1790694443557 1014724 34
1790694444334 1019304 37
1790694445116 1019976 37
1790694445967 1020676 38
1790694446362 1033948 37
1790694447118 1034884 37
1790694447885 1035484 39
1790694448753 1036100 41
1790694449642 1037704 35
1790694450411 1039120 35
1790694450547 1055392 38
1790694451471 1057972 35
1790694452239 1059360 37
1790694453226 1060600 36
1790694453656 1073216 36
1790694454104 1090720 39
1790694454340 1101724 38
1790694454677 1119288 38
1790694455037 1136796 38
1790694455343 1149184 38
1790694457058 1156252 38
1790694457375 1174684 33
1790694457598 1189020 34
1790694458007 1203356 35
1790694458314 1215644 36
1790694458620 1227932 34
1790694458844 1242268 34
1790694459097 1256604 35
1790694459746 1269576 32
1790694460475 1271180 35
1790694461267 1279156 34
1790694462000 1279724 33
1790694462703 1280436 35
1790694463496 1291332 33
1790694464223 1297896 35
1790694464946 1298656 34
1790694465691 1300076 34
1790694466414 1301700 36
1790694467180 1314828 34
1790694467896 1316400 35
1790694468614 1317588 35
1790694470791 1324424 36
1790694471073 1338760 36
1790694471459 1353096 32
1790694471763 1367432 33
1790694472147 1381768 34
1790694472538 1398152 35
1790694472943 1414536 36
1790694473317 1430920 36
1790694473551 1447176 34
1790694474330 1447800 36
1790694475117 1448276 34
1790694475894 1448996 36
1790694476695 1449740 35
1790694477486 1450464 35
1790694478288 1451176 36
1790694479089 1451968 38
1790694479883 1453744 35
1790694480675 1455532 37
1790694481490 1457792 39
1790694482305 1459288 34
1790694483021 1460332 35
1790694483451 1475780 35
1790694483779 1494212 38
1790694484175 1510596 35
1790694484641 1537220 36
1790694484983 1553604 36
1790694485295 1574084 35
1790694485639 1590468 35
1790694485947 1610948 36
1790694486756 1623392 36
1790694487540 1624016 36
1790694488353 1624824 37
1790694489200 1625580 37
1790694490036 1626668 36
1790694490851 1628512 34
1790694491599 1630652 35
1790694492383 1632628 36
1790694493191 1634312 35
1790694493601 1711248 36
