1790154752560 64
1790154752659 40
1790154752733 39
1790154752807 85
1790154752928 62
1790154753026 64
1790154753127 65
1790154753229 64
1790154753333 66
1790154753439 65
1790154753541 65
1790154753644 65
1790154753746 68
1790154753856 70
1790154753964 67
1790154754071 66
1790154754175 67
1790154754282 67
1790154754387 68
1790154754494 67
1790154754600 70
1790154754713 71
1790154754824 69
1790154754933 71
1790154755043 70
1790154755152 70
1790154755261 71
1790154755373 71
1790154755486 73
1790154755598 72
1790154755712 74
1790154755825 73
1790154755938 75
1790154756054 75
1790154756168 75
1790154756284 77
1790154756402 75
1790154756516 77
1790154756637 82
1790154756760 79
1790154756879 79
1790154756999 79
1790154757120 79
1790154757240 80
1790154757362 103
1790154757507 81
1790154757631 84
1790154757757 81
1790154757879 82
1790154758003 83
1790154758126 83
1790154758252 83
1790154758377 84
1790154758502 83
1790154758627 84
1790154758753 85
1790154758879 85
1790154759006 85
1790154759133 86
1790154759264 90
1790154759396 94
1790154759530 92
1790154759664 91
1790154759796 89
1790154759916 89
1790154760047 91
1790154760182 93
1790154760315 93
1790154760438 91
1790154760570 95
1790154760696 95
1790154760831 95
1790154760958 98
1790154761096 96
1790154761222 99
1790154761367 27
1790154761424 96
1790154761577 27
1790154761649 91
1790154761773 26
1790154761831 26
1790154761915 27
1790154761973 94
1790154762109 27
1790154762168 25
1790154762225 26
1790154762283 98
1790154762436 28
1790154762494 25
1790154762562 26
1790154762622 95
1790154762774 26
1790154762886 93
1790154763048 28
1790154763162 96
1790154763346 28
1790154763443 99
1790154763626 27
1790154763712 95
1790154763898 27
1790154763984 27
1790154764043 93
1790154764195 26
1790154764293 94
1790154764471 27
1790154764585 97
1790154764753 26
1790154764868 96
1790154765024 30
1790154765126 100
1790154765314 28
1790154765404 28
1790154765465 100
1790154765607 28
1790154765670 27
1790154765757 101
1790154765948 29
1790154766046 107
1790154766214 28
1790154766278 28
1790154766366 110
1790154766546 31
1790154766666 112
1790154766841 31
1790154766907 30
1790154766985 32
1790154767054 109
1790154767197 29
1790154767257 29
1790154767347 29
1790154767410 113
1790154767599 30
1790154767689 109
1790154767889 31
1790154767991 106
1790154768189 31
1790154768285 31
1790154768351 106
1790154768501 29
1790154768563 28
1790154768656 112
1790154768856 30
1790154768962 114
1790154769166 30
1790154769260 117
1790154769463 30
1790154769568 118
1790154769780 31
1790154769875 31
1790154769941 116
1790154770117 32
1790154770231 117
1790154770411 32
1790154770478 31
1790154770568 113
1790154770742 30
1790154770809 30
1790154770885 31
1790154770949 114
1790154771124 29
1790154771245 111
1790154771417 29
1790154771525 121
1790154771678 31
1790154771769 31
1790154771894 112
1790154772074 29
1790154772175 116
1790154772385 31
1790154772479 29
1790154772543 111
1790154772690 29
1790154772749 29
1790154772849 116
1790154773028 30
1790154773092 30
1790154773184 29
1790154773248 114
1790154773426 30
1790154773536 120
1790154773718 30
1790154773781 29
1790154773869 119
1790154774079 31
1790154774192 119
1790154774376 31
1790154774443 29
1790154774535 120
1790154774720 31
1790154774799 31
1790154774865 123
1790154775076 29
1790154775199 123
1790154775383 31
1790154775513 119
1790154775696 31
1790154775820 124
1790154776033 31
1790154776139 126
1790154776353 30
1790154776448 123
1790154776664 32
1790154776774 124
1790154776991 33
1790154777092 31
1790154777216 130
1790154777408 32
1790154777520 32
1790154777651 123
1790154777841 33
1790154777967 31
1790154778066 125
1790154778240 31
1790154778304 31
1790154778425 130
1790154778620 33
1790154778689 31
1790154778782 31
1790154778877 126
1790154779081 33
1790154779147 31
1790154779243 33
1790154779341 125
1790154779502 31
1790154779596 30
1790154779688 33
1790154779758 31
1790154779837 128
1790154780064 32
1790154780163 32
1790154780293 130
1790154780489 32
1790154780600 32
1790154780722 129
1790154780917 32
1790154780986 31
1790154781081 32
1790154781179 127
1790154781356 35
1790154781425 30
1790154781548 130
1790154781745 32
1790154781811 34
1790154781989 133
1790154782204 36
1790154782306 36
1790154782444 134
1790154782645 31
1790154782772 31
1790154782854 33
1790154782922 140
1790154783128 31
1790154783221 31
1790154783285 31
1790154783378 132
1790154783577 31
1790154783643 32
1790154783722 31
1790154783789 31
1790154783889 142
1790154784067 33
1790154784136 31
1790154784233 32
1790154784300 30
1790154784365 34
1790154784436 128
1790154784615 32
1790154784684 31
1790154784779 31
1790154784875 134
1790154785072 31
1790154785139 31
1790154785236 32
1790154785333 31
1790154785414 133
1790154785582 32
1790154785679 32
1790154785746 30
1790154785843 132
1790154786041 32
1790154786138 32
1790154786207 31
1790154786290 32
1790154786355 137
1790154786557 31
1790154786653 31
1790154786747 30
1790154786811 137
1790154787014 32
1790154787141 31
1790154787222 32
1790154787292 138
1790154787495 30
1790154787588 34
1790154787657 30
1790154787757 140
1790154787966 33
1790154788088 31
1790154788203 136
1790154788406 35
1790154788535 35
1790154788640 146
1790154788887 35
1790154788992 33
1790154789108 144
1790154789320 34
1790154789389 31
1790154789455 34
1790154789524 34
1790154789626 143
1790154789863 34
1790154789967 34
1790154790093 144
1790154790308 34
1790154790441 34
1790154790540 148
1790154790784 33
1790154790884 36
1790154791008 153
1790154791230 33
1790154791302 31
1790154791401 32
1790154791503 148
1790154791725 37
1790154791859 35
1790154791951 155
1790154792209 34
1790154792314 36
1790154792421 36
1790154792496 158
1790154792692 37
1790154792767 37
1790154792872 35
1790154792963 34
1790154793035 31
1790154793105 153
1790154793296 34
1790154793398 33
1790154793498 33
1790154793631 145
1790154793843 36
1790154793951 34
1790154794076 34
1790154794178 149
1790154794425 34
1790154794531 35
1790154794635 35
1790154794709 33
1790154794779 33
1790154794848 150
1790154795069 35
1790154795191 35
1790154795293 36
1790154795400 154
1790154795656 34
1790154795764 34
1790154795867 36
1790154795942 32
1790154796012 34
1790154796085 152
1790154796295 35
1790154796400 33
1790154796539 34
1790154796641 158
1790154796868 33
1790154797005 35
1790154797113 35
1790154797233 161
1790154797463 35
1790154797605 36
1790154797716 36
1790154797827 155
1790154798053 38
1790154798162 37
1790154798237 34
1790154798326 37
1790154798433 158
1790154798695 35
1790154798800 35
1790154798932 33
1790154799034 161
1790154799268 35
1790154799340 36
1790154799436 37
1790154799546 36
1790154799654 38
1790154799733 165
1790154799937 38
1790154800015 36
1790154800090 36
1790154800164 36
1790154800238 38
1790154800317 38
1790154800395 37
1790154800474 163
1790154800699 39
1790154800778 35
1790154800855 36
1790154800932 36
1790154801009 37
1790154801122 166
1790154801362 38
1790154801501 37
1790154801607 36
1790154801745 167
1790154801972 38
1790154802081 36
1790154802157 34
1790154802228 36
1790154802303 35
1790154802413 165
1790154802648 37
1790154802759 34
1790154802868 36
1790154803009 165
1790154803234 36
1790154803344 36
1790154803491 36
1790154803598 162
1790154803833 37
1790154803943 37
1790154804090 36
1790154804204 164
1790154804426 36
1790154804500 35
1790154804609 35
1790154804715 39
1790154804829 169
1790154805068 35
1790154805207 35
1790154805317 37
1790154805431 172
1790154805691 36
1790154805798 36
1790154805907 36
1790154805980 34
1790154806054 37
1790154806130 166
1790154806334 34
1790154806408 34
1790154806516 39
1790154806629 35
1790154806737 170
1790154806999 37
1790154807107 35
1790154807212 34
1790154807282 35
1790154807385 187
1790154807644 35
1790154807752 35
1790154807862 36
1790154807936 35
1790154808012 36
1790154808086 172
1790154808325 36
1790154808435 36
1790154808542 34
1790154808680 34
1790154808786 172
1790154809031 36
1790154809141 36
1790154809283 36
1790154809393 37
1790154809491 172
1790154809701 35
1790154809776 36
1790154809853 37
1790154809933 36
1790154810073 33
1790154810179 174
1790154810427 38
1790154810538 35
1790154810648 37
1790154810724 36
1790154810801 36
1790154810931 178
1790154811150 36
1790154811226 36
1790154811337 38
1790154811450 36
1790154811560 38
1790154811638 36
1790154811714 183
1790154811938 39
1790154812019 37
1790154812135 37
1790154812249 35
1790154812347 40
1790154812431 38
1790154812549 183
1790154812809 37
1790154812921 37
1790154813030 37
1790154813106 37
1790154813186 37
1790154813299 182
1790154813523 36
1790154813598 38
1790154813713 38
1790154813814 39
1790154813899 37
1790154814016 182
1790154814275 37
1790154814389 37
1790154814504 37
1790154814614 37
1790154814690 37
1790154814769 181
1790154815026 38
1790154815109 36
1790154815183 37
1790154815322 39
1790154815439 37
1790154815554 184
1790154815814 37
1790154815925 37
1790154816001 39
1790154816081 37
1790154816224 35
1790154816340 187
1790154816607 40
1790154816713 38
1790154816793 37
1790154816873 39
1790154816989 37
1790154817133 186
1790154817398 39
1790154817478 39
1790154817557 37
1790154817669 38
1790154817781 38
1790154817898 188
1790154818164 39
1790154818298 39
1790154818415 38
1790154818536 38
1790154818654 190
1790154818921 40
1790154819039 38
1790154819151 37
1790154819266 38
1790154819348 37
1790154819425 195
1790154819697 39
1790154819837 39
1790154819954 39
1790154820076 41
1790154820198 192
1790154820468 38
1790154820585 37
1790154820699 40
1790154820815 39
1790154820934 199
1790154821219 41
1790154821370 45
1790154821458 40
1790154821542 41
1790154821625 43
1790154821748 203
1790154822035 41
1790154822157 41
1790154822279 40
1790154822402 40
1790154822519 201
1790154822799 41
1790154822912 43
1790154822997 37
1790154823079 38
1790154823198 41
1790154823316 200
1790154823596 40
1790154823717 40
1790154823838 39
1790154823957 40
1790154824074 200
1790154824352 39
1790154824431 39
1790154824542 41
1790154824659 40
1790154824780 38
1790154824894 38
1790154825015 198
1790154825293 39
1790154825411 40
1790154825531 39
1790154825653 39
1790154825772 38
1790154825888 202
1790154826190 41
1790154826309 39
1790154826433 39
1790154826555 40
1790154826678 40
1790154826798 202
1790154827083 39
1790154827202 40
1790154827327 40
1790154827448 38
1790154827568 39
1790154827675 205
1790154827964 40
1790154828083 41
1790154828206 43
1790154828329 37
1790154828447 40
1790154828565 205
1790154828848 39
1790154828965 38
1790154829081 38
1790154829196 39
1790154829278 40
1790154829382 39
1790154829497 207
1790154829783 39
1790154829899 38
1790154830017 40
1790154830139 39
1790154830261 39
1790154830378 201
1790154830659 38
1790154830775 39
1790154830891 38
1790154830994 41
1790154831080 38
1790154831161 38
1790154831281 204
1790154831566 39
1790154831684 39
1790154831805 39
1790154831925 40
1790154832046 40
1790154832165 206
1790154832449 38
1790154832568 41
1790154832714 40
1790154832798 42
1790154832883 38
1790154832964 40
1790154833087 215
1790154833388 41
1790154833515 45
1790154833642 38
1790154833763 40
1790154833883 40
1790154834006 224
1790154834315 42
1790154834443 38
1790154834545 39
1790154834625 39
1790154834709 39
1790154834830 43
1790154834959 221
1790154835223 42
1790154835310 45
1790154835437 42
1790154835563 40
1790154835682 43
1790154835769 41
1790154835853 40
1790154835972 217
1790154836270 41
1790154836393 42
1790154836505 42
1790154836627 41
1790154836749 42
1790154836876 220
1790154837178 42
1790154837307 40
1790154837434 42
1790154837558 41
1790154837686 42
1790154837812 218
1790154838112 40
1790154838197 193
1790154838197 39
1790154838477 41
1790154838563 42
1790154838649 65
1790154838930 56
1790154839117 52
1790154839655 139
1790154841631 58
1790154849925 268
1790154879919 230
1790154880194 42
1790154880282 44
1790154880371 41
1790154880459 40
1790154880544 44
1790154880634 41
1790154880718 40
1790154880802 37
1790154880884 39
1790154880990 42
1790154881079 41
1790154881166 42
1790154881253 41
1790154881340 42
1790154881429 40
1790154881500 40
1790154881583 38
1790154881668 41
1790154883069 45
1790154887424 232
1790154887704 44
1790154887795 45
1790154887885 44
1790154887977 44
1790154888067 44
1790154888159 44
1790154888251 48
1790154888345 45
1790154888437 44
1790154888529 46
1790154888625 44
1790154888715 46
1790154888808 43
1790154888896 46
1790154888990 44
1790154889080 45
1790154889172 48
1790154889268 45
1790154889360 42
1790154889490 234
1790154889811 45
1790154889905 44
1790154889997 47
1790154890092 46
1790154890185 44
1790154890316 47
1790154890450 48
1790154890585 43
1790154890699 226
1790154891012 42
1790154891139 44
1790154891270 43
1790154891399 44
1790154891529 42
1790154891655 43
1790154891781 232
1790154892099 46
1790154892233 43
1790154892358 44
1790154892488 46
1790154892622 45
1790154892738 44
1790154892870 237
1790154893194 46
1790154893328 47
1790154893461 49
1790154893599 46
1790154893733 45
1790154893865 45
1790154893992 233
1790154894313 44
1790154894440 42
1790154894567 44
1790154894657 43
1790154894745 44
1790154894860 44
1790154894992 43
1790154895121 228
1790154895435 43
1790154895563 46
1790154895696 43
1790154895823 42
1790154895951 43
1790154896079 43
1790154896207 237
1790154896528 43
1790154896659 41
1790154896786 44
1790154896903 44
1790154897033 44
1790154897163 44
1790154897294 238
1790154897619 43
1790154897748 44
1790154897880 44
1790154898011 44
1790154898142 45
1790154898274 45
1790154898405 236
1790154898728 44
1790154898858 43
1790154898975 44
1790154899105 45
1790154899237 44
1790154899369 45
1790154899501 237
1790154899826 44
1790154899958 42
1790154900087 44
1790154900179 44
1790154900269 44
1790154900399 46
1790154900531 45
1790154900663 241
1790154900991 42
1790154901118 44
1790154901236 45
1790154901368 44
1790154901499 45
1790154901632 45
1790154901764 242
1790154902097 45
1790154902231 44
1790154902363 45
1790154902496 45
1790154902629 43
1790154902760 44
1790154902889 240
1790154903215 42
1790154903340 48
1790154903463 42
1790154903592 42
1790154903721 42
1790154903849 42
1790154903976 239
1790154904301 43
1790154904432 42
1790154904560 41
1790154904688 41
1790154904815 43
1790154904946 48
1790154905083 243
1790154905414 42
1790154905541 43
1790154905659 46
1790154905792 44
1790154905923 43
1790154906013 43
1790154906100 43
1790154906230 43
1790154906356 243
1790154906687 43
1790154906818 43
1790154906946 43
1790154907075 44
1790154907205 44
1790154907337 44
1790154907472 47
1790154907610 255
1790154907957 47
1790154908081 48
1790154908215 49
1790154908351 45
1790154908487 47
1790154908626 47
1790154908765 44
1790154908897 246
1790154909233 44
1790154909367 45
1790154909501 43
1790154909634 43
1790154909765 45
1790154909898 43
1790154910031 44
1790154910164 252
1790154910492 45
1790154910628 44
1790154910760 44
1790154910893 45
1790154911027 44
1790154911157 44
1790154911289 43
1790154911415 246
1790154911747 45
1790154911881 44
1790154912015 44
1790154912147 43
1790154912280 44
1790154912414 46
1790154912552 47
1790154912679 264
1790154913036 48
1790154913176 46
1790154913314 48
1790154913455 48
1790154913596 48
1790154913737 48
1790154913877 47
1790154914016 266
1790154914377 48
1790154914519 48
1790154914661 49
1790154914803 47
1790154914941 47
1790154915082 48
1790154915209 51
1790154915355 264
1790154915712 49
1790154915855 48
1790154915999 44
1790154916136 47
1790154916277 47
1790154916418 48
1790154916559 48
1790154916701 268
1790154917059 46
1790154917157 50
1790154917257 48
1790154917357 47
1790154917455 48
1790154917554 49
1790154917696 47
1790154917838 48
1790154917968 49
1790154918112 270
1790154918478 49
1790154918620 48
1790154918763 48
1790154918904 48
1790154919047 49
1790154919191 48
1790154919337 49
1790154919484 271
1790154919850 50
1790154919996 49
1790154920141 47
1790154920279 46
1790154920418 46
1790154920555 45
1790154920679 46
1790154920818 264
1790154921174 45
1790154921311 47
1790154921451 45
1790154921588 46
1790154921728 46
1790154921866 46
1790154922005 47
1790154922144 266
1790154922503 47
1790154922642 47
1790154922782 47
1790154922922 48
1790154923062 46
1790154923202 46
1790154923328 50
1790154923474 49
1790154923620 275
1790154923993 50
1790154924139 51
1790154924284 49
1790154924431 49
1790154924576 50
1790154924724 49
1790154924869 50
1790154925017 50
1790154925163 284
1790154925544 50
1790154925690 51
1790154925838 47
1790154925980 48
1790154926124 49
1790154926254 48
1790154926398 49
1790154926542 48
1790154926687 285
1790154927072 46
1790154927213 48
1790154927358 46
1790154927497 48
1790154927642 48
1790154927787 48
1790154927932 48
1790154928076 51
1790154928224 283
1790154928604 45
1790154928746 48
1790154928892 48
1790154929037 48
1790154929171 50
1790154929275 48
1790154929379 49
1790154929484 51
1790154929637 46
1790154929777 278
1790154930151 48
1790154930300 48
1790154930444 47
1790154930587 49
1790154930734 48
1790154930878 50
1790154931027 49
1790154931177 48
1790154931326 279
1790154931706 48
1790154931804 48
1790154931948 48
1790154932078 49
1790154932228 48
1790154932376 48
1790154932477 47
1790154932620 46
1790154932760 281
1790154933142 49
1790154933286 48
1790154933419 47
1790154933570 51
1790154933718 50
1790154933819 49
1790154933920 49
1790154934017 57
1790154934180 50
1790154934333 291
1790154934679 51
1790154934829 53
1790154934935 51
1790154935039 51
1790154935176 53
1790154935283 51
1790154935433 51
1790154935588 48
1790154935690 52
1790154935799 51
1790154935901 295
1790154936302 52
1790154936459 49
1790154936560 50
1790154936714 52
1790154936867 49
1790154936968 47
1790154937113 48
1790154937266 50
1790154937420 294
1790154937819 51
1790154937924 52
1790154938076 51
1790154938214 53
1790154938373 51
1790154938530 50
1790154938637 52
1790154938789 52
1790154938940 301
1790154939347 51
1790154939455 54
1790154939610 52
1790154939762 51
1790154939867 52
1790154940015 50
1790154940171 51
1790154940279 51
1790154940431 52
1790154940583 300
1790154940991 51
1790154941100 51
1790154941241 51
1790154941348 53
1790154941462 53
1790154941570 51
1790154941718 49
1790154941865 50
1790154941967 49
1790154942113 50
1790154942266 295
1790154942665 49
1790154942817 50
1790154942921 50
1790154943074 48
1790154943222 50
1790154943325 50
1790154943473 49
1790154943626 49
1790154943778 49
1790154943882 299
1790154944276 49
1790154944410 51
1790154944565 49
1790154944717 47
1790154944868 49
1790154944972 49
1790154945125 49
1790154945279 50
1790154945382 49
1790154945533 310
1790154945950 51
1790154946059 51
1790154946211 52
1790154946364 52
1790154946522 51
1790154946630 51
1790154946788 54
1790154946896 53
1790154947004 52
1790154947112 52
1790154947265 315
1790154947677 52
1790154947789 52
1790154947949 51
1790154948058 51
1790154948212 52
1790154948372 52
1790154948482 54
1790154948645 53
1790154948803 53
1790154948912 312
1790154949330 52
1790154949487 54
1790154949596 53
1790154949756 53
1790154949917 51
1790154950027 53
1790154950188 51
1790154950344 53
1790154950452 53
1790154950614 308
1790154951018 51
1790154951177 50
1790154951283 52
1790154951436 54
1790154951599 50
1790154951707 52
1790154951869 53
1790154952029 49
1790154952133 51
1790154952285 308
1790154952693 50
1790154952850 50
1790154952956 50
1790154953111 50
1790154953266 50
1790154953372 50
1790154953528 51
1790154953680 50
1790154953836 49
1790154953941 307
1790154954341 53
1790154954498 50
1790154954604 49
1790154954760 52
1790154954917 49
1790154955022 51
1790154955179 50
1790154955336 52
1790154955442 51
1790154955594 310
1790154956009 49
1790154956115 50
1790154956266 53
1790154956423 55
1790154956535 50
1790154956690 51
1790154956843 54
1790154956952 54
1790154957112 54
1790154957274 52
1790154957425 323
1790154957807 52
1790154957969 52
1790154958080 50
1790154958235 53
1790154958343 52
1790154958450 53
1790154958558 53
1790154958666 53
1790154958775 55
1790154958885 52
1790154959041 53
1790154959203 51
1790154959313 322
1790154959740 53
1790154959895 53
1790154960004 52
1790154960162 53
1790154960321 54
1790154960431 51
1790154960587 53
1790154960744 54
1790154960853 56
1790154961000 56
1790154961167 323
1790154961550 53
1790154961713 52
1790154961876 52
1790154961987 53
1790154962149 53
1790154962308 53
1790154962417 54
1790154962576 54
1790154962735 53
1790154962843 53
1790154963001 331
1790154963439 54
1790154963551 55
1790154963713 52
1790154963868 53
1790154963979 56
1790154964153 54
1790154964318 52
1790154964429 53
1790154964585 53
1790154964753 56
1790154964870 334
1790154965265 51
1790154965376 52
1790154965489 53
1790154965653 52
1790154965766 53
1790154965931 53
1790154966097 53
1790154966210 52
1790154966375 52
1790154966538 55
1790154966652 52
1790154966817 335
1790154967262 52
1790154967375 51
1790154967539 55
1790154967706 53
1790154967818 52
1790154967980 52
1790154968146 53
1790154968259 52
1790154968412 54
1790154968581 54
1790154968694 343
1790154969150 54
1790154969261 54
1790154969429 52
1790154969542 54
1790154969712 57
1790154969826 55
1790154969988 52
1790154970148 53
1790154970264 57
1790154970432 59
1790154970550 353
1790154971016 55
1790154971183 56
1790154971293 56
1790154971469 55
1790154971587 56
1790154971754 51
1790154971866 56
1790154972040 55
1790154972200 56
1790154972318 54
1790154972430 342
1790154972888 53
1790154973002 54
1790154973167 52
1790154973279 53
1790154973441 55
1790154973560 56
1790154973728 51
1790154973838 51
1790154973994 53
1790154974102 56
1790154974256 51
1790154974423 344
1790154974823 52
1790154974983 53
1790154975100 55
1790154975271 55
1790154975385 54
1790154975545 57
1790154975661 58
1790154975833 54
1790154976008 54
1790154976124 54
1790154976291 54
1790154976405 342
1790154976862 54
1790154976978 54
1790154977093 55
1790154977206 55
1790154977320 57
1790154977492 56
1790154977606 53
1790154977766 54
1790154977877 54
1790154978043 55
1790154978157 57
1790154978328 60
1790154978456 409
1790154978984 55
1790154979107 69
1790154979295 57
1790154979415 56
1790154979586 54
1790154979706 55
1790154979869 60
1790154979992 64
1790154980175 90
1790154980329 57
1790154980506 56
1790154980626 354
1790154981042 56
1790154981162 58
1790154981284 57
1790154981404 84
1790154981610 57
1790154981731 56
1790154981910 55
1790154982030 54
1790154982150 57
1790154982268 57
1790154982391 56
1790154982510 58
1790154982633 56
1790154982750 58
1790154982874 368
1790154983364 57
1790154983486 57
1790154983667 59
1790154983787 61
1790154983923 60
1790154984093 58
1790154984215 57
1790154984334 57
1790154984458 56
1790154984578 56
1790154984757 57
1790154984882 60
1790154985004 58
1790154985124 364
1790154985553 60
1790154985678 59
1790154985805 55
1790154985928 58
1790154986050 56
1790154986231 64
1790154986365 58
1790154986485 60
1790154986610 59
1790154986736 56
1790154986899 59
1790154987024 57
1790154987204 59
1790154987325 371
1790154987813 56
1790154987931 57
1790154988103 57
1790154988220 57
1790154988389 55
1790154988547 55
1790154988663 56
1790154988831 55
1790154988946 54
1790154989060 55
1790154989176 53
1790154989289 55
1790154989403 362
1790154989885 60
1790154990009 57
1790154990136 60
1790154990260 55
1790154990381 54
1790154990495 57
1790154990667 63
1790154990792 55
1790154990963 61
1790154991086 59
1790154991261 57
1790154991378 60
1790154991554 374
1790154991991 61
1790154992166 60
1790154992289 61
1790154992469 61
1790154992592 59
1790154992755 60
1790154992930 61
1790154993054 61
1790154993233 56
1790154993348 55
1790154993514 57
1790154993632 60
1790154993807 378
1790154994247 57
1790154994412 54
1790154994524 54
1790154994687 54
1790154994800 56
1790154994965 54
1790154995079 55
1790154995243 54
1790154995356 54
1790154995520 55
1790154995633 56
1790154995798 56
1790154995911 359
1790154996381 54
1790154996494 55
1790154996659 57
1790154996777 56
1790154996933 57
1790154997103 57
1790154997219 56
1790154997392 62
1790154997521 59
1790154997644 60
1790154997767 59
1790154997888 58
1790154998006 58
1790154998180 379
1790154998622 62
1790154998801 61
1790154998925 61
1790154999106 61
1790154999231 59
1790154999406 60
1790154999529 61
1790154999708 62
1790154999833 61
1790155000010 59
1790155000136 60
1790155000314 61
1790155000438 385
1790155000942 61
1790155001064 60
1790155001188 60
1790155001312 61
1790155001481 59
1790155001604 62
1790155001726 57
1790155001844 60
1790155002026 59
1790155002147 59
1790155002323 59
1790155002443 58
1790155002619 58
1790155002740 387
1790155003245 59
1790155003366 59
1790155003544 60
1790155003667 60
1790155003845 60
1790155003968 60
1790155004147 59
1790155004269 59
1790155004450 60
1790155004572 61
1790155004753 60
1790155004876 62
1790155005056 393
1790155005516 60
1790155005697 62
1790155005823 63
1790155005994 59
1790155006116 59
1790155006292 59
1790155006414 60
1790155006592 60
1790155006714 60
1790155006893 61
1790155007016 61
1790155007140 59
1790155007261 61
1790155007386 391
1790155007843 58
1790155008019 60
1790155008141 59
1790155008263 59
1790155008384 60
1790155008505 60
1790155008627 63
1790155008811 64
1790155008938 61
1790155009066 60
1790155009255 59
1790155009378 55
1790155009557 62
1790155009685 62
1790155009812 398
1790155010338 60
1790155010461 61
1790155010638 60
1790155010766 62
1790155010893 64
1790155011021 64
1790155011151 63
1790155011279 63
1790155011409 62
1790155011538 62
1790155011669 61
1790155011797 64
1790155011926 63
1790155012112 65
1790155012242 65
1790155012375 404
1790155012844 63
1790155012973 64
1790155013100 62
1790155013287 61
1790155013417 61
1790155013547 62
1790155013674 62
1790155013801 64
1790155013928 68
1790155014064 64
1790155014256 62
1790155014381 62
1790155014511 63
1790155014638 63
1790155014765 65
1790155014895 406
1790155015367 63
1790155015494 65
1790155015624 68
1790155015803 66
1790155015935 59
1790155016056 58
1790155016236 57
1790155016343 58
1790155016522 58
1790155016643 58
1790155016766 59
1790155016889 58
1790155017014 59
1790155017135 59
1790155017279 63
1790155017448 415
1790155017926 63
1790155018123 63
1790155018260 61
1790155018393 60
1790155018586 80
1790155018737 60
1790155018876 60
1790155019061 61
1790155019193 61
1790155019325 64
1790155019526 63
1790155019668 61
1790155019800 60
1790155019992 411
1790155020477 63
1790155020656 62
1790155020786 62
1790155020914 62
1790155021046 62
1790155021171 61
1790155021300 61
1790155021428 68
1790155021568 63
1790155021756 59
1790155021879 58
1790155022004 62
1790155022136 60
1790155022263 61
1790155022390 62
1790155022520 66
1790155022654 410
1790155023137 62
1790155023268 63
1790155023406 63
1790155023602 64
1790155023741 62
1790155023879 74
1790155024024 76
1790155024241 70
1790155024388 66
1790155024519 71
1790155024668 69
1790155024817 65
1790155025018 68
1790155025156 424
1790155025655 66
1790155025883 63
1790155026020 72
1790155026174 62
1790155026314 68
1790155026452 61
1790155026584 65
1790155026722 64
1790155026864 69
1790155027024 64
1790155027164 65
1790155027301 67
1790155027502 69
1790155027650 64
1790155027788 428
1790155028287 69
1790155028428 64
1790155028562 65
1790155028701 64
1790155028839 63
1790155028973 61
1790155029186 67
1790155029343 64
1790155029497 64
1790155029639 68
1790155029778 64
1790155029914 67
1790155030064 69
1790155030206 65
1790155030346 66
1790155030543 432
1790155031114 67
1790155031254 67
1790155031413 70
1790155031559 64
1790155031707 66
1790155031852 67
1790155031997 69
1790155032145 71
1790155032365 67
1790155032524 63
1790155032664 67
1790155032799 67
1790155032939 67
1790155033096 71
1790155033243 68
1790155033386 445
1790155033906 68
1790155034057 72
1790155034205 67
1790155034345 68
1790155034488 66
1790155034631 69
1790155034774 65
1790155034909 67
1790155035116 69
1790155035268 70
1790155035425 67
1790155035568 67
1790155035708 71
1790155035857 72
1790155036010 70
1790155036213 460
1790155036746 66
1790155036888 68
1790155037033 70
1790155037182 72
1790155037389 65
1790155037521 67
1790155037660 66
1790155037802 72
1790155037953 67
1790155038097 66
1790155038236 73
1790155038382 69
1790155038529 69
1790155038672 71
1790155038831 81
1790155039013 452
1790155039549 68
1790155039692 69
1790155039839 66
1790155039977 68
1790155040120 69
1790155040277 67
1790155040420 82
1790155040580 70
1790155040735 68
1790155040885 67
1790155041024 77
1790155041194 77
1790155041354 74
1790155041565 73
1790155041714 69
1790155041918 449
1790155042463 64
1790155042603 69
1790155042811 69
1790155042953 69
1790155043103 72
1790155043251 71
1790155043392 71
1790155043563 80
1790155043722 70
1790155043865 65
1790155044077 69
1790155044221 66
1790155044363 65
1790155044510 68
1790155044655 462
1790155045190 68
1790155045333 71
1790155045483 72
1790155045634 68
1790155045778 68
1790155045923 70
1790155046068 71
1790155046210 69
1790155046355 67
1790155046501 69
1790155046644 67
1790155046787 70
1790155046933 70
1790155047083 70
1790155047225 71
1790155047372 68
1790155047604 70
1790155047756 466
1790155048297 72
1790155048525 69
1790155048669 72
1790155048825 71
1790155048983 71
1790155049134 67
1790155049265 72
1790155049429 69
1790155049576 68
1790155049729 69
1790155049875 69
1790155050019 72
1790155050165 67
1790155050312 71
1790155050464 70
1790155050612 75
1790155050764 460
1790155051299 69
1790155051447 67
1790155051591 69
1790155051806 68
1790155051972 69
1790155052122 67
1790155052265 68
1790155052409 73
1790155052559 72
1790155052715 69
1790155052931 74
1790155053085 68
1790155053306 73
1790155053458 70
1790155053674 463
1790155054224 71
1790155054372 72
1790155054518 70
1790155054661 67
1790155054804 71
1790155054953 73
1790155055107 72
1790155055270 73
1790155055422 76
1790155055575 73
1790155055791 71
1790155055938 68
1790155056082 74
1790155056234 68
1790155056376 70
1790155056533 74
1790155056684 469
1790155057303 70
1790155057461 71
1790155057606 71
1790155057755 87
1790155057922 71
1790155058071 72
1790155058220 69
1790155058442 70
1790155058596 78
1790155058754 77
1790155058908 72
1790155059117 72
1790155059271 70
1790155059420 74
1790155059571 71
1790155059722 474
1790155060273 77
1790155060430 71
1790155060584 68
1790155060729 73
1790155060878 73
1790155061027 73
1790155061176 73
1790155061326 72
1790155061481 70
1790155061637 75
1790155061794 76
1790155061947 67
1790155062090 69
1790155062296 67
1790155062440 72
1790155062587 67
1790155062729 474
1790155063346 73
1790155063513 77
1790155063666 77
1790155063819 71
1790155063966 68
1790155064114 72
1790155064260 72
1790155064414 68
1790155064565 74
1790155064715 73
1790155064865 81
1790155065024 72
1790155065235 72
1790155065382 67
1790155065526 69
1790155065683 71
1790155065834 487
1790155066403 70
1790155066550 88
1790155066716 70
1790155066860 72
1790155067008 67
1790155067151 70
1790155067300 72
1790155067449 67
1790155067593 75
1790155067743 72
1790155067895 72
1790155068045 72
1790155068198 69
1790155068347 72
1790155068512 72
1790155068675 73
1790155068833 72
1790155068982 496
1790155069567 74
1790155069718 80
1790155069879 71
1790155070031 71
1790155070179 71
1790155070335 73
1790155070487 79
1790155070646 71
1790155070794 79
1790155070951 75
1790155071131 73
1790155071291 77
1790155071517 75
1790155071671 70
1790155071825 75
1790155071978 74
1790155072129 488
1790155072699 71
1790155072851 90
1790155073022 71
1790155073170 71
1790155073324 72
1790155073474 72
1790155073623 72
1790155073776 71
1790155073931 73
1790155074084 73
1790155074238 73
1790155074391 70
1790155074543 74
1790155074695 74
1790155074850 70
1790155074998 72
1790155075159 80
1790155075316 496
1790155075889 74
1790155076046 71
1790155076200 75
1790155076355 73
1790155076508 71
1790155076670 74
1790155076821 70
1790155076971 73
1790155077124 75
1790155077279 92
1790155077454 77
1790155077614 72
1790155077826 79
1790155077993 75
1790155078144 71
1790155078295 72
1790155078454 71
1790155078631 495
1790155079215 71
1790155079364 73
1790155079516 72
1790155079665 76
1790155079830 74
1790155079983 75
1790155080139 78
1790155080296 73
1790155080453 72
1790155080606 72
1790155080759 73
1790155080913 77
1790155081075 76
1790155081232 77
1790155081391 71
1790155081542 75
1790155081698 72
1790155081853 502
1790155082433 74
1790155082601 83
1790155082765 73
1790155082918 73
1790155083071 75
1790155083223 73
1790155083374 71
1790155083527 72
1790155083681 72
1790155083832 74
1790155083986 72
1790155084206 78
1790155084367 72
1790155084528 73
1790155084676 71
1790155084825 72
1790155084982 68
1790155085132 495
1790155085704 73
1790155085853 70
1790155086001 88
1790155086168 73
1790155086326 78
1790155086484 74
1790155086643 69
1790155086805 74
1790155086967 72
1790155087120 72
1790155087266 72
1790155087422 72
1790155087580 74
1790155087744 72
1790155087891 79
1790155088053 73
1790155088204 73
1790155088363 73
1790155088515 74
1790155088668 513
1790155089259 73
1790155089416 80
1790155089576 74
1790155089732 72
1790155089888 72
1790155090039 72
1790155090191 75
1790155090350 75
1790155090512 73
1790155090733 71
1790155090885 78
1790155091037 74
1790155091190 77
1790155091347 71
1790155091499 71
1790155091655 73
1790155091808 75
1790155091987 506
1790155092573 68
1790155092720 78
1790155092875 70
1790155093094 71
1790155093246 74
1790155093403 75
1790155093568 73
1790155093720 74
1790155093876 71
1790155094026 76
1790155094182 74
1790155094339 78
1790155094503 77
1790155094659 78
1790155094821 76
1790155094981 74
1790155095150 75
1790155095310 518
1790155095908 76
1790155096068 74
1790155096230 76
1790155096387 73
1790155096545 73
1790155096702 76
1790155096867 103
1790155097052 73
1790155097273 77
1790155097431 75
1790155097585 76
1790155097746 76
1790155097906 73
1790155098059 75
1790155098221 74
1790155098385 75
1790155098540 75
1790155098699 79
1790155098866 525
1790155099473 74
1790155099629 73
1790155099790 75
1790155099944 80
1790155100103 75
1790155100266 90
1790155100437 75
1790155100594 77
1790155100756 73
1790155100911 76
1790155101069 76
1790155101224 75
1790155101383 76
1790155101540 74
1790155101691 76
1790155101848 73
1790155102001 74
1790155102157 516
1790155102753 75
1790155102910 74
1790155103065 73
1790155103216 72
1790155103366 73
1790155103518 74
1790155103673 74
1790155103827 71
1790155103976 72
1790155104185 72
1790155104333 71
1790155104481 70
1790155104627 71
1790155104778 71
1790155104924 75
1790155105078 69
1790155105226 71
1790155105372 69
1790155105515 71
1790155105731 501
1790155106304 74
1790155106451 71
1790155106597 69
1790155106739 69
1790155106944 70
1790155107090 76
1790155107245 75
1790155107398 79
1790155107571 76
1790155107732 72
1790155107886 77
1790155108043 79
1790155108205 94
1790155108385 79
1790155108566 77
1790155108729 83
1790155108890 77
1790155109051 86
1790155109221 530
1790155109836 77
1790155109999 75
1790155110159 75
1790155110318 99
1790155110501 76
1790155110672 76
1790155110844 88
1790155111077 79
1790155111240 74
1790155111393 81
1790155111596 82
1790155111763 79
1790155111928 79
1790155112092 81
1790155112257 75
1790155112433 102
1790155112621 80
1790155112788 536
1790155113405 81
1790155113569 75
1790155113747 77
1790155113923 76
1790155114077 78
1790155114237 75
1790155114397 78
1790155114560 76
1790155114726 80
1790155114897 84
1790155115072 82
1790155115235 81
1790155115404 82
1790155115573 100
1790155115759 79
1790155115923 80
1790155116111 77
1790155116276 82
1790155116450 552
1790155117090 79
1790155117259 85
1790155117431 81
1790155117603 107
1790155117797 77
1790155117960 79
1790155118118 81
1790155118353 80
1790155118536 78
1790155118701 78
1790155118864 78
1790155119029 89
1790155119204 82
1790155119371 75
1790155119532 76
1790155119711 80
1790155119872 78
1790155120036 552
1790155120673 79
1790155120839 78
1790155121004 77
1790155121171 77
1790155121354 82
1790155121523 81
1790155121686 109
1790155121887 82
1790155122060 78
1790155122224 83
1790155122396 80
1790155122564 81
1790155122727 78
1790155122917 80
1790155123088 80
1790155123263 81
1790155123428 96
1790155123610 77
1790155123771 82
1790155123949 573
1790155124613 81
1790155124774 78
1790155124956 98
1790155125162 79
1790155125328 77
1790155125496 101
1790155125758 83
1790155125930 79
1790155126099 82
1790155126272 82
1790155126452 82
1790155126627 79
1790155126801 80
1790155126973 78
1790155127140 83
1790155127315 85
1790155127489 81
1790155127652 77
1790155127826 609
1790155128523 81
1790155128686 81
1790155128853 82
1790155129021 79
1790155129190 82
1790155129357 80
1790155129524 80
1790155129690 81
1790155129869 80
1790155130072 103
1790155130265 76
1790155130424 80
1790155130590 81
1790155130769 80
1790155130939 82
1790155131120 84
1790155131288 84
1790155131466 81
1790155131628 83
1790155131800 628
1790155132514 81
1790155132680 82
1790155132846 82
1790155133013 89
1790155133187 81
1790155133432 91
1790155133615 79
1790155133784 86
1790155133976 88
1790155134145 80
1790155134331 80
1790155134499 82
1790155134663 81
1790155134832 80
1790155134999 78
1790155135161 83
1790155135330 82
1790155135496 85
1790155135674 569
1790155136331 80
1790155136491 79
1790155136655 82
1790155136823 77
1790155136988 81
1790155137155 78
1790155137319 77
1790155137484 75
1790155137662 83
1790155137833 78
1790155138007 83
1790155138179 77
1790155138351 83
1790155138538 93
1790155138720 96
1790155138900 78
1790155139064 79
1790155139228 83
1790155139410 81
1790155139585 569
1790155140237 82
1790155140407 80
1790155140574 77
1790155140740 80
1790155140913 81
1790155141150 80
1790155141314 76
1790155141477 85
1790155141651 82
1790155141820 80
1790155142002 79
1790155142170 81
1790155142340 82
1790155142510 84
1790155142684 79
1790155142845 100
1790155143031 80
1790155143198 82
1790155143374 82
1790155143549 576
1790155144216 82
1790155144406 81
1790155144573 79
1790155144745 83
1790155144921 84
1790155145094 79
1790155145274 79
1790155145443 86
1790155145622 80
1790155145790 90
1790155145969 87
1790155146146 82
1790155146325 85
1790155146512 86
1790155146697 88
1790155146878 77
1790155147037 78
1790155147205 78
1790155147367 78
1790155147531 79
1790155147716 592
1790155148400 84
1790155148586 84
1790155148784 83
1790155148960 95
1790155149224 84
1790155149404 79
1790155149572 83
1790155149747 82
1790155149915 88
1790155150099 81
1790155150276 82
1790155150444 82
1790155150617 83
1790155150797 86
1790155150964 84
1790155151134 80
1790155151301 80
1790155151465 86
1790155151635 84
1790155151822 591
1790155152495 83
1790155152667 94
1790155152850 81
1790155153015 80
1790155153182 80
1790155153360 82
1790155153526 78
1790155153700 83
1790155153881 81
1790155154046 85
1790155154219 89
1790155154400 85
1790155154572 81
1790155154736 83
1790155154907 81
1790155155071 84
1790155155248 83
1790155155420 82
1790155155600 84
1790155155772 94
1790155155961 621
1790155156689 91
1790155156873 80
1790155157040 82
1790155157281 84
1790155157453 83
1790155157626 81
1790155157802 77
1790155157969 80
1790155158145 86
1790155158320 86
1790155158502 96
1790155158688 81
1790155158858 84
1790155159032 85
1790155159201 85
1790155159381 82
1790155159565 83
1790155159751 82
1790155159927 82
1790155160102 598
1790155160794 82
1790155160964 81
1790155161135 83
1790155161312 82
1790155161485 80
1790155161647 84
1790155161820 84
1790155161994 82
1790155162166 84
1790155162348 84
1790155162532 84
1790155162706 83
1790155162881 83
1790155163062 87
1790155163242 85
1790155163423 81
1790155163595 85
1790155163779 82
1790155163954 82
1790155164127 81
1790155164303 82
1790155164478 608
1790155165177 80
1790155165350 84
1790155165598 86
1790155165789 85
1790155165968 106
1790155166167 85
1790155166348 87
1790155166541 83
1790155166718 89
1790155166903 85
1790155167082 85
1790155167258 82
1790155167465 83
1790155167651 83
1790155167822 83
1790155167993 82
1790155168171 83
1790155168356 85
1790155168538 85
1790155168714 83
1790155168887 597
1790155169572 83
1790155169744 83
1790155169928 84
1790155170112 86
1790155170293 79
1790155170464 83
1790155170636 81
1790155170809 83
1790155170984 83
1790155171159 82
1790155171329 83
1790155171504 85
1790155171680 80
1790155171850 83
1790155172021 78
1790155172193 82
1790155172368 82
1790155172538 84
1790155172715 80
1790155172884 79
1790155173049 85
1790155173227 617
1790155173934 79
1790155174174 81
1790155174347 82
1790155174521 83
1790155174696 87
1790155174874 82
1790155175046 85
1790155175228 86
1790155175411 88
1790155175588 81
1790155175763 86
1790155175946 87
1790155176136 87
1790155176341 82
1790155176513 86
1790155176698 81
1790155176867 82
1790155177043 82
1790155177216 85
1790155177391 83
1790155177567 611
1790155178269 84
1790155178445 82
1790155178621 85
1790155178801 87
1790155178985 91
1790155179178 86
1790155179360 86
1790155179539 84
1790155179713 82
1790155179891 85
1790155180070 92
1790155180257 87
1790155180436 96
1790155180644 86
1790155180827 85
1790155181006 87
1790155181185 89
1790155181368 94
1790155181558 85
1790155181767 84
1790155181943 87
1790155182123 626
1790155182844 87
1790155183108 86
1790155183291 86
1790155183473 85
1790155183659 90
1790155183844 83
1790155184018 87
1790155184195 84
1790155184371 91
1790155184566 90
1790155184750 91
1790155184934 95
1790155185125 84
1790155185301 82
1790155185474 84
1790155185649 84
1790155185829 84
1790155186009 92
1790155186197 104
1790155186394 86
1790155186575 89
1790155186764 628
1790155187487 89
1790155187670 553
1790155187670 87
1790155188392 88
1790155188752 92
1790155188938 90
1790155189213 98
1790155189499 682
1790155190603 751
1790155191477 131
1790155191974 703
1790155192883 152
1790155193369 665
1790155194077 93
1790155194217 91
1790155194550 716
1790155195561 106
1790155195787 704
1790155196726 143
1790155197176 747
1790155198134 109
1790155198411 718
1790155199352 128
1790155199850 685
1790155200761 90
1790155200976 99
1790155201179 776
1790155202269 107
1790155202508 736
1790155203385 155
1790155203764 749
1790155204898 126
1790155205240 754
1790155206222 132
1790155206496 778
1790155207750 781
1790155208750 143
1790155209062 138
1790155209466 807
1790155210751 124
1790155211067 822
1790155212142 136
1790155212728 828
1790155213813 174
1790155214245 828
1790155215574 827
1790155216626 104
1790155216923 117
1790155217293 130
1790155217878 109
1790155218206 833
1790155219154 113
1790155219388 115
1790155219619 109
1790155219847 835
1790155220799 112
1790155220965 112
1790155221293 108
1790155221511 870
1790155222493 105
1790155222708 107
1790155222923 104
1790155223136 845
1790155224095 110
1790155224420 113
1790155224648 112
1790155224875 855
1790155225845 111
1790155226072 112
1790155226239 111
1790155226466 106
1790155226643 842
1790155227691 107
1790155227920 106
1790155228137 851
1790155229041 108
1790155229222 106
1790155229439 108
1790155229660 106
1790155229880 853
1790155230947 109
1790155231113 108
1790155231334 109
1790155231555 877
1790155232544 113
1790155232774 116
1790155233012 115
1790155233244 891
1790155234361 117
1790155234599 115
1790155234836 895
1790155235851 117
1790155236090 112
1790155236315 112
1790155236484 112
1790155236714 888
1790155237761 112
1790155237931 112
1790155238160 111
1790155238329 892
1790155239299 115
1790155239532 111
1790155239759 112
1790155239987 111
1790155240217 896
1790155241331 113
1790155241558 111
1790155241730 120
1790155241966 917
1790155243006 119
1790155243209 117
1790155243407 124
1790155243649 117
1790155244001 923
1790155245001 113
1790155245233 117
1790155245429 113
1790155245661 113
1790155245893 948
1790155246923 120
1790155247169 119
1790155247516 117
1790155247754 941
1790155248823 120
1790155249070 122
1790155249275 123
1790155249524 123
1790155249776 953
1790155250849 117
1790155251306 119
1790155251537 123
1790155251909 135
1790155253750 131
1790155260336 123
1790155267435 988
1790155270303 131
1790155282896 859
1790155301231 875
1790155353419 983
1790155355416 122
1790155357628 124
1790155357954 126
1790155358587 137
1790155360820 122
1790155361183 124
1790155362235 127
1790155362663 162
1790155363064 121
1790155363268 123
1790155363599 132
1790155363932 124
1790155364141 122
1790155365278 138
1790155366824 129
1790155371316 990
1790155372562 132
1790155373396 136
1790155373704 120
1790155373931 120
1790155374259 129
1790155392055 996
1790155393630 135
1790155401354 137
1790155403813 154
1790155410748 985
1790155419004 131
1790155419303 133
1790155419941 135
1790155420221 134
1790155421076 131
1790155421568 140
1790155421855 133
1790155422388 134
1790155422660 139
1790155423051 139
1790155423406 168
1790155423811 130
1790155424071 141
1790155424353 121
1790155424892 125
1790155425321 121
1790155425620 125
1790155426475 131
1790155426870 130
1790155428201 997
1790155444767 124
1790155445134 134
1790155445609 986
1790155446717 129
1790155447228 142
1790155447989 129
1790155448270 128
1790155448730 128
1790155448995 143
1790155449318 124
1790155449713 176
1790155450731 126
1790155450996 134
1790155451241 123
1790155451640 136
1790155451881 146
1790155452160 127
1790155453563 140
1790155460257 143
1790155460828 125
1790155461514 132
1790155462076 144
1790155462576 129
1790155463941 991
1790155466930 124
1790155467511 126
1790155468874 129
1790155469429 143
1790155470296 129
1790155471485 127
1790155472174 125
1790155472847 123
1790155473054 126
1790155473343 128
1790155473560 141
1790155474960 131
1790155476275 129
1790155476663 131
1790155476942 123
1790155477208 124
1790155477490 138
1790155477728 126
1790155478260 122
1790155478589 127
1790155484764 981
1790155500799 131
1790155501013 131
1790155501482 1028
1790155502664 129
1790155502887 146
1790155503222 148
1790155503525 1025
1790155504942 152
1790155505312 1046
1790155506595 133
1790155506871 133
1790155507507 1079
1790155508738 154
1790155508963 134
1790155509237 140
1790155509543 137
1790155509788 1077
1790155511071 130
1790155511279 134
1790155511488 136
1790155511701 132
1790155511910 130
1790155512131 132
1790155512331 132
1790155512579 131
1790155512783 1076
1790155513936 137
1790155514183 136
1790155514418 136
1790155514645 136
1790155514858 139
1790155515204 157
1790155518725 152
1790155519134 152
1790155527460 135
1790155527807 178
1790155528092 175
1790155528427 1111
1790155530106 156
1790155530402 162
1790155530713 161
1790155531028 150
1790155531870 157
1790155532255 160
1790155532582 1102
1790155533844 160
1790155534216 157
1790155534658 137
1790155534923 148
1790155535239 177
1790155535627 1358
1790155537525 155
1790155537871 159
1790155538271 165
1790155538629 180
1790155538988 173
1790155539335 1178
1790155540606 166
1790155540946 172
1790155541336 168
1790155541774 157
1790155542131 172
1790155542522 163
1790155543172 1178
1790155544563 156
1790155544912 160
1790155545348 171
1790155545702 160
1790155546075 181
1790155546480 1176
1790155547826 170
1790155548232 161
1790155548626 172
1790155549015 181
1790155549601 162
1790155549974 1211
1790155551325 165
1790155551628 151
1790155551885 164
1790155552231 194
1790155553969 167
1790155554452 152
1790155556048 165
1790155562605 160
1790155562991 183
1790155591205 1206
1790155592667 166
1790155593071 177
1790155593415 151
1790155593661 155
1790155594001 179
1790155594380 159
1790155594710 174
1790155595096 165
1790155595482 161
1790155595804 173
1790155596176 1187
1790155597541 176
1790155597905 194
1790155598234 152
1790155598572 167
1790155599212 193
1790155600176 167
1790155600548 168
1790155600905 165
1790155601361 192
1790155601698 151
1790155601982 188
1790155602347 191
1790155604200 166
1790155604853 188
1790155606326 194
1790155908164 1217
1790155909635 166
1790155909989 174
1790155910316 196
1790155910805 170
1790155913912 157
1790155914251 199
1790155915398 179
1790155915692 173
1790155916205 178
1790155916471 168
1790155916741 195
1790155919628 172
1790156127330 1151
1790156128787 169
1790156129177 189
1790156129569 184
1790156130033 207
1790156130640 170
1790156131099 186
1790156131566 168
1790156131928 176
1790156132553 1203
1790156133896 199
1790156134311 196
1790156134680 198
1790156135170 199
1790156135916 195
1790156147579 193
1790156151697 200
1790156151996 184
1790156152378 185
1790156152752 1201
1790156154192 188
1790156154819 193
1790156155402 209
1790156156239 196
1790156159219 191
1790156431290 1231
1790156432971 197
1790156433489 211
1790156434044 192
1790156434567 216
1790156435046 244
1790156435520 166
1790156435973 196
1790156436403 185
1790156436863 190
1790156437351 222
1790156437926 215
1790156438422 224
1790156439094 200
1790156439576 217
1790156440117 179
1790156440539 202
1790156441188 246
1790156441564 214
1790156478596 1269
1790156501062 1346
1790156515797 188
1790156516097 184
1790156519563 196
1790156521138 196
1790156521474 209
1790156522340 210
1790156522683 171
1790156525148 1235
1790156526529 180
1790156528224 181
1790156528694 180
1790156731285 1180
1790156732667 198
1790156733117 180
1790156733426 173
1790156733749 164
1790156734064 202
1790156734394 203
1790156734938 173
1790156735248 173
1790156735525 175
1790156735857 165
1790156736145 198
1790156736444 199
1790156736758 174
1790156737279 225
1790156738051 205
1790156748728 207
1790156752343 1218
1790156753863 193
1790156754398 207
1790156754821 215
1790156755325 211
1790156755804 188
1790156756293 177
1790156757234 202
1790156759766 194
1790156764515 215
1790157036767 1247
1790157038130 167
1790157038705 172
1790157039057 164
1790157039580 178
1790157039976 205
1790157040510 165
1790157041112 189
1790157041500 213
1790157041950 181
1790157042305 164
1790157042588 179
1790157043060 198
1790157043479 229
1790157044403 169
1790157044744 208
1790157045204 178
1790157045942 205
1790157046403 180
1790157046746 182
1790157117600 1257
1790157119060 175
1790157120861 165
1790157121169 200
1790157122548 224
1790157123275 196
1790157123801 200
1790157124231 179
1790157125124 210
1790157125624 166
1790157125930 207
1790157126469 172
1790157126791 173
1790157127734 204
1790157128813 172
1790157129118 170
1790157129812 172
1790157131342 166
1790157316423 1190
1790157317814 205
1790157318261 165
1790157318607 210
1790157318957 193
1790157319311 184
1790157319652 198
1790157319960 210
1790157320279 210
1790157322039 220
1790157326722 234
1790157334536 211
1790157335040 198
1790157335559 187
1790157336017 194
1790157336545 233
1790157337114 1309
1790157339223 212
1790157340026 228
1790157341043 231
1790157347732 229
1790157617721 1252
1790157619295 178
1790157619693 218
1790157620181 224
1790157620855 197
1790157621291 184
1790157622078 195
1790157622940 207
1790157623363 201
1790157624038 191
1790157624457 203
1790157624890 214
1790157625378 174
1790157626007 176
1790157626384 174
1790157627299 183
1790157628274 167
1790157701296 1247
1790157702741 213
1790157704348 212
1790157704795 184
1790157705180 170
1790157706631 227
1790157707211 225
1790157707648 188
1790157708173 230
1790157708589 218
1790158254720 1263
1790158256357 199
1790158256695 198
1790158257934 205
1790158259337 188
1790158259737 182
1790158260055 191
1790158261167 188
1790158261516 180
1790158467755 1274
1790158478230 221
1790158822369 1289
1790158824876 227
1790158825396 205
1790158825892 236
1790158826718 209
1790158827104 192
1790158827492 211
1790158828716 214
1790158829103 210
1790159008180 1253
1790159009683 186
1790159010060 186
1790159010427 184
1790159010803 213
1790159011424 189
1790159011836 191
1790159012216 171
1790159012537 168
1790159013692 181
1790159014505 184
1790159023417 225
1790159023903 246
1790159024572 205
1790159025026 226
1790159025529 205
1790159026144 236
1790159026683 185
1790159027169 188
1790159032683 1289
1790159308142 1229
1790159310147 194
1790159310719 184
1790159311260 240
1790159312008 203
1790159312510 187
1790159313371 171
1790159313777 183
1790159314444 167
1790159314980 208
1790159315532 207
1790159315897 205
1790159316702 213
1790159317053 211
1790159317547 209
1790159388004 1253
1790159389426 172
1790159391061 184
1790159391441 208
1790159391997 212
1790159393398 217
1790159394723 222
1790159395934 201
1790159396291 166
1790159948398 1270
1790159950379 187
1790159951134 184
1790159951745 184
1790159952896 191
1790159953839 183
1790159954829 194
1790161046073 1253
1790161048149 182
1790161049353 177
1790161049796 180
1790161051206 177
1790161051497 178
1790161052213 180
1790161244335 1257
1790161260667 179
1790161272586 1268
1790161531574 1233
1790161606933 1286
1790161610035 213
1790161611466 169
1790161611903 216
1790161612464 183
1790161613186 181
1790161613553 186
1790161614492 194
1790161615722 181
1790161616208 187
1790161616903 182
1790161618220 195
1790161618871 192
1790161619209 180
1790161788532 1288
1790161801292 220
1790161825092 1305
1790161908198 1342
1790162075877 1266
1790162152910 1255
1790162156731 186
1790162157684 179
1790162158130 188
1790162159062 184
1790162159376 181
1790162159725 195
1790162160125 180
1790162160634 202
1790162160992 199
1790162161442 188
1790162161768 182
1790162162109 189
1790162162379 179
1790162163558 178
1790162164731 179
1790162165245 179
1790162167303 986
1790162311054 884
1790166497805 1291
1790166499416 234
1790166500014 185
1790166500688 219
1790166501296 220
1790166501781 222
1790166502345 214
1790166601721 1298
1790166603296 184
1790166603778 214
1790166604239 212
1790166604697 222
1790166605058 171
1790166790154 1294
1790166810461 192
1790166810863 180
1790166811566 177
1790166811891 175
1790166812236 1292
1790166895035 1303
1790166911624 243
1790166912151 228
1790167764913 1053
1790167788096 1015
1790173369161 1042
1790177323888 1209
1790177705647 1074
1790178206073 1069
1790178210371 233
1790178211426 229
1790178212094 289
1790178213616 288
1790178222521 362
1790178223236 238
1790178223946 245
1790178224572 244
1790178225314 1340
1790178227037 240
1790178227828 254
1790178229014 240
1790178229743 238
1790178231837 350
1790178252418 1377
1790178254354 280
1790178254834 246
1790178255365 343
1790178256053 348
1790178256863 262
1790178257431 237
1790178258244 238
1790178259236 358
1790178260429 1340
1790178262569 244
1790178263283 359
1790178264302 247
1790178264902 260
1790178265416 244
1790178266175 282
1790178266786 360
1790178267531 238
1790178268053 282
1790178268627 1356
1790178270418 243
1790178270966 259
1790178271672 262
1790178272324 244
1790178288829 243
1790178927861 1501
1790178929780 308
1790179031798 1569
1790179033760 257
1790179134280 1384
1790179135996 281
1790179136514 288
1790179137274 290
1790179138114 262
1790179138824 251
1790179139353 236
1790179296353 1412
1790179411037 1400
1790179412771 248
1790179509116 1373
1790179510768 392
1790179511609 353
1790179541258 1445
1790179609463 1460
1790179611364 384
1790179670577 1437
1790179672442 235
1790179673051 413
1790179674289 228
1790179675034 233
1790179675557 370
1790179676295 248
1790179676868 366
1790179817658 1472
1790179819407 253
1790179819966 262
1790179820529 357
1790179821330 366
1790179823404 243
1790179920493 1548
1790179922286 228
1790179922955 263
1790179923516 259
1790179924223 290
1790179924962 263
1790180482774 1495
1790180487338 285
1790180531140 1488
1790180677856 1534
1790180680456 384
1790180681192 438
1790180682061 261
1790180682578 238
1790180683269 299
1790180683966 244
1790180684536 237
1790180806124 1512
1790180807945 298
1790180808599 258
1790180809219 298
1790181034523 1539
1790181036444 258
1790181037031 314
1790181037861 347
1790181038517 302
1790181039229 273
1790181040448 304
1790181246052 1529
1790181322019 1498
1790181435753 1594
1790181437709 369
1790181439036 261
1790181439986 376
1790181440906 288
1790181441472 252
1790181447093 293
1790181447759 242
1790181548664 1497
1790181550512 373
1790181565672 289
1790181662905 1646
1790181665034 238
1790181665740 266
1790181666256 262
1790181666990 290
1790181667581 247
1790181670822 242
1790181671473 282
1790181672012 287
1790181672675 253
1790181911898 1567
1790181913874 261
1790181914471 271
1790181915015 386
1790181915837 260
1790182160825 1546
1790182162658 262
1790182163285 261
1790182164147 278
1790182164806 240
1790182165298 254
1790182166017 275
1790182166597 244
1790182422421 1613
1790182424311 241
1790182424849 279
1790182425346 249
1790182425812 296
1790182426362 385
1790182427016 267
1790182427567 251
1790182428040 245
1790182428423 250
1790182428931 310
1790182431644 249
1790182451825 1588
1790182453656 269
1790182454145 257
1790182547565 1554
1790182549423 373
1790182549925 270
1790182550596 371
1790182551305 240
1790182829619 1633
1790182831608 251
1790182832636 380
1790182833304 275
1790182833903 294
1790184205445 1277
1790184236860 1164
1790190353107 1294
1790190355487 1052
1790190376393 1067
1790198289475 1048
1790198292092 853
1790198423272 832
1790204006463 1114
1790204037080 1058
1790209952626 1170
1790213911197 1420
1790214281988 1072
1790214784009 1103
1790220597759 1309
1790220626291 1063
1790226388190 1258
