1790154752560 160800 42
1790154752659 208156 18
1790154752733 227628 17
1790154752807 270120 59
1790154752928 299256 39
1790154753026 318632 40
1790154753127 346976 40
1790154753229 381112 41
1790154753333 407612 41
1790154753439 436064 41
1790154753541 469320 42
1790154753644 499316 42
1790154753746 525468 44
1790154753856 554220 45
1790154753964 578476 43
1790154754071 609584 43
1790154754175 633984 45
1790154754282 662188 44
1790154754387 688604 45
1790154754494 715456 45
1790154754600 742276 47
1790154754713 769516 49
1790154754824 796380 45
1790154754933 822772 47
1790154755043 852216 47
1790154755152 878508 46
1790154755261 904988 48
1790154755373 932404 48
1790154755486 992844 49
1790154755598 1041244 49
1790154755712 1105724 49
1790154755825 1163280 50
1790154755938 1218824 50
1790154756054 1283528 50
1790154756168 1337552 51
1790154756284 1402228 52
1790154756402 1460844 51
1790154756516 1522672 53
1790154756637 1583352 55
1790154756760 1648512 54
1790154756879 1707136 55
1790154756999 1773828 55
1790154757120 1831348 56
1790154757240 1895616 55
1790154757362 1956872 77
1790154757507 2024828 57
1790154757631 2086544 59
1790154757757 2152716 57
1790154757879 2212396 57
1790154758003 2268812 57
1790154758126 2328512 59
1790154758252 2393296 59
1790154758377 2452028 59
1790154758502 2511628 59
1790154758627 2579492 60
1790154758753 2639132 59
1790154758879 2695008 61
1790154759006 2761556 61
1790154759133 2819112 61
1790154759264 2884804 63
1790154759396 2944452 64
1790154759530 3006148 65
1790154759664 3070880 66
1790154759796 3129732 63
1790154759916 3175936 64
1790154760047 3241472 64
1790154760182 3309340 64
1790154760315 3372036 65
1790154760438 3415196 64
1790154760570 3478988 67
1790154760696 3524404 66
1790154760831 3590020 67
1790154760958 3641420 66
1790154761096 3699400 68
1790154761222 3773148 70
1790154761424 3847112 66
1790154761649 3902960 66
1790154761973 3976724 66
1790154762283 4050500 68
1790154762622 4124268 69
1790154762886 4198016 68
1790154763162 4271764 69
1790154763443 4345516 69
1790154763712 4419272 68
1790154764043 4493040 68
1790154764293 4566780 68
1790154764585 4640532 71
1790154764868 4714268 70
1790154765126 4788008 72
1790154765465 4861748 73
1790154765757 4935492 73
1790154766046 5009232 77
1790154766366 5082968 78
1790154766666 5156712 78
1790154767054 5232284 79
1790154767410 5306044 81
1790154767689 5379780 79
1790154767991 5453520 77
1790154768351 5527280 77
1790154768656 5601020 80
1790154768962 5674764 83
1790154769260 5748532 80
1790154769568 5822268 84
1790154769941 5896016 85
1790154770231 5969776 84
1790154770568 6043516 82
1790154770949 6117272 83
1790154771245 6191016 83
1790154771525 6257704 86
1790154771894 6338508 83
1790154772175 6412244 86
1790154772543 6486536 83
1790154772849 6560300 87
1790154773248 6634052 85
1790154773536 6707804 85
1790154773869 6781556 88
1790154774192 6855304 89
1790154774535 6929044 89
1790154774865 7002796 92
1790154775199 7076536 89
1790154775513 7150276 89
1790154775820 7224016 91
1790154776139 7297756 91
1790154776448 7371508 92
1790154776774 7445252 93
1790154777216 7555868 94
1790154777651 7666484 93
1790154778066 7772300 95
1790154778425 7850920 94
1790154778877 7961540 95
1790154779341 8069392 94
1790154779837 8182772 96
1790154780293 8293384 95
1790154780722 8403996 98
1790154781179 8501640 97
1790154781548 8588352 99
1790154781989 8698968 101
1790154782444 8809580 101
1790154782922 8920188 105
1790154783378 9030800 98
1790154783889 9142208 104
1790154784436 9252840 98
1790154784875 9363452 101
1790154785414 9474092 100
1790154785843 9584708 103
1790154786355 9695348 102
1790154786811 9805968 102
1790154787292 9916576 103
1790154787757 10027184 106
1790154788203 10137800 104
1790154788640 10248416 113
1790154789108 10359024 111
1790154789626 10469676 106
1790154790093 10580304 111
1790154790540 10690940 111
1790154791008 10801548 113
1790154791503 10912180 115
1790154791951 11022784 114
1790154792496 11133404 117
1790154793105 11245384 119
1790154793631 11391492 112
1790154794178 11538964 115
1790154794848 11686476 116
1790154795400 11833996 115
1790154796085 11981484 119
1790154796641 12128992 121
1790154797233 12276468 122
1790154797827 12423948 120
1790154798433 12571428 123
1790154799034 12718908 126
1790154799733 12866396 128
1790154800474 13014940 125
1790154801122 13162460 128
1790154801745 13309960 131
1790154802413 13457472 128
1790154803009 13604956 130
1790154803598 13752464 129
1790154804204 13899944 130
1790154804829 14047424 133
1790154805431 14194900 133
1790154806130 14342412 128
1790154806737 14489924 135
1790154807385 14637416 151
1790154808086 14784908 137
1790154808786 14969276 136
1790154809491 15141388 136
1790154810179 15301116 137
1790154810931 15485472 142
1790154811714 15669832 144
1790154812549 15854228 143
1790154813299 16024396 145
1790154814016 16186080 144
1790154814769 16370464 144
1790154815554 16554824 146
1790154816340 16739168 149
1790154817133 16923536 149
1790154817898 17107896 146
1790154818654 17292264 152
1790154819425 17476644 155
1790154820198 17661012 153
1790154820934 17845384 157
1790154821748 18029744 160
1790154822519 18215400 160
1790154823316 18399756 158
1790154824074 18584120 158
1790154825015 18805352 157
1790154825888 19026588 159
1790154826798 19247844 162
1790154827675 19469072 162
1790154828565 19690296 163
1790154829497 19911524 164
1790154830378 20132764 162
1790154831281 20354012 163
1790154832165 20575232 165
1790154833087 20796460 172
1790154834006 21017684 178
1790154834959 21238908 177
1790154835972 21460164 176
1790154836876 21681392 178
1790154837812 21902608 173
1790154838197 21944468 179
1790154849925 21951132 182
1790154879919 21951716 182
1790154887424 21976592 186
1790154889490 22218744 183
1790154890699 22458420 181
1790154891781 22716500 187
1790154892870 22974584 186
1790154893992 23232664 186
1790154895121 23490744 185
1790154896207 23748824 188
1790154897294 24006912 189
1790154898405 24264996 190
1790154899501 24523084 191
1790154900663 24782704 193
1790154901764 25040796 196
1790154902889 25298876 196
1790154903976 25556960 194
1790154905083 25815048 197
1790154906356 26110004 197
1790154907610 26404956 205
1790154908897 26699916 202
1790154910164 26994864 204
1790154911415 27289812 200
1790154912679 27584768 211
1790154914016 27879728 214
1790154915355 28174684 215
1790154916701 28469648 219
1790154918112 28764612 217
1790154919484 29059568 222
1790154920818 29354520 216
1790154922144 29649468 218
1790154923620 29981300 224
1790154925163 30313124 228
1790154926687 30644944 233
1790154928224 30976764 233
1790154929777 31308596 229
1790154931326 31640408 233
1790154932760 31972232 233
1790154934333 32304056 240
1790154935901 32637668 241
1790154937420 32969500 243
1790154938940 33301328 247
1790154940583 33670020 247
1790154942266 34038708 244
1790154943882 34407392 247
1790154945533 34776088 254
1790154947265 35144792 262
1790154948912 35513484 258
1790154950614 35882180 257
1790154952285 36250864 256
1790154953941 36619568 257
1790154955594 36988256 256
1790154957425 37393816 268
1790154959313 37799388 268
1790154961167 38204952 270
1790154963001 38610516 275
1790154964870 39016080 280
1790154966817 39421640 282
1790154968694 39827204 287
1790154970550 40232772 296
1790154972430 40638336 286
1790154974423 41080764 292
1790154976405 41523204 289
1790154978456 41965632 351
1790154980626 42408060 300
1790154982874 42850488 312
1790154985124 43292912 307
1790154987325 43735344 313
1790154989403 44177772 304
1790154991554 44620200 311
1790154993807 45099508 316
1790154995911 45578808 304
1790154998180 46058120 318
1790155000438 46537404 322
1790155002740 47016712 324
1790155005056 47496004 328
1790155007386 47975308 327
1790155009812 48491484 335
1790155012375 48985848 339
1790155014895 49486948 342
1790155017448 50003116 351
1790155019992 50519284 344
1790155022654 51035452 346
1790155025156 51551620 358
1790155027788 52067800 363
1790155030543 52620836 364
1790155033386 53175932 374
1790155036213 53728968 392
1790155039013 54282012 381
1790155041918 54871940 382
1790155044655 55424972 391
1790155047756 56014900 395
1790155050764 56604804 388
1790155053674 57194740 393
1790155056684 57784652 395
1790155059722 58374556 404
1790155062729 58964468 407
1790155065834 59554368 408
1790155068982 60154432 421
1790155072129 60771076 414
1790155075316 61397848 422
1790155078631 62061512 424
1790155081853 62688300 429
1790155085132 63351940 422
1790155088668 64015592 439
1790155091987 64679252 431
1790155095310 65342900 440
1790155098866 66008856 447
1790155102157 66672504 441
1790155105731 67373024 430
1790155109221 68073536 452
1790155112788 68774056 458
1790155116450 69474568 471
1790155120036 70175076 472
1790155123949 70912456 480
1790155127826 71649840 526
1790155131800 72387224 546
1790155135674 73124612 493
1790155139585 73861992 486
1790155143549 74636240 496
1790155147716 75410500 503
1790155151822 76184744 510
1790155155961 76958988 540
1790155160102 77735812 513
1790155164478 78546912 523
1790155168887 79358036 517
1790155173227 80169160 538
1790155177567 80980280 528
1790155182123 81791404 541
1790155186764 82639384 541
1790155187670 82705312 540
1790155189499 84230652 561
1790155190603 85621308 629
1790155191974 87254408 564
1790155193369 88914096 569
1790155194550 90064612 564
1790155195787 91453708 595
1790155197176 92682828 620
1790155198411 93742544 607
1790155199850 95212936 590
1790155201179 96549676 620
1790155202508 97953476 614
1790155203764 99128744 627
1790155205240 100311996 632
1790155206496 101610848 657
1790155207750 102739424 654
1790155209466 104836800 662
1790155211067 105910728 697
1790155212728 108189872 694
1790155214245 109649640 700
1790155215574 110985884 706
1790155218206 112482432 719
1790155219847 113772820 726
1790155221511 115206580 759
1790155223136 116461120 731
1790155224875 117859036 740
1790155226643 119256952 732
1790155228137 120475648 740
1790155229880 121945252 743
1790155231555 123450700 763
1790155233244 124705244 773
1790155234836 125959172 779
1790155236714 127496872 775
1790155238329 128791460 780
1790155240217 130332752 783
1790155241966 131838200 798
1790155244001 133702088 807
1790155245893 135279228 827
1790155247754 136784676 818
1790155249776 138462268 834
1790155267435 139517920 843
1790155282896 139066580 846
1790155301231 139066840 842
1790155353419 139525296 856
1790155371316 139732772 857
1790155392055 140087296 857
1790155410748 140164096 848
1790155428201 140594200 860
1790155445609 140707248 856
1790155463941 140978216 856
1790155484764 141288264 856
1790155501482 142913620 878
1790155503525 144740632 890
1790155505312 146676932 909
1790155507507 149060008 928
1790155509788 150885660 938
1790155512783 152452424 940
1790155528427 154135284 965
1790155532582 155800384 947
1790155535627 157399904 1192
1790155539335 159231868 1003
1790155543172 161170572 1003
1790155546480 162831284 1004
1790155549974 164678616 1023
1790155591205 165207824 1041
1790155596176 166864148 1016
1790155908164 168480732 1012
1790156127330 169137312 958
1790156132553 171103532 1000
1790156152752 171283928 1012
1790156431290 172074128 1052
1790156478596 173461740 1061
1790156501062 173461744 1137
1790156525148 173644932 1048
1790156731285 173666932 1005
1790156752343 174733032 1034
1790157036767 174997264 1040
1790157117600 175637824 1080
1790157316423 175786052 1016
1790157337114 176809316 1080
1790157617721 176888692 1056
1790157701296 177065864 1068
1790158254720 177199512 1070
1790158467755 177340824 1054
1790158822369 177358240 1076
1790159008180 177491360 1027
1790159032683 178333660 1084
1790159308142 178338776 1050
1790159388004 178518000 1077
1790159948398 178669560 1080
1790161046073 178698224 1066
1790161244335 178765808 1035
1790161272586 178769904 1066
1790161531574 178778100 1054
1790161606933 178784244 1103
1790161788532 178896884 1051
1790161825092 178900980 1076
1790161908198 178903032 1099
1790162075877 178909184 1059
1790162152910 178919424 1074
1790162167303 177387344 971
1790162311054 152962264 857
1790166497805 178983420 1068
1790166601721 179982936 1082
1790166790154 180911332 1103
1790166812236 181112036 1091
1790166895035 181146864 1097
1790167764913 172136244 1040
1790167788096 170042748 1003
1790173369161 165566512 1027
1790177323888 171617924 1193
1790177705647 177147552 1060
1790178206073 178979552 1053
1790178225314 183034176 1098
1790178252418 183561804 1137
1790178260429 185494384 1095
1790178268627 187546164 1122
1790178927861 188938468 1137
1790179031798 189313808 1188
1790179134280 189550300 1131
1790179296353 190721476 1149
1790179411037 190880208 1156
1790179509116 191170544 1130
1790179541258 191659556 1161
1790179609463 191702084 1186
1790179670577 192110228 1182
1790179817658 194065180 1206
1790179920493 194948992 1248
1790180482774 196441664 1245
1790180531140 196562072 1214
1790180677856 196587088 1271
1790180806124 198296348 1249
1790181034523 199129972 1242
1790181246052 200175096 1239
1790181322019 200209388 1249
1790181435753 200353272 1290
1790181548664 201741444 1244
1790181662905 202008232 1264
1790181911898 203586400 1278
1790182160825 204416440 1288
1790182422421 205319716 1317
1790182451825 206678244 1321
1790182547565 207113936 1304
1790182829619 207720744 1347
1790184205445 200038408 1265
1790184236860 178675384 1151
1790190353107 198819712 1279
1790190355487 178675384 1039
1790190376393 178675384 1051
1790198289475 176021400 1036
1790198292092 109739920 841
1790198423272 110295416 806
1790204006463 150365484 1101
1790204037080 153569508 1030
1790209952626 176090932 1157
1790213911197 158863048 1379
1790214281988 159829024 1040
1790214784009 159974448 1088
1790220597759 179842780 1295
1790220626291 159878700 1048
1790226388190 179876640 1244
