# timestamp_ms rss_kb
1785493522828 560432
1785493522894 606844
1785493523206 620824
1785493523556 645476
1785493523823 659960
1785493524177 674776
1785493524457 692024
1785493524808 707444
1785493525096 723448
1785493525395 738616
1785493525661 753660
1785493526064 771416
1785493526333 788228
1785493526737 815060
1785493527242 836636
1785493527540 854000
1785493527909 875308
1785493528484 903908
1785493529034 931296
1785493529652 959188
1785493530141 982016
1785493530493 1003280
1785493531210 1035472
1785493531294 1060560
1785493531380 1086056
1785493531525 1118156
1785493531674 1164096
1785493531908 1198268
1785493532011 1253564
1785493532119 1308860
1785493532341 1336524
1785493534346 1378516
1785493534459 1703008
1785493534548 2074768
1785493534815 2631912
1785493540523 2784684
