# timestamp_ms rss_kb
1785493197866 456448
1785493197981 491216
1785493198094 554412
1785493198210 610564
1785493198526 625832
1785493198925 646316
1785493199314 664340
1785493199715 685152
1785493200300 705984
1785493200544 720500
1785493200938 738076
1785493201269 756424
1785493201658 779848
1785493202182 813776
1785493202759 836656
1785493203317 864720
1785493203699 882616
1785493204178 907272
1785493204841 940008
1785493205362 962216
1785493205847 981652
1785493206099 1003420
1785493207080 1028624
1785493207220 1068056
1785493207360 1098020
1785493207497 1127288
1785493207636 1159456
1785493207965 1198964
1785493208118 1245044
1785493208274 1291124
1785493208436 1328000
1785493208773 1364864
1785493216903 1593724
1785493217048 2087404
1785493217336 2353936
1785493217485 2843196
1785493228388 2893816 (true peak, below trigger threshold; snapshot is in peaks/peak.smaps)
