1785493197866 55
1785493197981 56
1785493198094 58
1785493198210 56
1785493198391 35
1785493198526 67
1785493198707 41
1785493198825 34
1785493198925 61
1785493199059 61
1785493199181 38
1785493199314 64
1785493199590 62
1785493199715 62
1785493199855 43
1785493199998 75
1785493200160 44
1785493200300 76
1785493200544 76
1785493200810 60
1785493200938 63
1785493201128 62
1785493201269 42
1785493201458 70
1785493201658 65
1785493201858 68
1785493202028 39
1785493202182 71
1785493202438 44
1785493202614 72
1785493202759 66
1785493202914 79
1785493203070 41
1785493203212 38
1785493203317 67
1785493203503 67
1785493203699 45
1785493203894 69
1785493204047 74
1785493204178 91
1785493204399 48
1785493204609 79
1785493204841 73
1785493205080 41
1785493205189 73
1785493205362 69
1785493205525 46
1785493205661 80
1785493205847 56
1785493206099 70
1785493206241 39
1785493206325 43
1785493206414 40
1785493206605 42
1785493206696 72
1785493206816 40
1785493206905 40
1785493206994 38
1785493207080 65
1785493207220 70
1785493207360 66
1785493207497 66
1785493207636 67
1785493207870 46
1785493207965 74
1785493208118 74
1785493208274 74
1785493208436 78
1785493208602 76
1785493208773 77
1785493208933 44
1785493209073 53
1785493216779 75
1785493216903 74
1785493217048 77
1785493217336 71
1785493217485 79
1785493228388 75
