1787507736003 87280 49
1787507736125 143804 23
1787507736221 199512 24
1787507736324 224420 26
1787507736430 269592 25
1787507736531 296648 27
1787507736640 336260 27
1787507736748 365064 28
1787507736863 398148 27
1787507736976 434860 28
1787507737093 471204 28
1787507737210 507916 29
1787507737326 541660 28
1787507737441 577784 44
1787507737572 613524 29
1787507737688 649452 30
1787507737806 683308 31
1787507737928 720916 30
1787507738052 758244 31
1787507738176 793188 30
1787507738297 829184 32
1787507738419 864640 31
1787507738544 903240 31
1787507738667 951668 31
1787507738790 1024476 31
1787507738914 1103812 31
1787507739043 1183740 32
1787507739168 1266432 33
1787507739297 1344400 32
1787507739428 1433088 33
1787507739560 1509140 33
1787507739685 1581916 34
1787507739817 1664636 33
1787507739945 1741520 35
1787507740078 1827144 34
1787507740208 1913328 35
1787507740342 1993308 34
1787507740475 2069296 35
1787507740609 2146840 37
1787507740745 2236608 37
1787507740880 2323728 35
1787507741015 2418108 36
1787507741145 2501260 36
1787507741282 2593608 38
1787507741418 2677240 37
1787507741555 2766996 38
1787507741684 2853120 38
1787507741823 2943436 38
1787507741960 3019880 39
1787507742095 3110628 37
1787507742230 3188648 39
1787507742372 3268612 38
1787507742516 3361968 40
1787507742657 3458416 39
1787507742798 3548692 40
1787507742940 3647272 40
1787507743082 3759644 42
1787507743302 3835164 41
1787507743522 3889448 41
1787507743872 3964804 38
1787507744207 4038548 37
1787507744540 4112292 38
1787507744838 4186032 38
1787507745102 4259760 39
1787507745347 4331924 39
1787507745632 4407236 40
1787507745904 4480976 38
1787507746158 4553140 39
1787507746442 4628464 40
1787507746713 4702192 39
1787507746996 4775920 40
1787507747250 4849660 40
1787507747521 4923388 40
1787507747803 4997116 39
1787507748058 5070844 40
1787507748332 5144588 40
1787507748654 5220144 41
1787507748908 5293872 41
1787507749184 5367600 40
1787507749511 5439736 41
1787507749768 5515064 42
1787507750039 5588792 41
1787507750304 5662520 42
1787507750617 5736248 40
1787507750870 5808380 42
1787507751142 5883712 41
1787507751439 5957440 43
1787507751689 6031172 42
1787507752023 6104904 42
1787507752309 6178648 42
1787507752601 6252392 44
1787507752852 6324096 42
1787507753184 6399880 43
1787507753525 6474144 46
1787507753841 6547880 48
1787507754131 6621608 46
1787507754400 6695344 47
1787507754681 6769072 48
1787507754986 6842800 49
1787507755280 6916528 49
1787507755643 6990264 47
1787507755890 7064004 48
1787507756292 7136132 49
1787507756658 7211496 49
1787507756932 7285224 51
1787507757315 7358968 47
1787507757578 7432704 52
1787507758007 7543296 50
1787507758470 7652292 48
1787507758984 7764528 51
1787507759477 7875140 52
1787507759886 7985732 51
1787507760333 8096328 51
1787507760752 8205312 51
1787507761148 8317560 53
1787507761578 8428168 52
1787507761983 8538776 51
1787507762424 8649388 54
1787507762845 8759992 53
1787507763278 8870600 54
1787507763706 8981192 55
1787507764183 9084412 53
1787507764711 9203204 54
1787507765121 9313796 52
1787507765516 9422764 54
1787507765941 9534988 57
1787507766393 9645580 55
1787507766852 9756176 55
1787507767282 9866780 57
1787507767695 9977392 55
1787507768194 10086380 54
1787507768610 10198632 55
1787507769190 10309256 57
1787507769572 10419872 55
1787507770010 10530464 59
1787507770498 10641056 56
1787507770905 10751648 57
1787507771377 10862260 58
1787507771777 10972856 59
1787507772209 11083456 57
1787507772744 11230952 61
1787507773291 11378428 57
1787507773844 11524268 59
1787507774431 11644712 59
1787507774908 11783996 59
1787507775472 11931460 60
1787507776026 12078916 60
1787507776564 12226384 60
1787507777116 12373848 63
1787507777674 12521320 64
1787507778281 12668820 62
1787507778802 12816276 61
1787507779387 12964788 64
1787507779942 13112288 61
1787507780507 13259756 65
1787507781061 13407212 63
1787507781608 13554668 65
1787507782201 13702132 64
1787507782826 13849596 66
1787507783403 13997052 64
1787507783949 14144516 66
1787507784501 14292000 65
1787507785102 14439464 66
1787507785665 14586920 66
1787507786207 14734376 66
1787507786757 14881836 65
1787507787479 15064504 69
1787507788177 15250540 69
1787507788870 15434892 69
1787507789585 15619256 68
1787507790259 15803576 69
1787507790939 15987896 70
1787507791635 16172224 69
1787507792318 16356544 72
1787507793031 16540868 71
1787507793714 16725188 71
1787507794483 16909536 69
1787507795260 17093916 70
1787507795958 17276588 70
1787507796628 17462596 74
1787507797408 17646916 66
1787507798101 17831236 68
1787507798791 18015568 75
1787507799557 18201200 74
1787507800314 18385528 74
1787507801018 18569864 69
1787507801808 18791048 68
1787507802559 19012232 70
1787507803341 19225224 69
1787507804068 19417736 69
1787507804910 19638924 76
1787507805736 19860132 80
1787507806618 20081324 80
1787507807415 20302508 78
1787507808262 20523704 81
1787507809121 20744900 72
1787507809960 20966088 71
1787507810848 21187332 74
1787507811699 21408556 76
1787507812575 21629756 85
1787507813428 21850940 83
1787507815191 21936556 82
1787507827799 21936564 80
1787507829478 21953788 84
1787507833092 21961952 84
1787507836114 21962828 84
1787507837926 22167396 85
1787507839001 22407036 85
1787507839950 22658940 84
1787507840973 22890740 88
1787507841885 23142644 87
1787507842912 23382268 89
1787507843881 23621884 87
1787507844917 23879932 89
1787507845931 24137980 87
1787507846989 24396036 91
1787507848088 24655624 91
1787507849035 24913672 91
1787507850025 25171720 91
1787507851051 25429768 91
1787507852125 25687816 92
1787507853179 25945876 95
1787507854411 26240792 95
1787507855538 26527512 93
1787507856653 26793752 95
1787507857781 27088664 95
1787507858934 27383580 95
1787507860119 27678500 99
1787507861287 27973412 99
1787507862442 28268324 99
1787507863598 28563244 100
1787507864764 28858156 99
1787507865993 29153068 99
1787507867119 29447988 103
1787507868233 29742900 97
1787507869603 30074684 103
1787507870913 30406460 103
1787507872220 30738236 104
1787507873473 31070012 103
1787507874983 31401816 108
1787507876399 31733608 107
1787507877779 32065404 109
1787507879229 32398992 108
1787507880589 32730776 107
1787507881919 33062552 108
1787507883215 33394308 109
1787507884632 33762980 113
1787507886046 34131620 112
1787507887576 34500260 113
1787507889054 34868900 112
1787507890555 35237540 112
1787507892002 35606188 117
1787507893497 35974828 116
1787507895066 36343484 117
1787507896637 36712128 116
1787507898119 37080768 118
1787507899654 37469888 117
1787507901348 37854892 118
1787507902920 38260432 122
1787507904482 38651600 122
1787507906160 39057108 122
1787507907906 39476948 125
1787507909547 39882452 123
1787507911140 40287936 121
1787507912789 40693480 128
1787507914503 41135848 127
1787507916246 41578216 127
1787507918048 42020588 120
1787507919755 42462956 127
1787507921639 42905340 134
1787507923359 43347708 133
1787507925143 43790076 134
1787507926979 44232448 132
1787507928810 44674816 135
1787507930686 45154048 134
1787507932697 45633296 142
1787507934568 46112528 138
1787507936547 46591760 139
1787507938450 47071000 139
1787507940429 47550232 140
1787507942306 48029468 141
1787507944401 48545576 134
1787507946424 49061672 148
1787507948571 49567532 146
1787507950816 50093868 150
1787507953024 50609968 149
1787507955145 51126068 147
1787507957236 51642172 153
1787507959423 52195140 140
1787507961558 52748100 154
1787507963725 53294916 154
1787507966070 53856068 154
1787507968305 54409044 153
1787507970695 54962012 160
1787507972837 55514972 145
1787507975030 56104804 145
1787507977217 56694628 144
1787507979514 57284460 163
1787507981896 57874284 160
1787507984321 58464120 153
1787507986545 59053944 151
1787507989069 59680640 169
1787507991530 60307332 152
1787507993923 60934028 168
1787507996437 61560716 171
1787507999208 62187412 178
1787508001590 62814104 159
1787508004096 63477660 158
1787508006563 64141216 156
1787508009119 64804784 177
1787508011732 65468344 183
1787508014532 66134252 184
1787508017161 66797804 184
1787508020023 67498220 183
1787508022953 68198636 187
1787508025722 68899052 170
1787508028426 69599476 192
1787508031270 70299892 193
1787508034097 71037172 175
1787508036904 71774452 193
1787508039935 72511732 194
1787508042895 73249012 195
1787508045835 73986300 183
1787508048983 74760444 206
1787508052153 75534588 203
1787508055363 76308740 184
1787508058280 77082884 200
1787508061413 77859588 202
1787508064748 78670604 215
1787508068099 79481628 212
1787508071456 80292640 213
1787508074825 81103648 214
1787508078319 81951528 214
1787508081942 82799832 223
1787508083062 84650444 243
1787508083445 85497972 241
1787508084284 86648312 247
1787508084994 87794192 250
1787508085661 88762912 251
1787508086385 89944624 256
1787508087064 90877496 258
1787508087796 92096072 260
1787508088667 93507160 263
1787508089495 94711392 263
1787508090241 95972968 268
1787508091080 97257072 271
1787508091837 98403960 273
1787508092542 99407488 276
1787508093307 100626056 280
1787508094230 102059664 282
1787508094951 103134872 283
1787508095733 104323744 290
1787508096470 105392800 289
1787508097259 106639016 292
1787508098144 107901616 295
1787508098888 109048496 300
1787508099731 110159544 296
1787508100484 111305408 303
1787508101725 112691904 303
1787508102383 113958600 305
1787508103134 115284688 312
1787508103810 116585168 314
1787508104583 117981912 315
1787508105251 119251672 319
1787508106030 120670944 324
1787508106714 122018528 324
1787508107491 123409128 327
1787508108188 124746472 333
1787508108994 126184176 335
1787508109695 127447792 336
1787508110495 128883448 336
1787508111200 130194168 343
1787508112010 131643136 345
1787508112724 132988672 348
1787508113537 134386440 346
1787508114406 136182536 353
1787508115233 137658128 360
1787508116136 140349344 363
1787508116651 141984536 377
1787508117226 143742788 377
1787508127179 143805484 379
1787508140183 144803156 380
1787508147830 145520008 383
1787508155587 145765784 382
1787508163263 146010528 385
1787508174434 146486712 384
1787508182249 146672064 384
1787508190267 146916808 384
1787508198504 147163600 387
1787508206337 147225220 387
1787508207078 149049772 396
1787508208104 150658508 394
1787508209032 152210924 402
1787508210073 153949700 405
1787508211185 155896348 409
1787508212243 157499948 412
1787508213212 159151668 424
1787508223056 160666184 420
1787508225671 162366096 425
1787508228556 164115136 425
1787508231205 165792480 432
1787508233991 167527160 437
1787508236667 169247504 441
1787508239540 170953504 446
1787508248596 171813980 443
1787508257799 172024940 444
1787508269434 172087424 448
1787508273744 173822096 450
1787508298909 175126700 452
1787508316058 175513788 411
1787508325171 175685820 412
1787508338536 175793348 408
1787508354022 176072908 415
1787508362712 176158924 412
1787508372304 176352468 415
1787508385029 176461012 421
1787508394879 176697564 417
1787508407527 176718044 415
1787508428046 176783580 416
1787508432648 178917992 423
1787508436297 180861784 434
1787508448226 182068084 464
1787508459068 182085088 448
1787508470734 182152732 449
1787508480261 182683428 455
1787508496053 182945392 458
1787508506707 183091848 459
1787508516014 184112812 462
1787508584174 185746380 470
1787508628447 185802376 468
1787508776485 185864468 470
1787508847148 185877412 471
1787508914649 186004428 477
1787508958516 186061772 468
1787509105778 186495948 473
1787509176962 186503792 475
1787509244655 186631820 476
1787509435373 186650252 475
1787509506783 186654348 472
1787509573560 186746524 476
1787509763579 186781340 475
1787509833969 186785436 476
1787509901277 186893996 477
1787510091594 186912428 476
1787510165468 186916524 472
1787510233074 187025084 473
1787510423963 187043516 475
1787510498222 187047612 452
1787510563642 187170508 455
1787510627445 187171904 491
1787510754529 187190336 450
1787510828014 187194432 456
1787510893055 187302984 451
1787511082920 187321416 453
1787511153385 187325512 493
1787511220350 187434072 492
1787511385220 187434980 448
1787511411856 187453412 496
1787511482978 187457508 497
1787511550333 187566060 494
1787511740285 187584492 493
1787511812653 187588588 489
1787511878618 187698608 489
1787512067501 187717040 491
1787512139934 187721136 493
1787512297788 189335068 497
1787512307430 191605528 508
1787512310371 193540888 503
1787512319055 195516968 513
1787512322803 197675600 513
1787512332492 199988156 521
1787512336455 202219556 525
1787512340231 204247108 535
1787512348925 206557224 536
1787512351517 209001584 541
1787512355271 211295080 549
1787512358873 213449120 551
1787512362729 215810268 557
1787512367406 217985268 570
1787512371593 220249352 567
1787512375257 222484548 576
1787512390565 223613916 577
1787512393466 225904060 582
1787512397178 228212496 586
1787512405773 230525372 593
1787512413926 232844660 601
1787512418504 235222044 610
1787512454595 235898684 609
1787512471027 236166064 618
1787512487303 236172216 610
1787512500934 237121416 610
1787512525923 237136184 607
1787512558019 237175104 603
1787512570463 238102844 607
1787512625736 238108996 602
1787512692087 238252356 597
1787512770273 238268732 589
1787512824092 238606660 589
1787512840678 238623036 588
1787512890895 238764364 592
1787512910624 238983492 589
1787512959617 239663432 594
1787512982567 239837508 587
1787513027118 240492876 593
1787513053188 240712008 596
1787513094910 241154384 597
1787513124556 241596752 593
1787513163270 242019636 596
1787513195561 242418988 602
1787513231540 242822444 600
1787513266759 243330348 605
1787513299237 243719468 604
1787513337887 244264236 604
1787513367215 244591924 604
1787513408429 245198128 600
1787513434783 245382456 610
1787513485486 246144308 604
1787513502577 246222140 602
1787513570525 247133500 601
1787513625293 247909688 598
1787513639260 247987520 599
1787513695017 248810808 605
1787513708099 248833336 600
1787513777774 249732412 633
1787513846341 250561852 641
1787513894655 251487552 634
1787513913919 251577664 635
1787513964209 252470592 636
1787513981744 252538176 634
1787514035285 253547844 633
1787514051565 253570372 641
1787514122045 254522692 629
1787514191272 255479116 640
1787514255016 256484684 636
1787514267748 257064268 639
1787514323309 257336652 645
1787514340806 258172248 643
1787514393588 258217304 646
1787514461216 259558744 644
1787514476341 260615508 645
1787514534454 260656476 643
1787514596022 261336404 645
1787514608982 262141272 644
1787514670280 262438232 642
1787514738773 263381348 657
1787514752135 264503644 657
1787514808322 264509796 659
1787514874673 264841572 641
1787514940973 265177440 650
1787515007943 265994592 653
1787515076131 266936672 652
1787515142466 267817316 652
1787515181827 268714340 653
1787515210881 268736868 655
1787515277940 269685092 653
1787515345472 270582116 656
1787515413498 271552876 663
1787515481163 272558444 668
1787515540050 273334640 665
1787515553468 273674616 671
1787515608778 274317680 665
1787515622264 274662260 671
1787515737105 274678128 675
1787515748636 278282296 681
1787515749840 281837664 688
1787515751127 285208704 697
1787515752353 288375960 704
1787515758629 291434936 710
1787515760697 294617600 718
1787515762957 297873960 705
1787515765044 301007432 731
1787515767313 304243304 738
1787515831325 305578608 740
1787519014699 307468936 749
1787519031629 308052684 748
1787519048182 308544232 740
1787519064650 309035776 753
1787519080620 309486352 752
1787519095974 309936928 813
1787519112294 310367024 750
1787519127456 310766392 743
1787519142861 311186248 755
1787519158275 311606096 751
1787519173469 312015704 757
1787519188693 312404832 757
1787519204757 312834920 764
1787519220107 313254768 756
1787519235343 313664376 759
1787519250720 314073984 763
1787519266000 314473252 761
1787519281548 314862472 765
1787519296861 315282320 765
1787519312340 315691928 763
1787519327786 316091288 765
1787519343282 316500896 766
1787519358646 316890024 762
1787519374096 317309864 766
1787519389608 317709232 767
1787519405289 318170032 777
1787519421057 318569400 759
1787519436370 318999488 761
1787519451888 319368128 760
1787519467783 319787976 765
1787519483163 320218056 763
1787519498674 320617288 763
1787519514134 320996304 764
1787519529570 321405904 765
1787519545171 321815512 768
1787519560703 322204632 767
1787519576068 322614240 772
1787519591528 323003360 781
1787519607271 323423200 779
1787519622949 323822568 787
1787519638789 324221928 782
1787519654512 324631536 780
1787519670218 325030896 780
1787519686120 325440496 781
1787519702255 325839864 786
1787519717991 326280184 776
1787519734030 326669304 774
1787519749738 327109632 782
1787519765504 327508992 780
1787519781544 327949312 778
1787519797328 328358920 786
1787519813293 328758280 779
1787519830031 329198600 779
1787519845704 329638928 784
1787519861735 330048528 787
1787519877742 330447888 791
1787519893810 330918936 786
1787519909721 331287576 791
1787519926199 331748376 788
1787519942209 332178464 794
1787519958347 332577824 796
1787519974597 332997664 798
1787519991246 333437984 801
1787520007347 333868072 800
1787520023535 334298152 810
1787520039991 334728232 804
1787520056671 335158312 805
1787520073137 335598640 810
1787520089556 336018480 806
1787520106483 336458800 800
1787520122697 336888888 809
1787520138945 337318968 822
1787520155724 337759288 810
1787520172360 338179128 819
1787520189030 338578488 797
1787520205031 338844736 815
1787520227503 339075660 819
1787520274761 340724164 828
1787520291551 341084860 829
1787520308166 341402304 825
1787520324700 341711560 840
1787520341689 342024908 828
1787520358413 342309584 830
1787520375028 342610644 827
1787520391683 342913752 832
1787520408595 343239388 832
1787520425296 343552736 833
1787520442260 343835364 835
1787520459055 344171240 838
1787520475862 344466152 838
1787520492693 344799980 835
1787520509611 345123568 835
1787520526332 345369328 822
1787520548751 345502448 830
1787520565496 345543408 835
1787520582277 345584368 836
1787520599715 345623280 839
1787520619147 345656048 834
1787520639599 345692912 834
1787520656812 345740016 832
1787520674545 345772784 826
1787520691491 345809656 840
1787520708515 345852664 836
1787520731888 345891576 834
1787520748716 345928440 840
1787520765795 345967352 838
1787520783664 346004216 835
1787520800964 346041080 834
1787520817792 346077944 832
1787520834818 346114808 836
1787520854156 346155768 833
1787520871552 346196728 834
1787520889465 346231544 835
1787520911355 346268408 836
1787520928125 346305280 840
1787520944987 346350336 834
1787520964803 346395392 834
1787520987409 346430208 825
1787521004648 346469120 840
1787521022186 346514176 834
1787521039848 346548992 839
1787521062213 346594048 836
1787521079743 346632960 839
1787521096830 346671872 840
1787521113899 346706688 838
1787521134982 346747648 824
1787521152242 346778368 822
1787521168981 346821384 827
1787521185953 346858248 823
1787521203614 346895112 816
1787521220431 346929928 823
1787521237039 346970888 825
1787521254261 347003656 819
1787521275465 347017992 826
1787521352451 347021684 845
1787521618240 347393804 840
1787521685449 347754252 846
1787521752274 348092172 850
1787521818315 348362528 848
1787521885024 348790560 849
1787521950500 349060896 851
1787522016367 349353760 850
1787522082030 349714208 842
1787522147825 350029608 846
1787522191614 350292268 848
1787522212395 350299436 849
1787522263465 350675244 851
1787522281004 350682920 851
1787522334612 351013164 845
1787522351626 351268648 852
1787522417097 351381296 842
1787522485050 351786800 843
1787522543021 352071988 830
1787522611971 352477492 840
1787522680906 352702772 846
1787522750323 353063228 845
1787522819426 353423676 849
1787522888845 353896764 851
1787522957742 354331964 850
1787523025943 354692412 861
1787523093715 355075360 854
1787523162033 355458336 851
1787523229428 355661088 858
1787523297393 355931424 855
1787523365939 356336928 855
1787523433930 356764968 859
1787523502579 357215528 874
1787523571135 357553448 880
1787523639667 357981480 865
1787523709345 358522152 860
1787523777883 358815024 869
1787523846150 358995248 866
1787523914943 359333168 875
1787523983186 359671088 872
1787524051823 359941424 867
1787524120677 360279344 865
1787524189245 360637004 867
1787524257602 360932664 869
1787524325906 361293112 863
1787524393869 361518392 861
1787524461703 361901368 868
1787524530053 362509624 863
1787524615757 363347168 862
1787524617217 367971596 868
1787524618834 372831524 877
1787524620326 377607476 893
1787524693893 379362628 898
1787527976753 379392316 891
1787531116817 379425084 894
1787531957517 379440132 898
1787531990317 379621756 904
1787535138384 379681140 892
1787535182900 379746676 891
1787535212315 379791740 889
1787539217115 379832700 920
1787543202330 379912564 900
1787543274685 379925884 909
