# timestamp_ms rss_kb
1786985669828 229808
1786985672031 238648
1786985672128 244804
1786985696244 261052
1786985696640 284164
1786985696746 310272
1786985696857 328728
1786985696968 379060
1786985697078 403100
1786985697188 422224
1786985697396 435452
1786985697560 444796
1786985697673 468760
1786985697786 499388
1786985697900 534040
1786985698019 561084
1786985698128 580604
1786985698242 610032
1786985698455 643452
1786985698668 663932
1786985698838 680568
1786985698956 709876
1786985699075 740652
1786985699325 766296
1786985699552 783792
1786985699671 816140
1786985699794 849380
1786985699920 1043940
1786985700234 1072736
1786985700467 1110216
1786985700586 1295936
1786985700705 1437248
1786985736824 1483760
1786985736990 1533016
1786985739694 1586712
