1785393673907 59
1785393674026 33
1785393674103 57
1785393674202 34
1785393674290 32
1785393674365 56
1785393674478 33
1785393674554 32
1785393674629 54
1785393674725 36
1785393674804 53
1785393674914 55
1785393675011 58
1785393675133 61
1785393675261 62
1785393675389 67
1785393675522 64
1785393675654 66
1785393675789 67
1785393675924 65
1785393676059 67
1785393676173 65
1785393676308 66
1785393676443 68
1785393676579 68
1785393676716 70
1785393676836 70
1785393676975 62
1785393677086 51
1785393677185 79
1785393677336 72
1785393677482 72
1785393677635 72
1785393677787 80
1785393677947 75
1785393678105 76
1785393678262 77
1785393678423 74
1785393678579 75
1785393678907 41
1785393678998 68
1785393679136 43
1785393679229 73
1785393679376 44
1785393679469 42
1785393679561 43
1785393679656 44
1785393679748 73
1785393683073 72
1785393683215 73
1785393683359 73
1785393683499 72
1785393683639 217
1785393684420 38
1785393691659 80
1785393691787 75
1785393691936 78
