1790749795340 691
1790749796067 813
1790749796915 839
1790749797790 835
1790749798659 852
1790749799547 819
1790749800401 824
1790749801261 758
1790749802055 756
1790749802849 748
1790749803634 763
1790749804435 755
1790749805230 751
1790749806021 771
1790749806829 745
1790749807611 782
1790749808432 763
1790749809232 745
1790749810015 751
1790749810805 738
1790749811580 579
1790749812198 450
1790749815482 151
1790749815663 27
1790749815719 26
1790749815776 38
1790749815845 34
1790749815911 32
1790749816018 33
1790749816080 33
1790749816143 36
1790749816209 38
1790749816278 53
1790749816359 191
1790749816590 52
1790749816669 54
1790749816806 54
1790749816914 50
1790749817015 55
1790749817113 46
1790749817459 46
1790749817751 55
1790749817886 47
1790749818206 59
1790749818502 43
1790749818625 54
1790749818726 41
1790749818812 44
1790749818898 45
1790749818988 42
1790749821575 221
1790749821837 44
1790749821929 50
1790749822027 51
1790749822125 57
1790749822231 49
1790749823337 46
1790749824269 49
1790749827942 209
1790749828395 60
1790749828606 59
1790749829059 58
1790749829313 65
1790749829571 53
1790749830472 62
1790749830728 57
1790749831575 213
1790749832183 57
1790749832531 59
1790749833221 57
1790749833568 58
1790749833681 58
1790749836740 218
1790749837014 68
1790749837139 65
1790749837266 58
1790749837387 64
1790749838168 69
1790749838402 64
1790749845331 225
1790749851976 193
1790749852266 53
1790749852994 49
1790749853360 49
1790749853700 49
1790749854301 48
1790749854572 49
1790749854715 47
1790749855013 192
1790749855510 44
1790749855819 48
1790749856185 47
1790749856280 46
1790749856539 46
1790749856845 48
1790749856986 47
1790749857210 49
1790749857685 50
1790749858056 197
1790749858741 51
1790749859207 48
1790749859616 44
1790749859707 45
1790749860268 45
1790749860439 46
1790749860818 43
1790749861146 192
1790749861805 51
1790749862042 49
1790749862188 48
1790749862505 50
1790749862827 50
1790749862926 47
1790749863239 52
1790749863611 49
1790749863712 50
1790749863990 49
1790749864381 193
1790749864627 44
1790749864923 43
1790749865052 42
1790749865346 46
1790749865519 45
1790749865861 44
1790749866387 44
1790749866478 43
1790749866968 47
1790749867458 207
1790749867714 43
1790749868337 46
1790749868553 44
1790749868896 45
1790749868991 44
1790749869286 54
1790749869792 45
1790749869937 49
1790749870349 44
1790749870605 189
1790749871068 48
1790749871471 50
1790749871789 49
1790749872152 48
1790749872295 44
1790749872523 46
1790749872842 52
1790749873128 51
1790749873320 49
1790749873691 191
1790749874280 52
1790749874828 50
1790749875282 48
1790749875383 49
1790749876114 48
1790749876298 48
1790749876754 189
1790749877284 52
1790749877387 53
1790749877719 48
1790749878069 45
1790749878372 44
1790749878463 48
1790749878823 49
1790749879123 51
1790749879223 43
1790749879520 43
1790749879930 186
1790749880164 43
1790749880418 49
1790749880794 51
1790749881020 47
1790749881285 49
1790749881515 47
1790749881866 49
1790749882504 45
1790749882997 197
1790749883604 45
1790749883696 42
1790749884366 46
