# timestamp_ms rss_kb
1786956100883 262096
1786956101158 270632
1786956101554 278336
1786956102103 288768
1786956102604 295036
1786956102707 304376
1786956103677 333468
1786956103796 411356
1786956103916 492616
1786956104042 525400
1786956104164 567140
1786956104291 605788
1786956104416 624636
1786956104546 654596
1786956104786 680116
1786956104912 705692
1786956105043 720000
1786956105280 744844
1786956105413 760576
1786956105659 781784
1786956105903 799184
1786956106015 861780
1786956106160 903632
1786956107377 933832
1786956108253 956564
1786956108882 1049220
1786956109035 1084612
1786956109186 1117556
1786956109716 1144376
1786956109929 1178560
1786956110432 1202476
1786956113764 1404100
1786956113897 1629380
1786956114061 1700484
1786956114194 1876612
1786956115964 1938296
1786956116199 2004284
1786956116326 2055244
