# timestamp_ms rss_kb
1785803126272 12544
1785803127215 31956
1785803127271 69504
1785803127345 96104
1785803127402 128748
1785803127468 184104
1785803127546 189992
1785803127606 194600
1785803127703 207728
1785803127772 242956
1785803127842 282120
1785803127916 324356
1785803128004 361676
1785803128094 421388
1785803128198 467208
1785803128302 513408
1785803128419 557652
1785803128534 600064
1785803128664 657984
1785803128794 689152
1785803128897 742084
1785803129037 788504
1785803129188 848008
1785803133824 895780
1785803133975 923372
1785803134149 946372
1785803134323 966832
1785803134503 994912
1785803134679 1035868
1785803134823 1112876
1785803136039 1170228
1785803136198 1199020
1785803212514 1202980 (true peak, below trigger threshold; snapshot is in peaks/peak.smaps)
