1785803126272 12544 12
1785803127215 31956 11
1785803127271 69504 11
1785803127345 96104 12
1785803127402 128748 13
1785803127468 184104 12
1785803127546 189992 11
1785803127606 194600 13
1785803127703 207728 13
1785803127772 242956 16
1785803127842 282120 15
1785803127916 324356 15
1785803128004 361676 17
1785803128094 421388 19
1785803128198 467208 18
1785803128302 513408 19
1785803128419 557652 21
1785803128534 600064 22
1785803128664 657984 22
1785803128794 689152 23
1785803128897 742084 23
1785803129037 788504 24
1785803129188 848008 26
1785803129876 856868 23
1785803133824 895780 27
1785803133975 923372 28
1785803134149 946372 27
1785803134323 966832 29
1785803134503 994912 28
1785803134679 1035868 24
1785803134823 1112876 31
1785803135922 1125032 34
1785803136039 1170228 31
1785803136198 1199020 30
1785803136958 1201068 29
1785803142903 1202976 34
1785803212514 1202980 35
