# timestamp_ms rss_kb
1790712938967 251548
1790712939257 258472
1790712939670 264092
1790712940135 272468
1790712940603 290720
1790712941731 333348
1790712941844 393312
1790712941983 496700
1790712942102 518972
1790712942225 551464
1790712942352 588620
1790712942474 610640
1790712942595 637204
1790712942719 658876
1790712942949 677532
1790712943176 694304
1790712943273 711500
1790712943402 728484
1790712943634 744068
1790712943738 761988
1790712944379 781968
1790712945027 798296
1790712945549 819248
1790712946449 882744
1790712946596 948596
1790712946749 997140
1790712946900 1038976
1790712947050 1070912
1790712947208 1105528
1790712947364 1136484
1790712947987 1182876
1790712948237 1218212
1790712948485 1249708
1790712951966 1292404
1790712952107 1588776
1790712952254 1715752
1790712952397 1784796
1790712952535 1965020
1790712952677 2035464
1790712954248 2098600
1790712954388 2295208
1790712954529 2473972
1790712954811 2563784
1790712959146 2658564
1790712966368 2733400
1790712967014 2799640
1790712967309 3053664
1790712967695 3135584
1790712968082 3211364
1790712970803 3280748
1790712971192 3362668
