1789880838135 67
1789880838233 39
1789880838302 40
1789880838374 41
1789880838449 42
1789880838524 42
1789880838598 90
1789880838725 64
1789880838823 65
1789880838922 64
1789880839023 64
1789880839123 66
1789880839222 68
1789880839325 67
1789880839427 68
1789880839530 68
1789880839633 69
1789880839737 69
1789880839841 69
1789880839946 72
1789880840054 71
1789880840159 70
1789880840264 68
1789880840370 72
1789880840477 72
1789880840584 72
1789880840692 72
1789880840802 73
1789880840910 74
1789880841020 74
1789880841131 72
1789880841239 74
1789880841348 73
1789880841457 74
1789880841567 75
1789880841678 77
1789880841791 76
1789880841904 76
1789880842015 77
1789880842130 78
1789880842244 79
1789880842360 78
1789880842475 81
1789880842593 86
1789880842716 81
1789880842835 77
1789880842949 79
1789880843065 81
1789880843185 84
1789880843305 81
1789880843424 83
1789880843543 84
1789880843666 85
1789880843790 86
1789880843914 85
1789880844037 86
1789880844161 88
1789880844286 88
1789880844412 86
1789880844537 88
1789880844664 88
1789880844790 89
1789880844918 91
1789880845047 92
1789880845178 90
1789880845307 92
1789880845437 94
1789880845568 95
1789880845702 91
1789880845822 90
1789880845951 90
1789880846081 95
1789880846215 92
1789880846337 90
1789880846466 94
1789880846590 96
1789880846725 95
1789880846850 92
1789880846981 95
1789880847106 96
1789880847240 98
1789880847369 97
1789880847506 99
1789880847635 27
1789880847699 101
1789880847855 26
1789880847910 99
1789880848073 27
1789880848131 24
1789880848185 25
1789880848240 97
1789880848391 26
1789880848446 25
1789880848535 98
1789880848711 26
1789880848792 26
1789880848848 99
1789880849011 27
1789880849069 25
1789880849124 25
1789880849180 101
1789880849360 26
1789880849451 101
1789880849632 26
1789880849737 103
1789880849930 27
1789880850013 27
1789880850070 105
1789880850230 26
1789880850297 27
1789880850379 104
1789880850538 26
1789880850594 26
1789880850677 102
1789880850869 27
1789880850952 27
1789880851010 102
1789880851169 26
1789880851262 106
1789880851400 25
1789880851482 105
1789880851669 27
1789880851763 105
1789880851949 27
1789880852056 105
1789880852227 27
1789880852285 26
1789880852368 110
1789880852558 27
1789880852651 108
1789880852791 26
1789880852873 27
1789880852982 107
1789880853156 27
1789880853214 26
1789880853271 26
1789880853328 105
1789880853489 26
1789880853547 27
1789880853616 28
1789880853675 108
1789880853814 26
1789880853871 26
1789880853979 108
1789880854153 27
1789880854262 110
1789880854454 28
1789880854550 108
1789880854741 28
1789880854853 108
1789880855028 28
1789880855136 112
1789880855330 28
1789880855440 109
1789880855617 28
1789880855727 113
1789880855923 27
1789880856030 110
1789880856208 27
1789880856317 109
1789880856510 27
1789880856616 115
1789880856801 30
1789880856914 112
1789880857109 28
1789880857194 27
1789880857252 111
1789880857405 28
1789880857465 27
1789880857548 112
1789880857719 29
1789880857777 27
1789880857884 114
1789880858066 29
1789880858177 115
1789880858375 28
1789880858485 116
1789880858643 27
1789880858702 29
1789880858813 114
1789880858984 26
1789880859042 26
1789880859125 117
1789880859312 30
1789880859374 27
1789880859434 27
1789880859492 116
1789880859690 27
1789880859775 117
1789880859935 29
1789880859995 28
1789880860056 26
1789880860140 120
1789880860341 27
1789880860452 120
1789880860643 31
1789880860758 121
1789880860963 27
1789880861049 120
1789880861240 30
1789880861303 27
1789880861389 119
1789880861591 28
1789880861703 122
1789880861894 29
1789880862007 120
1789880862186 27
1789880862245 29
1789880862333 123
1789880862528 30
1789880862642 125
1789880862853 29
1789880862942 29
1789880863043 122
1789880863197 28
1789880863283 28
1789880863393 121
1789880863574 29
1789880863637 28
1789880863724 28
1789880863822 124
1789880864030 29
1789880864118 28
1789880864178 28
1789880864267 123
1789880864477 28
1789880864577 29
1789880864691 134
1789880864883 29
1789880864945 28
1789880865034 29
1789880865147 125
1789880865343 30
1789880865434 28
1789880865495 27
1789880865581 122
1789880865790 28
1789880865877 28
1789880865976 29
1789880866037 130
1789880866228 29
1789880866344 28
1789880866430 129
1789880866650 29
1789880866753 29
1789880866865 127
1789880867079 29
1789880867168 28
1789880867282 129
1789880867483 30
1789880867599 28
1789880867688 132
1789880867854 29
1789880867916 29
1789880867978 29
1789880868039 28
1789880868100 29
1789880868201 129
1789880868420 29
1789880868510 28
1789880868571 28
1789880868632 29
1789880868694 131
1789880868886 30
1789880868990 30
1789880869109 131
1789880869302 30
1789880869365 28
1789880869426 29
1789880869489 28
1789880869578 131
1789880869757 29
1789880869820 29
1789880869935 29
1789880870052 135
1789880870249 28
1789880870363 29
1789880870465 133
1789880870660 30
1789880870724 29
1789880870788 30
1789880870852 30
1789880870944 139
1789880871171 30
1789880871261 29
1789880871338 31
1789880871402 135
1789880871627 30
1789880871718 31
1789880871782 29
1789880871874 134
1789880872071 30
1789880872176 30
1789880872240 28
1789880872328 138
1789880872528 31
1789880872592 29
1789880872656 29
1789880872719 29
1789880872810 138
1789880873035 31
1789880873142 31
1789880873263 140
1789880873466 29
1789880873586 30
1789880873680 141
1789880873913 30
1789880874018 31
1789880874111 138
1789880874340 30
1789880874432 32
1789880874499 29
1789880874562 30
1789880874627 136
1789880874797 29
1789880874861 29
1789880874937 31
1789880874998 30
1789880875090 30
1789880875153 138
1789880875354 30
1789880875446 30
1789880875567 142
1789880875774 30
1789880875854 31
1789880875919 30
1789880876040 141
1789880876244 31
1789880876365 30
1789880876459 143
1789880876636 30
1789880876727 31
1789880876834 30
1789880876927 29
1789880876990 143
1789880877197 31
1789880877292 30
1789880877414 142
1789880877619 30
1789880877727 32
1789880877850 143
1789880878056 31
1789880878178 30
1789880878273 30
1789880878396 146
1789880878619 30
1789880878711 30
1789880878834 30
1789880878928 148
1789880879170 32
1789880879265 31
1789880879389 31
1789880879499 147
1789880879711 32
1789880879840 31
1789880879934 31
1789880880058 148
1789880880270 31
1789880880365 31
1789880880431 30
1789880880509 31
1789880880575 32
1789880880671 150
1789880880886 31
1789880881011 31
1789880881106 30
1789880881231 152
1789880881448 32
1789880881560 32
1789880881685 30
1789880881781 150
1789880881995 31
1789880882060 30
1789880882157 31
1789880882254 32
1789880882380 155
1789880882615 32
1789880882713 32
1789880882841 31
1789880882937 155
1789880883159 31
1789880883227 31
1789880883295 31
1789880883361 32
1789880883458 32
1789880883571 156
1789880883792 34
1789880883863 32
1789880883930 33
1789880883998 32
1789880884066 31
1789880884131 31
1789880884227 152
1789880884445 32
1789880884513 32
1789880884580 32
1789880884647 31
1789880884729 32
1789880884796 32
1789880884863 31
1789880884929 154
1789880885119 32
1789880885187 32
1789880885286 31
1789880885384 33
1789880885453 32
1789880885520 32
1789880885587 156
1789880885779 31
1789880885846 31
1789880885929 33
1789880885998 33
1789880886066 32
1789880886133 32
1789880886231 162
1789880886461 34
1789880886532 32
1789880886599 31
1789880886665 32
1789880886763 32
1789880886861 159
1789880887087 33
1789880887155 31
1789880887237 33
1789880887366 32
1789880887465 161
1789880887694 31
1789880887792 33
1789880887861 32
1789880887960 32
1789880888059 161
1789880888317 32
1789880888401 33
1789880888469 32
1789880888537 34
1789880888608 31
1789880888708 161
1789880888936 32
1789880889034 32
1789880889133 33
1789880889202 32
1789880889302 161
1789880889531 32
1789880889646 35
1789880889750 33
1789880889850 33
1789880889920 163
1789880890119 33
1789880890189 33
1789880890258 34
1789880890328 33
1789880890398 32
1789880890464 33
1789880890565 163
1789880890796 32
1789880890866 33
1789880890952 34
1789880891054 32
1789880891185 168
1789880891389 32
1789880891458 32
1789880891558 32
1789880891690 33
1789880891760 33
1789880891831 166
1789880892065 32
1789880892151 33
1789880892220 33
1789880892322 32
1789880892424 166
1789880892658 33
1789880892729 32
1789880892798 32
1789880892868 32
1789880892969 34
1789880893069 168
1789880893307 33
1789880893425 35
1789880893528 33
1789880893661 32
1789880893759 172
1789880894000 33
1789880894133 33
1789880894232 33
1789880894333 33
1789880894435 36
1789880894509 171
1789880894733 35
1789880894838 34
1789880894973 33
1789880895076 33
1789880895181 174
1789880895425 34
1789880895560 34
1789880895664 36
1789880895737 34
1789880895809 34
1789880895931 176
1789880896178 34
1789880896282 33
1789880896416 33
1789880896520 34
1789880896623 173
1789880896867 35
1789880896940 34
1789880897013 35
1789880897089 33
1789880897160 34
1789880897231 33
1789880897318 34
1789880897423 175
1789880897669 35
1789880897742 34
1789880897813 34
1789880897884 33
1789880897954 33
1789880898024 32
1789880898094 33
1789880898165 34
1789880898237 176
1789880898451 34
1789880898522 33
1789880898594 33
1789880898664 34
1789880898736 37
1789880898830 35
1789880898936 177
1789880899184 34
1789880899256 33
1789880899327 34
1789880899400 34
1789880899472 35
1789880899544 34
1789880899615 35
1789880899687 33
1789880899757 34
1789880899828 176
1789880900043 34
1789880900115 34
1789880900188 34
1789880900278 34
1789880900348 35
1789880900455 33
1789880900558 181
1789880900810 34
1789880900884 34
1789880900957 35
1789880901031 34
1789880901104 35
1789880901178 35
1789880901251 38
1789880901329 34
1789880901402 181
1789880901654 36
1789880901729 34
1789880901819 35
1789880901926 36
1789880902035 35
1789880902142 35
1789880902215 181
1789880902436 35
1789880902510 36
1789880902585 35
1789880902724 34
1789880902830 35
1789880902903 35
1789880902973 181
1789880903226 36
1789880903354 36
1789880903461 34
1789880903567 34
1789880903674 184
1789880903897 34
1789880903970 35
1789880904077 36
1789880904152 33
1789880904224 34
1789880904297 34
1789880904370 36
1789880904477 34
1789880904551 183
1789880904774 35
1789880904849 36
1789880904942 36
1789880905049 35
1789880905156 35
1789880905263 184
1789880905520 36
1789880905596 35
1789880905669 37
1789880905745 34
1789880905818 35
1789880905891 35
1789880905965 36
1789880906106 187
1789880906365 35
1789880906459 35
1789880906533 35
1789880906606 35
1789880906679 34
1789880906752 36
1789880906829 37
1789880906904 36
1789880906979 187
1789880907205 37
1789880907282 35
1789880907357 35
1789880907464 35
1789880907539 36
1789880907614 37
1789880907690 35
1789880907764 195
1789880908033 37
1789880908130 36
1789880908205 35
1789880908313 37
1789880908423 35
1789880908532 191
1789880908797 37
1789880908907 38
1789880908987 38
1789880909066 35
1789880909176 35
1789880909285 37
1789880909363 35
1789880909436 194
1789880909721 37
1789880909832 37
1789880909943 36
1789880910055 36
1789880910164 35
1789880910274 198
1789880910513 36
1789880910589 36
1789880910699 35
1789880910807 38
1789880910886 35
1789880910962 35
1789880911072 197
1789880911360 38
1789880911473 37
1789880911584 36
1789880911693 35
1789880911802 36
1789880911913 201
1789880912155 36
1789880912231 36
1789880912341 35
1789880912417 35
1789880912493 35
1789880912602 36
1789880912679 36
1789880912755 197
1789880913046 37
1789880913158 38
1789880913271 37
1789880913383 36
1789880913493 35
1789880913604 201
1789880913880 36
1789880913990 37
1789880914103 38
1789880914182 37
1789880914260 36
1789880914373 37
1789880914508 201
1789880914784 38
1789880914898 38
1789880915013 38
1789880915128 37
1789880915241 36
1789880915353 206
1789880915636 36
1789880915747 36
1789880915859 37
1789880915972 37
1789880916105 38
1789880916219 203
1789880916500 37
1789880916613 37
1789880916725 36
1789880916837 35
1789880916950 38
1789880917064 204
1789880917344 37
1789880917458 37
1789880917573 38
1789880917686 37
1789880917819 38
1789880917898 36
1789880917975 205
1789880918255 37
1789880918370 38
1789880918485 37
1789880918600 37
1789880918715 39
1789880918832 211
1789880919120 37
1789880919234 38
1789880919351 38
1789880919468 38
1789880919570 39
1789880919650 37
1789880919728 206
1789880920012 37
1789880920126 37
1789880920240 37
1789880920355 37
1789880920468 37
1789880920584 210
1789880920872 37
1789880920986 38
1789880921102 39
1789880921219 37
1789880921320 38
1789880921398 38
1789880921477 213
1789880921732 38
1789880921811 39
1789880921928 38
1789880922046 39
1789880922165 38
1789880922282 38
1789880922398 214
1789880922654 37
1789880922733 37
1789880922811 36
1789880922890 38
1789880923057 56
1789880923245 62
1789880924277 57
1789880925916 258
1789880964079 221
1789880964343 39
1789880964424 38
1789880964505 38
1789880964585 38
1789880964665 38
1789880964745 38
1789880964826 38
1789880964906 37
1789880964987 39
1789880965068 38
1789880965148 39
1789880965229 38
1789880965310 37
1789880965390 38
1789880965471 37
1789880965551 38
1789880965631 38
1789880965713 38
1789880965793 41
1789880966863 40
1789880971591 219
1789880971855 39
1789880971937 40
1789880972021 40
1789880972104 38
1789880972186 39
1789880972267 39
1789880972348 39
1789880972429 38
1789880972510 39
1789880972593 40
1789880972677 40
1789880972762 40
1789880972846 40
1789880972929 39
1789880973012 38
1789880973094 39
1789880973201 40
1789880973284 40
1789880973368 39
1789880973452 40
1789880973536 219
1789880973838 39
1789880973922 39
1789880974005 39
1789880974088 41
1789880974173 40
1789880974292 40
1789880974414 40
1789880974534 40
1789880974656 225
1789880974963 40
1789880975084 41
1789880975192 41
1789880975314 39
1789880975433 40
1789880975557 40
1789880975680 228
1789880975989 39
1789880976109 39
1789880976231 40
1789880976353 41
1789880976475 40
1789880976597 39
1789880976718 224
1789880977025 41
1789880977134 40
1789880977258 40
1789880977380 40
1789880977502 39
1789880977623 42
1789880977747 227
1789880978057 40
1789880978180 40
1789880978302 40
1789880978385 39
1789880978465 41
1789880978588 40
1789880978710 41
1789880978834 227
1789880979129 41
1789880979251 40
1789880979374 41
1789880979498 41
1789880979622 40
1789880979743 40
1789880979865 230
1789880980178 41
1789880980302 42
1789880980426 40
1789880980548 40
1789880980669 40
1789880980793 41
1789880980905 233
1789880981220 40
1789880981343 41
1789880981468 42
1789880981592 41
1789880981716 40
1789880981838 42
1789880981965 235
1789880982283 41
1789880982406 41
1789880982529 40
1789880982653 40
1789880982777 41
1789880982902 42
1789880983014 231
1789880983329 41
1789880983454 41
1789880983579 41
1789880983704 42
1789880983829 41
1789880983955 41
1789880984078 234
1789880984397 41
1789880984521 40
1789880984646 41
1789880984770 43
1789880984897 41
1789880985022 42
1789880985135 237
1789880985455 41
1789880985582 42
1789880985709 42
1789880985837 42
1789880985963 41
1789880986089 41
1789880986214 241
1789880986540 42
1789880986667 41
1789880986793 42
1789880986919 40
1789880987043 42
1789880987172 42
1789880987285 236
1789880987607 42
1789880987734 42
1789880987861 41
1789880987987 42
1789880988115 42
1789880988243 42
1789880988367 242
1789880988694 43
1789880988819 42
1789880988945 42
1789880989033 41
1789880989120 42
1789880989207 41
1789880989296 42
1789880989385 41
1789880989472 41
1789880989584 42
1789880989711 244
1789880990041 43
1789880990170 42
1789880990297 41
1789880990424 42
1789880990550 42
1789880990679 42
1789880990808 42
1789880990932 243
1789880991261 43
1789880991386 43
1789880991512 43
1789880991642 43
1789880991773 43
1789880991888 42
1789880992015 42
1789880992143 248
1789880992477 42
1789880992601 43
1789880992729 42
1789880992858 43
1789880992989 44
1789880993121 43
1789880993250 43
1789880993375 248
1789880993708 43
1789880993838 43
1789880993967 42
1789880994092 43
1789880994208 44
1789880994340 44
1789880994472 44
1789880994605 251
1789880994943 42
1789880995072 43
1789880995204 43
1789880995333 43
1789880995464 43
1789880995595 43
1789880995725 44
1789880995857 256
1789880996200 43
1789880996326 42
1789880996456 44
1789880996575 44
1789880996708 43
1789880996834 44
1789880996962 43
1789880997089 256
1789880997434 44
1789880997565 44
1789880997698 43
1789880997830 43
1789880997964 44
1789880998098 44
1789880998230 43
1789880998361 252
1789880998703 44
1789880998837 45
1789880998970 44
1789880999090 43
1789880999220 43
1789880999347 43
1789880999476 43
1789880999609 256
1789880999954 45
1789881000047 45
1789881000140 45
1789881000234 43
1789881000323 43
1789881000414 43
1789881000547 45
1789881000682 44
1789881000815 43
1789881000947 263
1789881001300 44
1789881001435 44
1789881001567 45
1789881001689 45
1789881001825 45
1789881001960 46
1789881002095 43
1789881002227 260
1789881002577 46
1789881002713 45
1789881002847 44
1789881002979 44
1789881003112 43
1789881003247 44
1789881003380 44
1789881003513 261
1789881003864 44
1789881003999 44
1789881004132 44
1789881004254 46
1789881004392 44
1789881004525 44
1789881004659 44
1789881004792 266
1789881005150 45
1789881005287 44
1789881005420 45
1789881005554 44
1789881005689 45
1789881005826 44
1789881005960 44
1789881006094 45
1789881006230 271
1789881006593 46
1789881006730 44
1789881006850 46
1789881006987 45
1789881007123 44
1789881007259 45
1789881007396 45
1789881007531 44
1789881007665 269
1789881008027 46
1789881008165 44
1789881008300 45
1789881008434 44
1789881008570 45
1789881008707 46
1789881008845 45
1789881008980 45
1789881009117 272
1789881009481 46
1789881009607 47
1789881009745 44
1789881009881 45
1789881010018 45
1789881010155 46
1789881010293 45
1789881010429 44
1789881010565 274
1789881010934 46
1789881011074 47
1789881011214 45
1789881011351 46
1789881011446 45
1789881011539 45
1789881011633 46
1789881011728 45
1789881011824 46
1789881011963 45
1789881012101 277
1789881012457 47
1789881012598 45
1789881012736 45
1789881012875 45
1789881013013 45
1789881013151 47
1789881013292 46
1789881013432 46
1789881013570 276
1789881013939 46
1789881014079 46
1789881014219 45
1789881014358 45
1789881014496 46
1789881014634 46
1789881014773 46
1789881014912 46
1789881015037 278
1789881015410 47
1789881015551 46
1789881015691 46
1789881015832 46
1789881015971 45
1789881016110 47
1789881016251 46
1789881016391 46
1789881016529 284
1789881016908 45
1789881017046 46
1789881017140 45
1789881017236 47
1789881017334 48
1789881017476 48
1789881017618 47
1789881017759 49
1789881017857 50
1789881017958 49
1789881018089 286
1789881018427 47
1789881018568 46
1789881018712 46
1789881018853 49
1789881018997 47
1789881019138 49
1789881019283 47
1789881019427 48
1789881019569 284
1789881019948 49
1789881020090 48
1789881020232 47
1789881020374 47
1789881020515 48
1789881020660 48
1789881020804 48
1789881020946 46
1789881021073 293
1789881021461 47
1789881021602 46
1789881021742 47
1789881021886 48
1789881022030 47
1789881022174 48
1789881022317 47
1789881022459 47
1789881022600 48
1789881022744 291
1789881023129 47
1789881023273 48
1789881023417 50
1789881023521 48
1789881023620 46
1789881023716 46
1789881023858 47
1789881024000 49
1789881024145 49
1789881024277 48
1789881024422 297
1789881024816 48
1789881024960 49
1789881025106 47
1789881025204 46
1789881025345 46
1789881025488 48
1789881025618 48
1789881025761 47
1789881025904 48
1789881026047 302
1789881026448 47
1789881026546 47
1789881026689 47
1789881026834 48
1789881026979 48
1789881027078 47
1789881027222 47
1789881027353 48
1789881027500 49
1789881027647 297
1789881027995 47
1789881028139 48
1789881028285 48
1789881028417 48
1789881028561 47
1789881028661 48
1789881028761 48
1789881028860 47
1789881028959 50
1789881029046 50
1789881029194 50
1789881029296 301
1789881029694 48
1789881029841 49
1789881029942 49
1789881030084 49
1789881030229 48
1789881030375 259
1789881030721 50
1789881030822 48
1789881030965 49
1789881031114 304
1789881031516 48
1789881031616 48
1789881031758 48
1789881031907 49
1789881032057 50
1789881032159 48
1789881032304 48
1789881032449 49
1789881032598 49
1789881032699 299
1789881033096 49
1789881033244 49
1789881033346 47
1789881033490 48
1789881033636 49
1789881033784 49
1789881033917 50
1789881034065 49
1789881034212 48
1789881034358 308
1789881034764 47
1789881034863 48
1789881035010 47
1789881035157 48
1789881035259 49
1789881035362 48
1789881035461 49
1789881035611 49
1789881035715 50
1789881035865 49
1789881036011 307
1789881036372 49
1789881036520 49
1789881036668 49
1789881036770 48
1789881036919 50
1789881037069 49
1789881037202 51
1789881037353 51
1789881037502 51
1789881037652 310
1789881038015 49
1789881038163 48
1789881038312 49
1789881038416 50
1789881038568 50
1789881038721 50
1789881038825 48
1789881038972 48
1789881039121 50
1789881039224 49
1789881039373 313
1789881039788 52
1789881039894 50
1789881040046 51
1789881040199 49
1789881040302 49
1789881040438 51
1789881040542 49
1789881040644 50
1789881040747 50
1789881040895 51
1789881041049 50
1789881041154 323
1789881041578 49
1789881041727 49
1789881041829 50
1789881041980 50
1789881042130 49
1789881042281 51
1789881042387 51
1789881042540 52
1789881042694 51
1789881042798 52
1789881042953 324
1789881043379 50
1789881043482 50
1789881043633 50
1789881043784 51
1789881043925 52
1789881044032 51
1789881044186 50
1789881044340 51
1789881044447 51
1789881044599 48
1789881044749 322
1789881045126 50
1789881045279 49
1789881045430 51
1789881045534 50
1789881045689 51
1789881045845 52
1789881045951 50
1789881046103 51
1789881046258 52
1789881046365 52
1789881046521 326
1789881046901 51
1789881047007 53
1789881047114 52
1789881047271 53
1789881047415 51
1789881047520 50
1789881047672 51
1789881047777 52
1789881047933 51
1789881048088 51
1789881048193 51
1789881048347 332
1789881048783 51
1789881048888 50
1789881049040 50
1789881049193 53
1789881049301 51
1789881049457 51
1789881049612 51
1789881049718 50
1789881049871 52
1789881050028 51
1789881050134 331
1789881050569 51
1789881050726 54
1789881050834 51
1789881050976 51
1789881051133 52
1789881051241 52
1789881051398 51
1789881051553 51
1789881051658 52
1789881051816 52
1789881051924 51
1789881052031 338
1789881052420 51
1789881052577 52
1789881052684 51
1789881052839 52
1789881052994 54
1789881053104 51
1789881053261 51
1789881053416 52
1789881053523 52
1789881053680 53
1789881053838 335
1789881054229 53
1789881054387 51
1789881054544 51
1789881054685 52
1789881054792 53
1789881054950 52
1789881055107 50
1789881055213 51
1789881055369 52
1789881055527 52
1789881055636 52
1789881055792 346
1789881056245 52
1789881056352 51
1789881056507 52
1789881056662 53
1789881056772 53
1789881056931 54
1789881057093 53
1789881057203 53
1789881057363 52
1789881057520 52
1789881057626 52
1789881057786 348
1789881058243 55
1789881058354 55
1789881058500 55
1789881058660 52
1789881058770 53
1789881058915 53
1789881059078 53
1789881059189 54
1789881059350 54
1789881059510 54
1789881059621 53
1789881059782 341
1789881060181 53
1789881060340 54
1789881060502 53
1789881060612 54
1789881060760 53
1789881060922 54
1789881061033 53
1789881061194 54
1789881061357 54
1789881061468 52
1789881061626 54
1789881061736 346
1789881062190 53
1789881062336 54
1789881062497 51
1789881062604 55
1789881062768 53
1789881062930 54
1789881063042 53
1789881063202 54
1789881063362 53
1789881063472 53
1789881063632 54
1789881063742 53
1789881063854 356
1789881064267 54
1789881064427 54
1789881064537 54
1789881064686 54
1789881064848 54
1789881064960 53
1789881065121 54
1789881065232 54
1789881065395 55
1789881065557 54
1789881065668 53
1789881065831 356
1789881066295 53
1789881066444 54
1789881066556 53
1789881066717 55
1789881066833 55
1789881066995 53
1789881067158 53
1789881067268 53
1789881067428 55
1789881067541 54
1789881067704 54
1789881067867 359
1789881068283 54
1789881068445 54
1789881068556 53
1789881068719 55
1789881068831 54
1789881068993 53
1789881069102 53
1789881069267 54
1789881069379 54
1789881069490 55
1789881069604 55
1789881069717 55
1789881069832 55
1789881069945 354
1789881070357 54
1789881070510 54
1789881070672 53
1789881070782 54
1789881070944 54
1789881071108 55
1789881071220 55
1789881071387 56
1789881071501 55
1789881071668 56
1789881071783 56
1789881071950 364
1789881072372 53
1789881072533 55
1789881072700 56
1789881072814 55
1789881072978 53
1789881073086 56
1789881073254 55
1789881073367 55
1789881073531 55
1789881073644 54
1789881073810 56
1789881073927 56
1789881074094 363
1789881074556 56
1789881074669 54
1789881074834 55
1789881074947 54
1789881075113 55
1789881075282 55
1789881075397 55
1789881075564 55
1789881075679 56
1789881075848 58
1789881075966 56
1789881076134 55
1789881076248 370
1789881076730 55
1789881076844 55
1789881077009 55
1789881077126 56
1789881077295 57
1789881077410 54
1789881077576 54
1789881077689 55
1789881077858 56
1789881077974 56
1789881078144 57
1789881078261 56
1789881078417 370
1789881078846 55
1789881079012 55
1789881079127 57
1789881079298 55
1789881079412 55
1789881079579 57
1789881079696 56
1789881079865 57
1789881079980 54
1789881080145 55
1789881080261 56
1789881080429 57
1789881080545 377
1789881081037 57
1789881081155 55
1789881081270 56
1789881081385 54
1789881081500 56
1789881081668 56
1789881081784 55
1789881081950 55
1789881082066 56
1789881082238 56
1789881082355 55
1789881082522 56
1789881082678 57
1789881082795 375
1789881083232 56
1789881083401 56
1789881083516 55
1789881083685 56
1789881083801 56
1789881083970 58
1789881084087 56
1789881084261 56
1789881084377 56
1789881084546 56
1789881084660 56
1789881084831 58
1789881084951 382
1789881085446 57
1789881085563 58
1789881085736 58
1789881085855 55
1789881086025 55
1789881086140 56
1789881086310 58
1789881086428 58
1789881086602 58
1789881086720 57
1789881086894 56
1789881087049 57
1789881087165 378
1789881087657 57
1789881087774 58
1789881087944 56
1789881088060 55
1789881088229 56
1789881088345 57
1789881088464 59
1789881088586 58
1789881088704 58
1789881088824 57
1789881088995 57
1789881089112 57
1789881089283 59
1789881089404 58
1789881089579 382
1789881090023 59
1789881090197 58
1789881090316 58
1789881090491 60
1789881090613 58
1789881090785 57
1789881090901 56
1789881091071 56
1789881091187 56
1789881091357 56
1789881091513 58
1789881091632 56
1789881091802 58
1789881091920 393
1789881092373 58
1789881092491 57
1789881092608 56
1789881092725 56
1789881092896 58
1789881093015 59
1789881093193 59
1789881093314 59
1789881093435 56
1789881093552 58
1789881093671 57
1789881093788 57
1789881093960 57
1789881094077 58
1789881094251 57
1789881094369 394
1789881094882 58
1789881095002 58
1789881095178 58
1789881095298 58
1789881095473 57
1789881095590 58
1789881095764 58
1789881095884 58
1789881096058 59
1789881096221 60
1789881096343 59
1789881096465 59
1789881096641 57
1789881096759 396
1789881097275 60
1789881097400 61
1789881097579 60
1789881097702 59
1789881097821 58
1789881097941 58
1789881098061 57
1789881098180 61
1789881098361 59
1789881098483 61
1789881098607 269
1789881098937 58
1789881099057 58
1789881099177 59
1789881099356 60
1789881099479 398
1789881099992 59
1789881100114 58
1789881100287 58
1789881100406 56
1789881100580 58
1789881100700 57
1789881100874 57
1789881100993 58
1789881101168 57
1789881101330 59
1789881101450 56
1789881101568 57
1789881101743 58
1789881101863 401
1789881102382 58
1789881102502 57
1789881102678 59
1789881102799 58
1789881102974 59
1789881103094 58
1789881103271 58
1789881103390 59
1789881103566 58
1789881103686 58
1789881103863 58
1789881103984 59
1789881104104 59
1789881104224 59
1789881104345 403
1789881104811 57
1789881104987 58
1789881105108 59
1789881105286 58
1789881105406 59
1789881105527 59
1789881105649 59
1789881105771 59
1789881105892 58
1789881106070 58
1789881106233 59
1789881106354 58
1789881106473 58
1789881106651 58
1789881106772 405
1789881107296 59
1789881107417 57
1789881107594 58
1789881107716 59
1789881107838 59
1789881107959 59
1789881108080 58
1789881108201 58
1789881108377 58
1789881108498 58
1789881108676 60
1789881108798 59
1789881108920 60
1789881109099 59
1789881109221 59
1789881109400 410
1789881109858 58
1789881110036 60
1789881110159 59
1789881110280 59
1789881110402 59
1789881110524 59
1789881110646 59
1789881110825 60
1789881110948 60
1789881111070 59
1789881111235 59
1789881111357 58
1789881111536 59
1789881111658 59
1789881111837 60
1789881111960 413
1789881112436 59
1789881112614 59
1789881112737 58
1789881112916 60
1789881113039 61
1789881113163 60
1789881113344 60
1789881113468 62
1789881113594 60
1789881113774 60
1789881113898 61
1789881114024 61
1789881114150 61
1789881114274 60
1789881114399 62
1789881114584 418
1789881115067 62
1789881115193 61
1789881115377 62
1789881115502 61
1789881115627 63
1789881115755 63
1789881115883 61
1789881116008 62
1789881116134 61
1789881116303 62
1789881116429 62
1789881116556 62
1789881116683 61
1789881116808 60
1789881116934 61
1789881117062 62
1789881117188 62
1789881117316 420
1789881117802 61
1789881117929 62
1789881118057 63
1789881118186 63
1789881118314 61
1789881118439 63
1789881118569 62
1789881118698 62
1789881118827 62
1789881118954 63
1789881119084 62
1789881119210 60
1789881119336 62
1789881119464 62
1789881119594 63
1789881119722 61
1789881119848 62
1789881120033 62
1789881120162 424
1789881120653 62
1789881120781 63
1789881120910 63
1789881121040 63
1789881121168 61
1789881121295 63
1789881121424 64
1789881121554 62
1789881121681 62
1789881121811 62
1789881121940 62
1789881122113 63
1789881122242 62
1789881122371 62
1789881122500 62
1789881122686 62
1789881122814 61
1789881122940 429
1789881123494 63
1789881123624 63
1789881123753 64
1789881123885 62
1789881124014 63
1789881124143 62
1789881124329 61
1789881124454 63
1789881124583 63
1789881124713 63
1789881124842 62
1789881124971 62
1789881125100 63
1789881125229 64
1789881125359 63
1789881125490 64
1789881125620 64
1789881125811 64
1789881125942 435
1789881126441 61
1789881126568 62
1789881126697 63
1789881126824 63
1789881126954 62
1789881127082 62
1789881127208 61
1789881127335 63
1789881127463 63
1789881127593 64
1789881127769 66
1789881127903 62
1789881128033 65
1789881128164 64
1789881128295 64
1789881128426 62
1789881128554 62
1789881128683 64
1789881128815 63
1789881128944 64
1789881129075 432
1789881129571 63
1789881129701 62
1789881129829 63
1789881129958 62
1789881130087 64
1789881130216 64
1789881130349 62
1789881130477 62
1789881130605 62
1789881130792 65
1789881130923 62
1789881131053 63
1789881131182 62
1789881131310 63
1789881131439 61
1789881131567 64
1789881131699 63
1789881131828 63
1789881131958 62
1789881132085 438
1789881132590 64
1789881132721 63
1789881132851 64
1789881132978 62
1789881133107 64
1789881133238 61
1789881133365 62
1789881133494 62
1789881133672 64
1789881133800 63
1789881133929 63
1789881134060 62
1789881134190 63
1789881134322 64
1789881134453 63
1789881134641 62
1789881134771 64
1789881134903 64
1789881135034 64
1789881135165 449
1789881135682 64
1789881135812 62
1789881136002 63
1789881136131 64
1789881136263 64
1789881136395 64
1789881136526 65
1789881136658 65
1789881136791 64
1789881136923 63
1789881137055 63
1789881137181 62
1789881137309 61
1789881137438 63
1789881137569 64
1789881137700 64
1789881137831 63
1789881138020 62
1789881138145 453
1789881138666 64
1789881138797 65
1789881138931 66
1789881139061 65
1789881139193 65
1789881139327 65
1789881139459 63
1789881139590 65
1789881139770 65
1789881139899 64
1789881140030 63
1789881140161 65
1789881140294 64
1789881140427 65
1789881140561 64
1789881140752 65
1789881140884 63
1789881141015 64
1789881141146 63
1789881141279 446
1789881141794 64
1789881141928 66
1789881142124 64
1789881142255 63
1789881142384 63
1789881142514 65
1789881142647 65
1789881142781 65
1789881142914 64
1789881143107 66
1789881143237 65
1789881143371 66
1789881143507 64
1789881143638 65
1789881143770 63
1789881143901 67
1789881144036 64
1789881144170 65
1789881144302 456
1789881144827 65
1789881144959 64
1789881145090 64
1789881145285 67
1789881145420 65
1789881145554 65
1789881145737 64
1789881145869 63
1789881146002 65
1789881146197 65
1789881146329 64
1789881146460 65
1789881146593 65
1789881146727 65
1789881146860 65
1789881146994 65
1789881147187 64
1789881147317 463
1789881147849 65
1789881148046 65
1789881148176 65
1789881148308 64
1789881148440 65
1789881148572 67
1789881148707 65
1789881148842 66
1789881149039 64
1789881149171 67
1789881149308 66
1789881149506 66
1789881149640 65
1789881149774 66
1789881149968 68
1789881150102 65
1789881150237 66
1789881150372 64
1789881150505 466
1789881151040 66
1789881151175 68
1789881151314 67
1789881151515 67
1789881151652 66
1789881151837 65
1789881151969 64
1789881152103 65
1789881152238 67
1789881152435 64
1789881152565 65
1789881152700 66
1789881152900 66
1789881153034 64
1789881153167 67
1789881153367 66
1789881153500 467
1789881154038 67
1789881154239 67
1789881154372 67
1789881154510 66
1789881154708 66
1789881154843 65
1789881154978 64
1789881155175 65
1789881155304 64
1789881155440 68
1789881155643 66
1789881155776 67
1789881155912 66
1789881156108 65
1789881156240 66
1789881156376 67
1789881156576 472
1789881157117 67
1789881157254 66
1789881157454 67
1789881157589 67
1789881157727 67
1789881157914 68
1789881158052 65
1789881158186 64
1789881158382 67
1789881158516 67
1789881158654 68
1789881158855 65
1789881158985 65
1789881159119 66
1789881159320 66
1789881159453 66
1789881159589 482
1789881160202 67
1789881160335 66
1789881160472 66
1789881160674 66
1789881160806 67
1789881160942 66
1789881161145 67
1789881161279 66
1789881161417 66
1789881161618 66
1789881161753 67
1789881161891 68
1789881162093 66
1789881162230 66
1789881162366 68
1789881162505 67
1789881162706 68
1789881162844 481
1789881163393 67
1789881163530 66
1789881163731 66
1789881163866 68
1789881164057 68
1789881164196 67
1789881164332 65
1789881164469 66
1789881164672 68
1789881164812 68
1789881164947 67
1789881165083 66
1789881165283 68
1789881165423 68
1789881165563 69
1789881165704 65
1789881165840 67
1789881165979 69
1789881166120 484
1789881166674 69
1789881166880 68
1789881167019 66
1789881167157 66
1789881167293 69
1789881167499 68
1789881167639 67
1789881167776 66
1789881167915 70
1789881168057 69
1789881168199 68
1789881168338 68
1789881168476 66
1789881168613 67
1789881168752 69
1789881168893 69
1789881169034 66
1789881169173 67
1789881169311 69
1789881169452 485
1789881170008 68
1789881170213 68
1789881170352 67
1789881170543 68
1789881170684 69
1789881170826 69
1789881170968 69
1789881171108 68
1789881171248 68
1789881171388 66
1789881171527 69
1789881171668 69
1789881171809 67
1789881171949 68
1789881172088 67
1789881172228 69
1789881172371 69
1789881172512 69
1789881172654 67
1789881172793 67
1789881172933 496
1789881173501 69
1789881173641 70
1789881173783 71
1789881173926 69
1789881174066 68
1789881174207 68
1789881174346 70
1789881174490 69
1789881174634 70
1789881174775 69
1789881174979 67
1789881175118 70
1789881175262 69
1789881175405 69
1789881175546 67
1789881175685 68
1789881175824 69
1789881175967 70
1789881176110 70
1789881176318 500
1789881176890 68
1789881177031 68
1789881177172 67
1789881177365 71
1789881177508 69
1789881177650 68
1789881177791 69
1789881177932 68
1789881178072 70
1789881178214 68
1789881178355 68
1789881178495 67
1789881178634 69
1789881178778 69
1789881178921 69
1789881179062 68
1789881179204 68
1789881179346 70
1789881179488 69
1789881179629 68
1789881179769 502
1789881180344 69
1789881180485 68
1789881180629 70
1789881180772 72
1789881180983 68
1789881181123 69
1789881181264 70
1789881181408 70
1789881181553 69
1789881181695 68
1789881181837 68
1789881181977 71
1789881182122 71
1789881182267 69
1789881182475 68
1789881182616 68
1789881182758 71
1789881182903 71
1789881183048 70
1789881183190 71
1789881183335 509
1789881183919 69
1789881184061 69
1789881184256 70
1789881184401 71
1789881184545 69
1789881184689 69
1789881184897 69
1789881185040 70
1789881185185 71
1789881185331 70
1789881185540 69
1789881185683 70
1789881185828 70
1789881185973 70
1789881186184 70
1789881186327 69
1789881186468 72
1789881186614 70
1789881186758 509
1789881187410 71
1789881187557 70
1789881187701 70
1789881187846 68
1789881188054 71
1789881188200 69
1789881188343 70
1789881188486 70
1789881188700 72
1789881188848 72
1789881188995 71
1789881189139 71
1789881189351 72
1789881189497 71
1789881189643 70
1789881189785 70
1789881189930 72
1789881190146 72
1789881190293 509
1789881190877 71
1789881191079 72
1789881191225 70
1789881191368 70
1789881191512 71
1789881191727 72
1789881191875 71
1789881192020 70
1789881192165 72
1789881192381 73
1789881192528 71
1789881192672 72
1789881192818 72
1789881192965 72
1789881193182 72
1789881193328 71
1789881193473 72
1789881193619 71
1789881193766 523
1789881194365 74
1789881194515 72
1789881194660 72
1789881194809 73
1789881194958 74
1789881195106 70
1789881195252 71
1789881195464 70
1789881195610 72
1789881195756 73
1789881195906 70
1789881196050 70
1789881196266 72
1789881196413 71
1789881196558 71
1789881196702 69
1789881196846 69
1789881197061 72
1789881197210 72
1789881197357 523
1789881197956 72
1789881198158 72
1789881198305 70
1789881198451 73
1789881198601 72
1789881198749 70
1789881198963 70
1789881199107 72
1789881199254 71
1789881199402 71
1789881199548 69
1789881199693 74
1789881199842 72
1789881199991 73
1789881200140 71
1789881200287 71
1789881200435 73
1789881200583 73
1789881200731 71
1789881200877 74
1789881201027 75
1789881201178 525
1789881201779 72
1789881201927 71
1789881202142 73
1789881202290 72
1789881202438 73
1789881202586 72
1789881202735 73
1789881202884 73
1789881203032 72
1789881203180 72
1789881203329 72
1789881203476 72
1789881203624 70
1789881203769 72
1789881203918 71
1789881204064 72
1789881204212 71
1789881204358 71
1789881204507 72
1789881204655 73
1789881204805 71
1789881204952 529
1789881205613 72
1789881205762 73
1789881205912 73
1789881206062 72
1789881206209 73
1789881206426 72
1789881206575 74
1789881206723 72
1789881206869 72
1789881207019 73
1789881207169 74
1789881207387 71
1789881207533 73
1789881207682 74
1789881207832 71
1789881207978 72
1789881208126 71
1789881208274 73
1789881208425 71
1789881208571 72
1789881208718 535
1789881209329 72
1789881209478 72
1789881209626 71
1789881209840 74
1789881209991 72
1789881210140 72
1789881210287 72
1789881210436 73
1789881210586 72
1789881210801 72
1789881210950 73
1789881211101 73
1789881211249 73
1789881211400 74
1789881211551 73
1789881211701 72
1789881211849 73
1789881211998 71
1789881212148 73
1789881212300 72
1789881212503 546
1789881213126 72
1789881213276 74
1789881213427 74
1789881213579 74
1789881213728 71
1789881213876 73
1789881214027 73
1789881214179 74
1789881214329 73
1789881214479 75
1789881214632 74
1789881214784 74
1789881214933 74
1789881215087 75
1789881215240 74
1789881215393 74
1789881215544 74
1789881215696 75
1789881215851 76
1789881216006 76
1789881216159 73
1789881216307 547
1789881216930 75
1789881217084 75
1789881217237 75
1789881217390 73
1789881217540 78
1789881217695 74
1789881217846 74
1789881217997 73
1789881218148 75
1789881218375 74
1789881218528 74
1789881218681 73
1789881218832 74
1789881218984 74
1789881219135 73
1789881219286 74
1789881219439 75
1789881219592 75
1789881219747 75
1789881219899 73
1789881220050 73
1789881220259 75
1789881220412 553
1789881221044 74
1789881221197 74
1789881221350 75
1789881221502 76
1789881221656 75
1789881221811 77
1789881221968 77
1789881222122 73
1789881222273 76
1789881222428 75
1789881222580 73
1789881222731 76
1789881222886 77
1789881223042 75
1789881223196 74
1789881223347 74
1789881223499 75
1789881223652 77
1789881223807 76
1789881223962 77
1789881224116 75
1789881224271 75
1789881224425 558
1789881225061 74
1789881225213 76
1789881225367 74
1789881225519 74
1789881225670 74
1789881225823 77
1789881225979 76
1789881226134 76
1789881226292 75
1789881226445 75
1789881226599 74
1789881226751 75
1789881226904 74
1789881227058 74
1789881227209 74
1789881227363 76
1789881227518 76
1789881227672 75
1789881227823 76
1789881227979 74
1789881228190 75
1789881228343 73
1789881228498 561
1789881229138 77
1789881229295 75
1789881229449 75
1789881229602 76
1789881229759 77
1789881229916 74
1789881230067 74
1789881230221 76
1789881230378 76
1789881230532 74
1789881230686 75
1789881230840 77
1789881230997 74
1789881231149 74
1789881231303 76
1789881231461 77
1789881231618 74
1789881231771 75
1789881231926 76
1789881232081 76
1789881232236 81
1789881232400 76
1789881232557 571
1789881233209 76
1789881233367 77
1789881233525 77
1789881233683 77
1789881233840 77
1789881233996 78
1789881234153 74
1789881234306 75
1789881234459 74
1789881234614 77
1789881234770 76
1789881234925 75
1789881235079 76
1789881235236 76
1789881235392 75
1789881235546 75
1789881235701 75
1789881235856 74
1789881236009 75
1789881236227 78
1789881236385 76
1789881236541 586
1789881237209 77
1789881237367 78
1789881237526 74
1789881237678 77
1789881237835 77
1789881237994 78
1789881238153 77
1789881238311 76
1789881238467 75
1789881238621 75
1789881238777 76
1789881238933 75
1789881239088 75
1789881239244 75
1789881239398 75
1789881239552 75
1789881239707 77
1789881239864 76
1789881240020 77
1789881240178 75
1789881240332 76
1789881240488 76
1789881240645 570
1789881241296 77
1789881241452 75
1789881241607 75
1789881241762 76
1789881241918 75
1789881242074 77
1789881242231 75
1789881242385 77
1789881242541 77
1789881242699 77
1789881242857 77
1789881243013 77
1789881243169 76
1789881243325 75
1789881243480 76
1789881243636 76
1789881243793 76
1789881243950 77
1789881244107 77
1789881244326 78
1789881244484 76
1789881244641 76
1789881244797 577
1789881245454 77
1789881245611 76
1789881245767 76
1789881245923 76
1789881246078 77
1789881246236 79
1789881246396 77
1789881246553 75
1789881246708 75
1789881246863 76
1789881247019 77
1789881247177 78
1789881247336 77
1789881247493 76
1789881247650 76
1789881247806 76
1789881247962 76
1789881248119 77
1789881248274 76
1789881248433 76
1789881248592 78
1789881248750 76
1789881248905 589
1789881249574 76
1789881249733 78
1789881249893 80
1789881250054 78
1789881250213 78
1789881250372 78
1789881250530 81
1789881250694 76
1789881250851 78
1789881251013 77
1789881251172 79
1789881251333 79
1789881251493 79
1789881251655 77
1789881251812 79
1789881251975 80
1789881252136 78
1789881252296 78
1789881252519 83
1789881252686 78
1789881252845 78
1789881253005 592
1789881253679 77
1789881253837 78
1789881253996 81
1789881254160 81
1789881254322 78
1789881254481 80
1789881254643 79
1789881254804 79
1789881254964 78
1789881255124 80
1789881255287 78
1789881255447 77
1789881255606 79
1789881255771 81
1789881255934 79
1789881256096 79
1789881256257 79
1789881256419 78
1789881256578 82
1789881256743 79
1789881256904 78
1789881257064 598
1789881257743 82
1789881257908 80
1789881258072 79
1789881258234 81
1789881258398 77
1789881258557 77
1789881258716 79
1789881258878 79
1789881259039 79
1789881259199 79
1789881259360 77
1789881259520 77
1789881259679 80
1789881259841 77
1789881260000 77
1789881260159 79
1789881260320 78
1789881260543 79
1789881260707 78
1789881260865 79
1789881261026 78
1789881261188 78
1789881261349 599
1789881262030 80
1789881262179 81
1789881262329 80
1789881262492 82
1789881262736 83
1789881262904 82
1789881263228 82
1789881263459 620
1789881264306 657
1789881265315 159
1789881265607 655
1789881266445 125
1789881266884 653
1789881267729 115
1789881268054 691
1789881269198 655
1789881270062 91
1789881270374 697
1789881271439 140
1789881271803 718
1789881272743 700
1789881273764 128
1789881273999 91
1789881274339 720
1789881275285 95
1789881275827 746
1789881276802 115
1789881277174 731
1789881278309 130
1789881278672 752
1789881279645 111
1789881280052 742
1789881281001 147
1789881281282 136
1789881281655 777
1789881282878 747
1789881283840 112
1789881284185 795
1789881285377 129
1789881285716 777
1789881286620 116
1789881286957 109
1789881287235 805
1789881288528 787
1789881289605 103
1789881290001 802
1789881290988 108
1789881291492 105
1789881291973 140
1789881292212 138
1789881292448 843
1789881293391 138
1789881293753 142
1789881293941 139
1789881294178 834
1789881295115 142
1789881295354 138
1789881295593 145
1789881295840 849
1789881296912 142
1789881297156 140
1789881297397 861
1789881298358 142
1789881298604 138
1789881298843 142
1789881299089 863
1789881300178 148
1789881300428 142
1789881300618 142
1789881300807 869
1789881301778 144
1789881302024 141
1789881302212 142
1789881302457 144
1789881302835 884
1789881303822 142
1789881304067 146
1789881304317 140
1789881304560 889
1789881305555 145
1789881305803 142
1789881306182 892
1789881307125 143
1789881307371 144
1789881307565 148
1789881307818 146
1789881308069 912
1789881309089 143
1789881309282 148
1789881309617 148
1789881309833 912
1789881310812 147
1789881311026 145
1789881311278 151
1789881311481 145
1789881311734 928
1789881312769 144
1789881313096 150
1789881313357 150
1789881313560 929
1789881314595 147
1789881314795 149
1789881314998 149
1789881315255 146
1789881315470 934
1789881316512 147
1789881316899 148
1789881317117 146
1789881317371 958
1789881318384 148
1789881318586 147
1789881318845 151
1789881319050 150
1789881319271 951
1789881320470 153
1789881320678 149
1789881320939 153
1789881321207 956
1789881322274 155
1789881322544 156
1789881322815 150
1789881323076 151
1789881323423 964
1789881324503 152
1789881324769 151
1789881324992 155
1789881325260 154
1789881325525 986
1789881326624 152
1789881326939 161
1789881327878 160
1789881329106 126
1789881331159 159
1789881333604 173
1789881343572 953
1789881452697 974
1789881453803 121
1789881454012 127
1789881454433 157
1789881455549 153
1789881455864 162
1789881456183 129
1789881461134 135
1789881476541 962
1789881478362 121
1789881478622 118
1789881482902 118
1789881507859 957
1789881508918 119
1789881509314 123
1789881509658 121
1789881509970 122
1789881510909 122
1789881515009 118
1789881521546 119
1789881533567 966
1789881537196 118
1789881537475 172
1789881537801 118
1789881538129 125
1789881538492 132
1789881538803 169
1789881539325 129
1789881541888 120
1789881565024 970
1789881566192 117
1789881566479 123
1789881566800 154
1789881567134 128
1789881567446 128
1789881568784 156
1789881583465 970
1789881596497 175
1789881596929 160
1789881597684 1046
1789881598938 173
1789881599406 124
1789881599671 1055
1789881601288 125
1789881601600 1057
1789881602872 161
1789881603200 144
1789881603529 166
1789881604264 1066
1789881605450 167
1789881605890 168
1789881606205 167
1789881606611 1097
1789881608172 176
1789881608529 168
1789881608835 132
1789881609701 186
1789881612198 188
1789881613088 186
1789881616463 1129
1789881623260 168
1789881627346 167
1789881627742 191
1789881628147 171
1789881628542 1098
1789881630166 173
1789881630592 186
1789881630946 171
1789881631333 171
1789881631742 133
1789881632061 176
1789881632473 187
1789881632842 171
1789881633240 1147
1789881634614 177
1789881634973 170
1789881635415 191
1789881635825 180
1789881636163 198
1789881636544 176
1789881637143 1177
1789881638504 178
1789881638955 192
1789881639322 198
1789881639757 187
1789881640171 208
1789881640615 196
1789881641062 1176
1789881642455 198
1789881642951 194
1789881643338 181
1789881643996 214
1789881644437 1221
1789881645798 182
1789881646271 142
1789881646611 186
1789881646959 179
1789881647332 181
1789881647767 188
1789881648090 211
1789881648577 1206
1789881649926 194
1789881650294 200
1789881650742 194
1789881651429 197
1789881651856 183
1789881663404 153
1789881691861 1240
1789881693350 183
1789881693765 185
1789881694156 188
1789881694579 184
1789881694927 196
1789881695343 188
1789881695747 201
1789881696137 188
1789881696482 182
1789881696915 183
1789881697316 209
1789881697742 185
1789881698072 197
1789881698444 1235
1789881699965 187
1789881700380 187
1789881701088 195
1789881701504 188
1789881701868 190
1789881702222 200
1789881702597 185
1789881703004 175
1789881998638 1175
1789881999922 163
1789882000196 187
1789882000512 194
1789882000848 163
1789882001183 191
1789882001528 175
1789882001887 162
1789882002206 199
1789882002573 205
1789882003022 165
1789882003398 152
1789882228032 1108
1789882229513 182
1789882230028 206
1789882230501 155
1789882230985 195
1789882231418 155
1789882231738 155
1789882232075 196
1789882232572 156
1789882233031 198
1789882233895 1174
1789882235312 158
1789882235707 158
1789882236077 158
1789882236834 174
1789882252279 159
1789882252663 158
1789882253149 173
1789882253624 199
1789882254584 1189
1789882258127 193
1789882258662 197
1789882259313 173
1789882261396 174
1789882262054 186
1789882264745 186
1789882265326 173
1789882269734 198
1789882271785 172
1789882276038 1286
1789882531221 1181
1789882532512 157
1789882533189 173
1789882533793 160
1789882534177 162
1789882534859 172
1789882535699 157
1789882536109 156
1789882536428 178
1789882536868 158
1789882537347 219
1789882537809 199
1789882538628 155
1789882539025 159
1789882539455 181
1789882539875 159
1789882608151 1216
1789882609540 158
1789882609811 158
1789882611156 181
1789882611494 203
1789882611898 212
1789882612330 217
1789882612762 211
1789882615566 160
1789882856771 1243
1789882858273 199
1789882859167 203
1789882873122 206
1789882875108 202
1789882875984 199
1789883133258 1201
1789883134871 176
1789883135219 189
1789883135805 201
1789883136244 180
1789883136674 177
1789883137040 173
1789883137869 171
1789883138517 202
1789883139015 175
1789883139446 160
1789883139906 201
1789883140363 213
1789883140934 238
1789883141374 226
1789883141857 216
1789883210441 1259
1789883211870 213
1789883213359 179
1789883213959 177
1789883214355 203
1789883216097 169
1789883216965 188
1789883217493 205
1789883218417 175
1789883218697 200
1789883219576 202
1789883219937 204
1789883220997 201
1789883221359 201
1789883222354 174
1789883222630 201
1789883222976 202
1789883223542 202
1789883224976 202
1789884313595 1251
1789884315292 160
1789884315916 176
1789884316413 163
1789884316830 214
1789884317236 228
1789884317999 216
1789884318786 230
1789884319740 187
1789884320433 187
1789884321282 176
1789884389901 1220
1789884391288 162
1789884392850 192
1789884393276 183
1789884393633 180
1789884395102 244
1789884397710 175
1789884398046 174
1789884908169 1273
1789884909763 163
1789884910180 204
1789884979329 1278
1789884980727 175
1789884982552 217
1789884983072 208
1789884983512 163
1789884985265 216
1789884986747 217
1789884987051 217
1789884988131 216
1789884988498 210
1789885187380 1150
1789885188879 183
1789885189531 180
1789885190147 206
1789885190770 164
1789885191208 168
1789885191600 177
1789885191937 206
1789885192343 1245
1789885193837 165
1789885194150 221
1789885194501 180
1789885194790 177
1789885195095 162
1789885195560 168
1789885196679 169
1789885197825 184
1789885210914 208
1789885211385 233
1789885211986 184
1789885212386 188
1789885212883 1231
1789885214466 217
1789885246302 1278
1789885274975 1255
1789885572374 1299
1789885574826 172
1789885575400 171
1789885575914 186
1789885576296 222
1789885576870 217
1789885577387 184
1789885577894 171
1789885578252 169
1789885579133 164
1789885579407 168
1789885579646 168
1789885580163 168
1789885581507 172
1789885582035 172
1789885583719 168
1789885778141 1222
1789885779900 171
1789885780565 235
1789885781353 170
1789885781740 169
1789885782085 220
1789885782495 183
1789885782852 183
1789885784634 198
1789885785682 196
1789885798363 172
1789885798851 1231
1789885800404 198
1789885800872 185
1789885801574 234
1789885802123 223
1789885802628 217
1789885803312 212
1789886080886 1268
1789886082661 218
1789886083156 209
1789886083700 219
1789886084219 220
1789886084889 206
1789886085667 183
1789886086390 210
1789886086855 211
1789886088113 170
1789886155400 1306
1789886156796 186
1789886158596 213
1789886159097 168
1789886159459 225
1789886161242 175
1789886161789 188
1789886162494 185
1789886163341 214
1789886163685 170
1789886166864 183
1789886167171 169
1789886167645 181
1789886391561 1318
1789886393169 209
1789886393660 197
1789886394422 170
1789886435404 1269
1789886673821 1258
1789886676208 200
1789886676915 238
1789886677374 193
1789886678015 175
1789886678725 173
1789886679205 205
1789886680483 172
1789886748385 1254
1789886749814 222
1789886753324 226
1789886753813 221
1789886754634 219
1789886755089 169
1789886755963 221
1789886756616 168
1789886757148 168
1789886757601 169
1789886758583 171
1789886759065 167
1789886760103 169
1789886760579 170
1789886761815 167
1789887336836 1277
1789887552450 1268
1789887554761 227
1789887555242 192
1789887555750 195
1789887556259 171
1789887556746 173
1789887572406 181
1789887836855 1557
1789887911591 1252
1789887913057 221
1789887913974 173
1789887914292 170
1789887916135 173
1789887917819 168
1789887918139 170
1789887918667 209
1789888133733 1248
1789888135229 185
1789888135674 184
1789888136116 174
1789888136804 185
1789888140591 211
1789888151145 197
1789888412910 1282
1789888414780 185
1789888415731 191
1789888416555 247
1789888417388 222
1789888418019 222
1789888418579 224
1789888419148 213
1789888421467 185
1789888488872 1251
1789888490252 181
1789892785447 1282
1789892787084 190
1789892883603 1266
1789892885213 187
1789892887333 213
1789892887832 222
1789892888544 205
1789892889051 204
1789892889596 224
1789893067233 1270
1789893239344 1332
1789893254357 176
1789893254758 214
1789893255280 216
1789893255707 177
1789893256127 177
1789893256531 213
1789893256982 203
1789893257458 204
1789893258120 212
1789893258600 175
1789893258944 176
1789893259280 177
1789893259630 216
1789904596705 1335
1789904598132 261
1789904599700 342
1789904609056 257
1789904609882 234
1789904610502 225
1789904610986 261
1789904612020 268
1789904612619 261
1789904613647 361
1789904614235 250
1789904616928 226
1789904618188 239
1789904631420 1368
1789904633252 224
1789904641127 223
1789904641655 222
1789904642341 276
1789904642914 344
1789904643625 238
1789904644504 225
1789904647316 261
1789904647936 225
1789904648572 1341
1789904650180 260
1789904651040 349
1789904651720 349
1789904652642 226
1789904653313 241
1789904654054 349
1789904655268 1355
1789904656945 351
1789904657738 226
1789904658379 263
1789904659123 254
1789904659781 261
1789904660350 361
1789904661068 1524
1789904662898 234
1789904680081 249
1789904680648 228
1789905610532 1382
1789905613930 246
1789905614553 264
1789905719318 1404
1789905721077 354
1789905722007 232
1789905722662 231
1789905723237 230
1789905723909 298
1789905744108 1526
1789905746050 265
1789905746681 242
1789905751426 230
1789905752344 267
1789905752992 246
1789905959026 1417
1789905960868 232
1789905961512 247
1789906273276 1483
1789906275150 231
1789906275785 230
1789906276418 245
1789906277088 230
1789906277663 380
1789906278532 269
1789906373243 1412
1789906442341 1538
1789906535754 1416
1789906537469 380
1789906538304 235
1789906538916 247
1789906539484 246
1789906555349 358
1789906556123 232
1789906661462 1491
1789906663244 250
1789906663831 358
1789906665953 289
1789906667917 370
1789906668648 372
1789906772018 1438
1789906773819 233
1789906774322 275
1789906774987 249
1789906775583 273
1789906776634 254
1789906777284 267
1789906778151 237
1789906983415 1577
1789907162069 1475
1789907164019 356
1789907164698 247
1789907309035 1467
1789907310793 263
1789907311528 273
1789907312022 250
1789907312540 264
1789907440686 1480
1789907442637 237
1789907443053 372
1789907443853 237
1789907509641 1524
1789907511607 250
1789907512343 248
1789907512912 239
1789907513542 273
1789907514120 238
1789907515078 239
1789907515635 286
1789907516259 252
1789907558490 1526
1789907648589 1622
1789907650613 364
1789907651773 249
1789907652460 249
1789907760358 1492
1789907770630 236
1789907771337 236
1789907771990 238
1789907772500 377
1789907778777 375
1789907779540 257
1789907780065 275
1789907780772 288
1789907781259 273
1789907981391 1522
1789907983353 256
1789907983866 253
1789907984528 252
1789908105108 1548
1789908107053 363
1789908107792 252
1789908108438 240
1789908113393 252
1789908114001 360
1789908218911 1581
1789908220782 282
1789908222471 362
1789908342741 1669
1789908344740 364
1789908438863 1553
1789908440884 275
1789908441616 245
1789908442715 258
1789908443441 361
1789908444171 256
1789908444890 254
1789908445491 244
1789908447869 256
1789908964379 1569
1789908966115 242
1789909028213 1600
1789909030165 244
1789909030567 244
1789909031420 243
1789909031881 243
1789909140636 1688
1789909142634 369
1789909143364 366
1789909143985 369
1789909144681 244
1789909145589 243
1789909252848 1559
1789909254593 246
1789909255350 242
1789909256086 369
1789909256784 280
1789909522129 1594
1789909523992 278
1789909524371 259
1789909525121 242
1789909525621 244
1789909526010 245
1789909527463 245
1789909527974 245
1789909528744 280
1789909529252 247
1789909529650 245
1789909530118 246
1789913185418 1623
1789913187393 285
1789913324233 1625
1789913326193 379
1789913440668 1598
1789913442741 401
1789913443508 385
1789913444228 283
1789913444981 300
1789913445654 249
1789913446218 266
1789913570849 1624
1789913572835 386
1789913573643 296
1789913688503 1592
1789913690526 298
1789913691182 290
1789913832067 1636
1789913898596 1643
1789913959551 1774
1789913961693 264
1789913962833 289
1789913963482 252
1789913964106 265
1789913964566 267
1789913965138 322
1789913965872 251
1789913966484 287
1789914219701 1646
1789914224459 267
1789914226541 264
1789914239199 379
1789914239943 264
1789914240919 264
1789914241649 388
1789914242447 250
1789914252777 1787
1789914254917 388
1789914348023 1643
1789914350160 265
1789914350849 303
1789914351520 399
1789914352209 252
1789914352887 255
1789914353503 254
1789914354512 282
1789914355154 256
1789914355692 256
1789914477086 1721
1789914479234 254
1789914480128 266
1789914480881 393
1789914481916 271
1789914482656 265
1789914483427 304
1789914483998 268
1789914484604 390
1789914485381 271
1789914485912 282
1789914486624 302
1789914487283 390
1789914488150 1698
1789914490241 388
1789914988033 1690
1789914989988 272
1789914990458 269
1789914991081 393
1789914991804 295
1789914992276 295
1789914992826 272
1789914993353 389
1789914993985 389
1789914994700 388
1789914995501 272
1789914996044 294
1789915410035 1718
1789915434616 297
1789915439336 1725
1789915441190 298
1789915539843 1716
1789915541731 389
1789915542282 393
1789915542949 393
1789915543520 259
1789915544129 395
1789915544875 275
1789915545426 272
1789915546048 391
1789915546695 395
1789915547433 297
1789915647567 1711
1789915649539 397
1789915650121 273
1789915650692 261
1789915651206 296
1789915651828 273
1789915782287 1693
1789915784353 263
1789915908617 1734
1789915911834 263
1789915912255 260
1789915912723 261
1789916039933 1732
1789916042053 262
1789916042629 262
1789916105466 1875
1789916107504 393
1789916165228 1729
1789916167049 261
1789916167844 261
1789954010462 1832
1789954012755 290
1789954013277 291
1789954014585 304
1789954237125 1912
1789954239281 426
1789954240600 277
1789954241235 283
1789954241906 276
1789954242555 311
1789954243252 279
1789954243880 275
1789954244373 277
1789954244857 313
1789954364043 1772
1789954366063 309
1789954366728 274
1789954367174 274
1789954367766 272
1789954368252 288
1789954368882 292
1789954708472 1933
