1789880838135 23896 46
1789880838233 73184 17
1789880838302 120608 17
1789880838374 169252 18
1789880838449 208724 18
1789880838524 228988 18
1789880838598 269676 64
1789880838725 291276 37
1789880838823 316780 39
1789880838922 342792 39
1789880839023 369968 38
1789880839123 399184 41
1789880839222 424464 42
1789880839325 454188 42
1789880839427 479892 42
1789880839530 501268 42
1789880839633 530800 42
1789880839737 551352 43
1789880839841 579696 43
1789880839946 607480 44
1789880840054 631552 45
1789880840159 651860 45
1789880840264 679692 44
1789880840370 704608 46
1789880840477 729840 45
1789880840584 751688 45
1789880840692 779696 46
1789880840802 806820 47
1789880840910 830356 46
1789880841020 859820 46
1789880841131 884888 47
1789880841239 906872 47
1789880841348 933420 47
1789880841457 985484 48
1789880841567 1032860 49
1789880841678 1089824 49
1789880841791 1147416 50
1789880841904 1198840 49
1789880842015 1255092 50
1789880842130 1308652 50
1789880842244 1365208 52
1789880842360 1424432 51
1789880842475 1474880 53
1789880842593 1535668 59
1789880842716 1586120 54
1789880842835 1646472 50
1789880842949 1705028 53
1789880843065 1756480 55
1789880843185 1821740 56
1789880843305 1875176 55
1789880843424 1932884 56
1789880843543 1984248 56
1789880843666 2048080 57
1789880843790 2101560 57
1789880843914 2160840 56
1789880844037 2216392 58
1789880844161 2279668 59
1789880844286 2332196 58
1789880844412 2395964 59
1789880844537 2452680 60
1789880844664 2510264 58
1789880844790 2571948 60
1789880844918 2629516 62
1789880845047 2686660 63
1789880845178 2749932 63
1789880845307 2805388 62
1789880845437 2865100 65
1789880845568 2924684 64
1789880845702 2982348 62
1789880845822 3027508 61
1789880845951 3088112 61
1789880846081 3150308 66
1789880846215 3211448 64
1789880846337 3258772 62
1789880846466 3318924 65
1789880846590 3366700 66
1789880846725 3430332 66
1789880846850 3475668 64
1789880846981 3539424 66
1789880847106 3586708 67
1789880847240 3648900 69
1789880847369 3697376 68
1789880847506 3771124 69
1789880847699 3845084 72
1789880847910 3900936 69
1789880848240 3974696 67
1789880848535 4048448 68
1789880848848 4122200 70
1789880849180 4195964 71
1789880849451 4269708 72
1789880849737 4343456 73
1789880850070 4417204 74
1789880850379 4490948 73
1789880850677 4564696 72
1789880851010 4638456 73
1789880851262 4685212 76
1789880851482 4749072 75
1789880851763 4822812 75
1789880852056 4896548 75
1789880852368 4970292 79
1789880852651 5037568 78
1789880852982 5117772 77
1789880853328 5193352 76
1789880853675 5267116 78
1789880853979 5340868 77
1789880854262 5414608 80
1789880854550 5488352 78
1789880854853 5562100 78
1789880855136 5635844 80
1789880855440 5709584 79
1789880855727 5783340 82
1789880856030 5857088 79
1789880856317 5930840 79
1789880856616 6004596 83
1789880856914 6078348 81
1789880857252 6152092 80
1789880857548 6225840 82
1789880857884 6299588 82
1789880858177 6373328 83
1789880858485 6447064 83
1789880858813 6521340 83
1789880859125 6595104 87
1789880859492 6668880 85
1789880859775 6736340 85
1789880860140 6816368 88
1789880860452 6890108 88
1789880860758 6963848 89
1789880861049 7037600 88
1789880861389 7111344 87
1789880861703 7185088 90
1789880862007 7258832 88
1789880862333 7332572 91
1789880862642 7406320 93
1789880863043 7481584 91
1789880863393 7590664 90
1789880863822 7701288 91
1789880864267 7811924 90
1789880864691 7922552 102
1789880865147 8033196 93
1789880865581 8143824 91
1789880866037 8254436 96
1789880866430 8365052 97
1789880866865 8475660 93
1789880867282 8586264 97
1789880867688 8694932 99
1789880868201 8807532 97
1789880868694 8918152 98
1789880869109 9028768 98
1789880869578 9138272 101
1789880870052 9250784 99
1789880870465 9361404 100
1789880870944 9472024 106
1789880871402 9582656 102
1789880871874 9693272 99
1789880872328 9803900 103
1789880872810 9914524 103
1789880873263 10025132 106
1789880873680 10135740 106
1789880874111 10246344 104
1789880874627 10356964 102
1789880875153 10467608 105
1789880875567 10578220 108
1789880876040 10688852 108
1789880876459 10798468 108
1789880876990 10910112 110
1789880877414 11020724 108
1789880877850 11131364 109
1789880878396 11278848 110
1789880878928 11426332 113
1789880879499 11573816 113
1789880880058 11721312 113
1789880880671 11868832 115
1789880881231 12016312 116
1789880881781 12163800 114
1789880882380 12311272 118
1789880882937 12458764 118
1789880883571 12606272 119
1789880884227 12753780 117
1789880884929 12901296 118
1789880885587 13049852 120
1789880886231 13197364 126
1789880886861 13344860 122
1789880887465 13492356 124
1789880888059 13639840 124
1789880888708 13787320 125
1789880889302 13934812 125
1789880889920 14082304 125
1789880890565 14229820 128
1789880891185 14377308 130
1789880891831 14524828 129
1789880892424 14672308 130
1789880893069 14819784 132
1789880893759 15004128 134
1789880894509 15188492 133
1789880895181 15372852 136
1789880895931 15557236 137
1789880896623 15741604 136
1789880897423 15925964 137
1789880898237 16086608 138
1789880898936 16257784 140
1789880899828 16442152 138
1789880900558 16626500 142
1789880901402 16810872 142
1789880902215 16995252 142
1789880902973 17179612 141
1789880903674 17363748 145
1789880904551 17548352 145
1789880905263 17732724 145
1789880906106 17917072 148
1789880906979 18102728 149
1789880907764 18287092 154
1789880908532 18471432 151
1789880909436 18692664 154
1789880910274 18896664 156
1789880911072 19098288 157
1789880911913 19300284 160
1789880912755 19503892 156
1789880913604 19725112 160
1789880914508 19946344 160
1789880915353 20167588 164
1789880916219 20388848 163
1789880917064 20610072 163
1789880917975 20831320 164
1789880918832 21052548 169
1789880919728 21273768 166
1789880920584 21495000 171
1789880921477 21713620 172
1789880922398 21940784 172
1789880925916 21948756 179
1789880964079 21948916 177
1789880971591 21974960 175
1789880973536 22216308 178
1789880974656 22455976 180
1789880975680 22714068 183
1789880976718 22972156 178
1789880977747 23230240 182
1789880978834 23488332 182
1789880979865 23746424 184
1789880980905 24004508 188
1789880981965 24262596 189
1789880983014 24520680 186
1789880984078 24780312 190
1789880985135 25038396 191
1789880986214 25296484 195
1789880987285 25554572 192
1789880988367 25812656 196
1789880989711 26107616 197
1789880990932 26402568 197
1789880992143 26697524 201
1789880993375 26992480 201
1789880994605 27287424 204
1789880995857 27582372 207
1789880997089 27877324 208
1789880998361 28172276 206
1789880999609 28467228 208
1789881000947 28762196 212
1789881002227 29057152 213
1789881003513 29352100 211
1789881004792 29647060 217
1789881006230 29978880 221
1789881007665 30310704 220
1789881009117 30642524 222
1789881010565 30974340 224
1789881012101 31306168 228
1789881013570 31637988 227
1789881015037 31969804 229
1789881016529 32301636 233
1789881018089 32635256 236
1789881019569 32967080 233
1789881021073 33298908 241
1789881022744 33667592 239
1789881024422 34036292 244
1789881026047 34404988 250
1789881027647 34773692 245
1789881029296 35142392 248
1789881031114 35511080 252
1789881032699 35879772 247
1789881034358 36248460 255
1789881036011 36617148 254
1789881037652 36985848 257
1789881039373 37391412 260
1789881041154 37796980 270
1789881042953 38202544 270
1789881044749 38608108 268
1789881046521 39013668 269
1789881048347 39419228 276
1789881050134 39824796 274
1789881052031 40230360 283
1789881053838 40635932 281
1789881055792 41078356 288
1789881057786 41520780 290
1789881059782 41963220 287
1789881061736 42405644 290
1789881063854 42848088 297
1789881065831 43290520 299
1789881067867 43732952 301
1789881069945 44175388 297
1789881071950 44617820 306
1789881074094 45097112 305
1789881076248 45576420 310
1789881078417 46055720 312
1789881080545 46535020 315
1789881082795 47014324 316
1789881084951 47493628 321
1789881087165 47972924 319
1789881089579 48489088 323
1789881091920 49005264 332
1789881094369 49521440 329
1789881096759 50037604 334
1789881099479 50553772 336
1789881101863 51069944 339
1789881104345 51586100 341
1789881106772 52102284 344
1789881109400 52655316 346
1789881111960 53210408 350
1789881114584 53763444 354
1789881117316 54316496 357
1789881120162 54869536 359
1789881122940 55422572 364
1789881125942 56012476 370
1789881129075 56602400 366
1789881132085 57192308 374
1789881135165 57782204 382
1789881138145 58372112 387
1789881141279 58962028 380
1789881144302 59551940 389
1789881147317 60178716 396
1789881150505 60805492 397
1789881153500 61432276 398
1789881156576 62059060 403
1789881159589 62685832 411
1789881162844 63349484 411
1789881166120 64013132 414
1789881169452 64676784 415
1789881172933 65340432 425
1789881176318 66006396 428
1789881179769 66670040 430
1789881183335 67370548 436
1789881186758 68071064 435
1789881190293 68771580 436
1789881193766 69472096 449
1789881197357 70172596 448
1789881201178 70909972 452
1789881204952 71647360 455
1789881208718 72384728 459
1789881212503 73122104 472
1789881216307 73859476 469
1789881220412 74633716 477
1789881224425 75407972 481
1789881228498 76182212 483
1789881232557 76956456 491
1789881236541 77733256 506
1789881240645 78544364 493
1789881244797 79355476 497
1789881248905 80166596 508
1789881253005 80977712 511
1789881257064 81788820 516
1789881261349 82636792 517
1789881263459 83820980 534
1789881264306 85490776 544
1789881265607 87015800 553
1789881266884 88290328 561
1789881268054 89394880 566
1789881269198 90368872 565
1789881270374 91531284 577
1789881271803 92875484 591
1789881272743 93912244 586
1789881274339 95718368 593
1789881275827 97441552 612
1789881277174 98692584 617
1789881278672 100299924 629
1789881280052 101616496 627
1789881281655 103286160 644
1789881282878 104419416 647
1789881284185 105594584 657
1789881285716 106876572 663
1789881287235 107952256 666
1789881288528 109839164 678
1789881290001 111221144 682
1789881292448 112564260 699
1789881294178 113961200 694
1789881295840 115215964 708
1789881297397 116398596 718
1789881299089 117617092 719
1789881300807 118978956 722
1789881302835 120628956 736
1789881304560 121918376 744
1789881306182 123138124 744
1789881308069 124606692 761
1789881309833 126040440 760
1789881311734 127546176 775
1789881313560 128944636 781
1789881315470 130377568 782
1789881317371 131998004 803
1789881319271 133462652 798
1789881321207 135037292 807
1789881323423 136938372 811
1789881325525 138518248 827
1789881343572 139617920 832
1789881452697 139689316 848
1789881476541 140078436 837
1789881507859 140170596 834
1789881533567 140520832 847
1789881565024 140907908 837
1789881583465 141154508 847
1789881597684 143365572 865
1789881599671 144916976 878
1789881601600 146575884 888
1789881604264 149233220 914
1789881606611 151199344 927
1789881616463 152712816 944
1789881628542 154321588 958
1789881633240 155950808 969
1789881637143 157890308 984
1789881641062 159732340 995
1789881644437 161484276 1021
1789881648577 163364736 1021
1789881691861 165074932 1037
1789881698444 166894716 1041
1789881998638 168231664 1021
1789882228032 169507244 952
1789882233895 171212324 1000
1789882254584 171788416 1014
1789882276038 171790516 1056
1789882531221 171862944 1020
1789882608151 173089116 1052
1789882856771 173305692 1031
1789883133258 173433744 1024
1789883210441 174269384 1054
1789884313595 174571504 1047
1789884389901 174973456 1055
1789884908169 175152680 1058
1789884979329 175184424 1056
1789885187380 175442504 986
1789885192343 177273540 1024
1789885212883 178201340 1055
1789885246302 178230020 1093
1789885274975 178232068 1082
1789885572374 178243332 1077
1789885778141 178343176 1021
1789885798851 179012916 1060
1789886080886 179152204 1082
1789886155400 179245392 1079
1789886391561 179326288 1095
1789886435404 179401048 1085
1789886673821 179415904 1083
1789886748385 179495776 1084
1789887336836 179571552 1064
1789887552450 179600228 1058
1789887836855 179783540 1085
1789887911591 179791724 1080
1789888133733 179849584 1074
1789888412910 179914100 1082
1789888488872 180041088 1079
1789892785447 180069740 1089
1789892883603 180325776 1089
1789893067233 181561884 1092
1789893239344 181609028 1100
1789904596705 183420728 1102
1789904631420 185354288 1107
1789904648572 187346672 1116
1789904655268 189373304 1125
1789904661068 191368744 1128
1789905610532 191956656 1150
1789905719318 192249568 1170
1789905744108 192954148 1165
1789905959026 193713532 1153
1789906273276 194170280 1207
1789906373243 195208228 1175
1789906442341 195488324 1179
1789906535754 195568732 1178
1789906661462 196373672 1216
1789906772018 196995804 1187
1789906983415 198212468 1198
1789907162069 198290344 1203
1789907309035 198628772 1226
1789907440686 199311340 1241
1789907509641 199719464 1245
1789907558490 200602224 1273
1789907648589 200817856 1256
1789907760358 201129216 1247
1789907981391 202567520 1278
1789908105108 203293620 1266
1789908218911 204072424 1295
1789908342741 204558376 1290
1789908438863 204832336 1292
1789908964379 206726448 1306
1789909028213 207040856 1305
1789909140636 207708604 1304
1789909252848 208683532 1309
1789909522129 209085476 1312
1789913185418 210705376 1352
1789913324233 210791416 1367
1789913440668 211046944 1343
1789913570849 212575912 1360
1789913688503 213150432 1342
1789913832067 213532936 1379
1789913898596 213557532 1363
1789913959551 213624600 1388
1789914219701 215097276 1392
1789914252777 216250892 1393
1789914348023 216440384 1389
1789914477086 218230504 1418
1789914488150 220540376 1404
1789914988033 220966392 1430
1789915410035 222519972 1456
1789915439336 222594220 1457
1789915539843 222710444 1415
1789915647567 224098132 1445
1789915782287 224679316 1422
1789915908617 224760220 1433
1789916039933 225250232 1463
1789916105466 225673728 1467
1789916165228 225749488 1458
1789954010462 226132028 1497
1789954237125 226796652 1488
1789954364043 228333352 1484
1789954708472 229199716 1514
