1786576865542 29956 20
1786576865615 39384 12
1786576865677 58696 13
1786576865741 115244 14
1786576866034 126868 15
1786576866326 159164 14
1786576876060 159928 18
1786576876498 161504 17
1786576876854 161620 16
1786576876963 163280 17
1786576877337 163868 16
1786576877676 164800 15
1786576877818 166464 15
1786576878154 166528 19
1786576878568 167980 15
1786576878791 169660 16
1786576879126 171084 18
1786576879522 172804 17
1786576879895 172868 16
1786576880247 174324 17
1786576880604 176020 16
1786576881039 177484 19
1786576881436 179184 18
1786576881905 180668 18
1786576882286 182368 16
1786576882622 183836 18
1786576882997 185508 18
1786576883399 186896 19
1786576883815 187036 18
1786576884212 188756 17
1786576884598 190212 19
1786576884984 191920 19
1786576885541 193376 20
1786576885961 195044 23
1786576886484 195104 21
1786576886936 196540 19
1786576887328 198208 20
1786576887739 198264 19
1786576888244 199708 19
1786576888629 201336 21
1786576889065 201428 19
1786576889583 202888 20
1786576889994 203528 20
1786576890436 204612 20
1786576891086 206080 22
1786576891602 207764 21
1786576892065 207820 21
1786576892525 209272 20
1786576892956 210948 21
1786576893391 211004 20
1786576893833 212440 22
1786576894341 214120 22
1786576894842 215032 20
1786576895306 215616 21
1786576895752 217296 22
1786576896200 217348 21
1786576896684 218804 20
1786576897166 220480 21
1786576897646 221848 20
1786576898097 221984 22
1786576898564 223656 20
1786576899019 224728 22
1786576899527 225168 23
1786576899707 227596 22
1786576899785 235772 23
1786576950850 240044 46
1786576950948 315772 35
1786576951051 357488 26
1786576951158 434356 28
1786576951546 441228 48
1786576951656 446136 31
1786576951765 458780 29
1786576951883 501452 30
1786576952032 512232 39
1786576952256 523568 31
1786576952712 529652 32
1786576952938 536028 32
1786576953424 547640 32
1786576953561 592448 33
1786576954303 614560 32
1786576954430 632980 37
1786576954550 709676 42
1786576954693 746128 43
1786576955328 760028 42
1786576969059 770556 39
1786576969244 803672 33
1786576971032 809776 34
1786576971514 828144 36
1786576971678 850572 41
1786576971810 879088 31
1786576971948 967240 40
1786576972101 1032848 52
1786576972394 1043468 54
1786576972990 1060116 49
1786576973333 1071072 43
1786576978414 1090444 43
1786576979107 1104900 41
1786576979321 1147052 41
1786576979549 1323476 50
1786576980170 1349548 61
1786576985776 1366316 44
1786576986505 1479420 44
1786576986694 1516852 62
1786577022169 1518816 48
1786577023178 1525120 44
1786577024095 1529112 46
1786577025024 1534996 53
1786577025171 1557416 51
1786577025362 1582868 52
1786577039566 1584564 58
1786577039841 1634612 42
1786577040032 1659844 53
1786577044738 1671880 56
1786577045142 1715732 68
1786577045354 1759600 59
1786577045793 1778188 51
1786577049608 1781412 63
1786577049791 1813320 47
1786577050074 1832188 53
1786577083973 1835580 50
1786577085002 1874108 57
1786577099706 1897212 57
1786577104586 1929160 57
1786577105297 1953352 52
1786577109111 1954116 69
1786577109634 1985132 46
1786577145549 1986488 57
1786577160304 2003796 56
1786577160681 2023896 54
1786577165035 2029956 61
1786577169325 2052256 55
1786577204343 2058660 58
1786577204878 2089168 55
1786577219220 2092696 57
1786577223919 2108124 71
1786577225610 2123816 60
1786577228111 2125432 69
1786577264090 2136044 55
1786577278093 2151148 63
1786577283784 2154528 71
1786577288460 2164860 59
1786577323444 2169980 61
1786577324640 2193872 52
1786577338366 2195144 63
1786577343631 2203028 59
1786577348237 2207592 57
1786577383633 2223300 56
1786577398214 2230572 71
1786577404179 2233224 58
1786577408967 2241260 84
1786577441529 2248464 50
1786577442607 2255948 64
1786577456150 2257220 59
1786577461774 2259440 68
1786577466194 2262868 70
1786577501869 2264916 58
1786577516700 2266232 99
1786577522342 2268500 61
1786577526687 2272816 59
1786577558170 2276060 58
1786577573278 2282872 59
1786577578502 2285592 80
1786577582843 2288852 61
1786577610126 2291148 56
1786577611308 2294044 57
1786577625500 2294592 70
1786577630827 2296048 60
1786577635109 2298372 77
1786577637083 2306232 71
