# timestamp_ms rss_kb
1790422539618 119284
1790422539743 167104
1790422539830 207768
1790422539920 225596
1790422540013 268716
1790422540105 281828
1790422540253 305424
1790422540380 324968
1790422540504 350900
1790422540630 369060
1790422540759 389180
1790422540889 414284
1790422541022 432660
1790422541154 451684
1790422541284 477004
1790422541416 496208
1790422541552 514308
1790422541693 537932
1790422541833 559764
1790422541971 577904
1790422542118 602776
1790422542264 616368
1790422542409 641684
1790422542556 659784
1790422542710 677888
1790422542860 700688
1790422543012 723168
1790422543166 741304
1790422543335 768460
1790422543499 786552
1790422543691 813700
1790422543866 834244
1790422544037 859004
1790422544205 882580
1790422544376 904164
1790422544707 945876
1790422544894 977732
1790422545076 1008580
1790422545254 1039180
1790422545438 1072180
1790422545636 1105828
1790422545827 1138208
1790422546016 1171188
1790422546207 1203668
1790422546418 1236916
1790422546614 1269060
1790422546824 1296680
1790422547034 1332280
1790422547239 1365072
1790422547461 1398976
1790422547689 1431968
1790422548096 1478932
1790422548327 1512820
1790422548556 1545120
1790422549008 1599848
1790422549467 1657404
1790422549720 1691248
1790422550198 1745548
1790422550466 1781080
1790422550982 1837880
1790422551505 1901032
1790422552030 1959660
1790422552518 2015272
1790422553077 2069020
1790422553656 2130444
1790422554212 2190048
1790422554799 2250812
1790422555395 2309416
1790422555988 2371228
1790422556606 2432328
1790422557249 2490628
1790422557689 2552452
1790422558369 2610936
1790422558845 2675488
1790422559521 2736404
1790422560183 2793836
1790422560673 2850532
1790422561176 2911236
1790422561766 2993420
1790422562555 3079752
1790422563276 3145300
1790422563927 3232956
1790422564793 3323780
1790422565651 3413916
1790422566578 3505428
1790422567463 3597908
1790422568361 3763500
1790422569167 3855832
1790422569910 3966972
1790422570702 4077580
1790422571746 4188188
1790422572532 4298800
1790422573684 4409412
1790422574526 4520024
1790422575722 4630632
1790422576555 4741252
1790422577672 4851880
1790422578499 4962496
1790422579576 5073116
1790422580525 5185540
1790422581671 5296160
1790422582718 5406788
1790422583829 5517400
1790422584733 5628004
1790422586158 5775488
1790422587505 5922976
1790422588791 6070464
1790422590075 6217944
1790422591383 6365424
1790422592875 6513164
1790422594367 6660652
1790422595829 6808144
1790422597199 6955616
1790422598482 7103100
1790422599949 7250580
1790422601337 7398060
1790422602824 7582412
1790422604537 7767032
1790422605786 7951380
1790422607310 8118972
1790422608452 8283232
1790422610204 8467588
1790422611808 8651940
1790422613676 8836284
1790422614896 9020632
1790422616553 9205256
1790422618491 9389616
1790422620511 9610840
1790422622430 9825696
1790422624464 10053276
1790422626620 10274520
1790422628797 10496032
1790422630856 10717252
1790422632644 10938468
1790422634536 11159696
1790422636386 11417784
1790422638564 11676128
1790422640714 11934220
1790422642879 12192312
1790422644639 12450404
1790422646777 12708492
1790422648808 12965804
1790422651056 13261812
1790422653304 13556188
1790422655503 13851756
1790422657781 14142896
1790422660157 14441960
1790422662327 14736920
1790422664502 15031880
1790422666441 15343616
1790422668768 15658940
1790422671190 15990768
1790422673605 16322588
1790422675993 16654416
1790422678582 17023384
1790422681112 17374260
1790422683170 17723900
1790422685952 18092876
1790422688559 18461588
1790422691295 18867172
1790422694215 19272756
1790422696920 19678620
1790422699846 20084200
1790422702746 20489760
1790422705750 20932452
1790422708692 21374888
1790422711819 21817320
1790422778930 22286452
1790422782316 22765780
1790422785639 23245072
1790422788747 23724372
1790422792140 24203676
1790422795629 24719848
1790422799326 25236028
1790422802614 25752192
1790422806295 26268620
1790422810208 26821668
1790422813786 27374720
1790422817636 27927752
1790422821663 28517660
1790422825700 29107572
1790422829814 29697492
1790422834128 30324536
1790422837949 30951308
1790422842281 31578096
1790422846520 32241752
1790422850870 32905652
1790422855127 33569304
1790422860004 34269828
1790422865046 34970356
1790422869587 35670888
1790422874305 36408268
1790422923856 37148544
1790422929212 37923020
1790422935093 38697272
1790422940804 39471792
1790422946506 40282912
1790422952177 41094284
1790423035592 42193740
1790423037809 43118204
1790423038397 44302172
1790423040579 45209744
1790423041153 46277696
1790423042160 47291168
1790423044138 48568988
1790423046210 49750756
1790423047635 50871924
1790423085010 51938520
1790423088799 53132216
1790423092865 54285264
