1786985669825 229308 22
1786985671910 230936 40
1786985672036 240640 21
1786985672158 245316 20
1786985673021 245404 20
1786985675036 245672 23
1786985677019 245680 24
1786985695955 245696 21
1786985696069 263808 23
1786985696251 271072 24
1786985696384 323004 22
1786985696518 353692 24
1786985696653 374172 22
1786985696787 410428 23
1786985696921 429244 24
1786985697058 443120 23
1786985697191 453924 26
1786985697331 484016 24
1786985697471 497944 26
1786985697610 514908 24
1786985697749 531904 25
1786985697989 551332 24
1786985698131 571812 25
1786985698275 588816 24
1786985698418 609628 25
1786985698561 626228 25
1786985698704 633608 26
1786985698828 663692 24
1786985698972 683492 25
1786985699116 697828 26
1786985699391 720672 28
1786985699536 752016 25
1786985699681 789468 26
1786985699931 936852 27
1786985700077 1123220 27
1786985700311 1159040 26
1786985700542 1173432 27
1786985700668 1283380 28
1786985700813 1473844 27
