1785425746276 12452 16
1785425747166 61348 11
1785425747227 69472 11
1785425747310 98268 11
1785425747369 166964 11
1785425747430 183736 12
1785425747561 188348 11
1785425747677 192956 12
1785425747834 196960 12
1785425747903 234064 14
1785425747978 278564 14
1785425748063 308476 16
1785425748148 329532 16
1785425748233 340704 16
1785425748805 359332 17
1785425749276 365476 18
1785425749892 367996 15
1785425751370 371016 16
1785425751503 376672 17
1785425751870 378976 17
1785425752321 378980 17
1785425752398 393684 18
1785425752486 433932 15
1785425752921 438028 17
1785425753289 442124 17
1785425753742 448268 18
1785425753906 454412 15
1785425754372 458508 17
1785425754940 466700 18
1785425755637 470796 18
