# timestamp_ms rss_kb
1790299423119 86812
1790299423237 130876
1790299423328 173268
1790299423420 208072
1790299423515 225508
1790299423608 265424
1790299423708 281864
1790299423859 301128
1790299423981 320016
1790299424108 338192
1790299424236 357368
1790299424364 373892
1790299424497 393640
1790299424632 410736
1790299424770 429492
1790299424909 448052
1790299425047 465864
1790299425192 483224
1790299425340 501436
1790299425490 519776
1790299425637 537272
1790299425784 555596
1790299425939 574640
1790299426098 596056
1790299426257 614356
1790299426564 641608
1790299426719 661340
1790299426883 680552
1790299427052 698168
1790299427223 717228
1790299427390 734336
1790299427568 752320
1790299427746 770084
1790299427925 789032
1790299428110 807360
1790299428290 826388
1790299428466 843592
1790299428644 862376
1790299428832 881224
1790299429025 904248
1790299429216 931356
1790299429422 955176
1790299429624 986004
1790299429829 1008660
1790299430032 1038700
1790299430247 1070500
1790299430457 1103000
1790299430674 1134100
1790299430895 1160888
1790299431119 1192940
1790299431348 1224952
1790299431581 1257336
1790299431819 1289100
1790299432058 1315804
1790299432300 1347608
1790299432550 1380480
1790299432799 1410188
1790299433282 1462600
1790299433542 1494252
1790299433804 1526224
1790299434068 1557844
1790299434583 1612192
1790299434858 1645780
1790299435365 1696260
1790299435908 1747508
1790299436431 1806140
1790299436990 1860696
1790299437569 1918336
1790299438156 1970732
1790299438758 2027376
1790299439340 2072692
1790299439781 2128180
1790299440389 2179656
1790299440855 2236088
1790299441521 2287780
1790299441974 2344404
1790299442668 2402028
1790299443381 2460720
1790299444064 2512168
1790299444543 2562656
1790299445064 2616088
1790299445553 2673608
1790299446094 2729268
1790299446644 2785076
1790299447160 2844496
1790299447869 2926216
1790299448783 3006684
1790299449771 3085340
1790299450475 3169184
1790299451547 3242416
1790299452324 3325520
1790299453409 3407824
1790299454126 3488736
1790299455173 3572348
1790299456010 3656720
1790299456526 3763556
1790299457512 3855876
1790299458525 3967024
1790299459751 4077640
1790299460685 4188244
1790299461883 4298852
1790299462905 4409460
1790299464137 4520080
1790299465121 4630696
1790299466450 4741308
1790299467430 4851920
1790299468682 4962528
1790299469803 5073140
1790299471086 5185572
1790299472132 5296188
1790299473503 5406800
1790299474464 5517412
1790299475819 5628036
1790299477334 5775528
1790299478827 5893608
1790299479788 6033612
1790299481381 6181104
1790299482931 6328592
1790299484382 6476328
1790299485909 6623820
1790299487525 6771312
1790299489089 6918796
1790299490670 7066276
1790299492086 7213212
1790299493652 7361244
1790299495216 7508720
1790299496944 7693072
1790299498532 7877704
1790299500266 8062072
1790299501987 8246428
1790299503911 8430776
1790299505141 8615136
1790299506896 8799488
1790299508827 8983848
1790299510248 9168464
1790299511964 9352832
1790299514075 9574068
1790299516195 9795292
1790299518302 10016508
1790299520421 10237740
1790299522391 10459236
1790299524528 10680460
1790299526334 10901676
1790299528354 11122888
1790299530518 11380992
1790299532513 11639340
1790299534787 11897448
1790299536709 12155532
1790299538633 12413624
1790299540883 12671704
1790299543204 12930044
1790299545459 13225016
1790299547979 13519988
1790299550378 13814956
1790299552872 14109912
1790299555458 14405152
1790299557984 14700116
1790299560340 14995076
1790299562911 15326920
1790299565603 15659016
1790299568320 15990828
1790299570440 16314868
1790299573087 16653488
1790299576033 16986600
1790299579017 17355288
1790299582015 17723988
1790299585175 18092960
1790299587987 18461664
1790299591162 18837200
1790299594176 19235952
1790299597141 19641820
1790299600378 20047396
1790299603616 20452960
1790299606958 20895656
1790299610212 21338096
1790299613507 21780528
1790299689212 22231272
1790299692185 22692128
1790299695945 23171428
1790299699778 23650528
1790299703642 24129824
1790299707713 24645988
1790299711784 25162184
1790299715513 25678340
1790299719644 26194784
1790299723619 26747816
1790299727797 27301372
1790299731906 27853884
1790299736148 28443796
1790299739971 29033712
1790299744250 29623616
1790299749215 30250656
1790299753790 30877432
1790299758624 31504208
1790299763397 32167864
1790299768246 32831776
1790299773170 33495416
1790299778519 34195948
1790299783728 34896468
1790299788949 35597004
1790299794396 36334388
1790299853167 37074596
1790299859261 37886024
1790299865150 38660280
1790299871149 39434752
1790299877379 40245860
1790299883681 41057244
1790299981404 42167504
1790299983261 43400412
1790299984431 44755196
1790299985956 45891880
1790299987233 46921512
1790299989474 48135596
1790299991785 49468328
1790299993546 50792764
1790300033831 51916716
1790300037505 52992424
1790300041229 54132816
1790352953025 55257992
1790352960933 56492288
