# timestamp_ms rss_kb
1790719314040 261680
1790719314236 267452
1790719314548 273552
1790719314721 279208
1790719315363 285556
1790719315758 298636
1790719316521 306104
1790719320060 325276
1790719320166 362140
1790719320271 369748
1790719320558 377496
1790719320941 385392
1790719321338 395640
1790719321895 417496
1790719322554 457568
1790719322862 468676
1790719323264 481000
1790719323370 608948
1790719323578 653824
1790719324161 680652
1790719324270 703180
1790719324380 725708
1790719324486 749308
1790719324592 771836
1790719324699 794364
1790719324809 816892
1790719324915 839420
1790719325019 861948
1790719325124 884476
1790719325228 907004
