# timestamp_ms rss_kb
1790742975379 46652
1790742975614 48812
1790742977595 56520
1790742977686 79996
1790742977774 130800
1790742977870 140688
1790742977962 177604
1790742978053 191504
1790742978147 228412
1790742978239 246876
1790742978393 302312
1790742978485 320804
1790742978641 357776
1790742978734 376268
1790742978891 394452
1790742978986 413240
1790742979083 445576
1790742979176 464048
1790742979269 482532
1790742979363 501024
1790742979458 519520
1790742979553 538000
1790742979649 556460
1790742979743 574896
1790742979837 593344
1790742979931 625584
1790742980088 644056
1790742980182 662496
1790742980281 676332
1790742980375 713204
1790742980469 731644
1790742980682 768532
1790742980777 786996
1790742981013 819264
1790742981108 837708
1790742982131 857340
1790742982721 928756
1790742983068 948852
1790742983387 973976
1790742983806 999020
1790742984232 1024060
1790742984606 1045116
1790742985041 1072316
1790742985443 1097196
1790742985844 1124320
1790742986283 1149368
1790742986637 1174544
1790742986827 1380996
1790742986994 2373356
1790742987260 3944492
1790742991186 4037612
1790742991698 4144036
1790742993288 4273964
1790742993848 4656008
1790742994432 4915256
1790742995009 5199988
1790742995584 5371916
1790742997809 5895144
1790742999388 6538928
1790743023545 6809540
1790743025857 7232152
1790743026457 7738072
1790743027041 8476868
1790743204353 8695268
1790743204968 8698824 (true peak, below trigger threshold; snapshot is in peaks/peak.smaps)
