1787025343461 22
1787025343514 22
1787025343569 24
1787025343628 23
1787025343752 23
1787025344763 72
1787025344859 21
1787025344911 484
1787025345420 41
1787025345487 22
1787025345534 26
1787025345584 24
1787025345643 69
1787025345737 22
1787025345784 21
1787025345831 22
1787025345887 56
1787025345968 21
1787025346021 23
1787025346080 23
1787025346138 23
1787025346197 23
1787025346258 27
1787025346321 25
1787025346381 25
1787025346442 25
1787025346503 25
1787025346563 26
1787025346626 26
1787025346688 26
1787025346752 25
1787025346820 29
1787025346886 26
1787025346939 27
1787025347004 26
1787025347068 27
1787025347133 28
1787025347201 29
1787025347259 27
1787025347328 28
1787025347397 28
1787025347471 29
1787025347532 28
1787025347602 29
1787025347675 30
1787025347750 29
1787025347821 29
1787025347884 28
1787025347959 30
1787025348039 32
1787025348103 31
1787025348180 33
1787025348259 31
1787025348324 32
1787025348400 32
1787025348465 30
1787025348548 33
1787025348613 32
1787025348694 33
1787025348761 33
1787025348845 35
1787025348914 33
1787025349000 31
1787025349067 34
1787025349153 35
1787025349223 35
1787025349308 34
1787025349376 33
1787025349462 35
1787025349533 33
1787025349620 33
1787025349690 35
1787025349781 36
1787025349853 34
1787025349941 35
1787025350014 35
1787025350104 38
1787025350179 34
1787025350268 35
1787025350340 37
1787025350435 37
1787025350495 35
1787025350585 38
1787025350661 37
1787025350757 37
1787025350832 36
1787025350928 39
1787025350989 36
1787025351063 38
1787025351159 36
1787025351232 36
1787025351292 36
1787025351385 37
1787025351464 37
1787025351524 39
1787025351627 41
1787025351706 42
1787025351811 41
1787025351893 40
1787025351974 38
1787025352076 39
1787025352156 42
1787025352237 40
1787025352340 40
1787025352420 40
1787025352500 40
1787025352606 43
1787025352692 42
1787025352777 40
1787025352885 41
1787025352969 42
1787025353034 42
1787025353145 45
1787025353232 43
1787025353298 43
1787025353410 43
1787025353499 44
1787025353587 42
1787025353671 120
1787025353923 102
1787025354503 75
1787025354691 111
1787025356923 104
1787025360860 102
1787025364916 63
1787025365066 64
1787025366169 63
1787025367706 63
1787025369430 63
1787025369537 61
1787025369687 62
1787025369791 63
1787025369900 60
1787025370003 67
1787025370116 64
1787025370272 67
1787025370910 66
1787025370999 68
1787025371606 67
1787025371719 66
1787025371831 67
1787025371946 68
1787025372062 71
1787025372180 66
1787025372292 67
1787025372404 66
1787025372518 69
1787025372632 66
1787025372743 68
1787025372859 68
1787025372975 69
1787025373089 67
1787025373201 67
1787025373317 67
1787025373432 72
1787025373551 67
1787025373663 67
1787025373778 70
1787025373897 69
1787025374011 67
1787025374124 67
1787025374239 69
1787025374355 69
1787025374472 69
1787025374587 74
1787025374711 71
1787025378517 69
1787025378634 67
1787025378748 67
1787025378861 67
1787025378991 66
1787025379104 70
1787025379222 68
1787025379340 68
1787025394099 70
1787025408734 72
1787025409252 68
1787025458709 68
1787025465903 72
1787025466972 68
1787025497339 70
1787025521581 69
1787025535023 68
1787025596947 70
1787025690944 70
1787025691761 68
1787025755166 71
1787026390917 71
1787026391037 68
1787026391154 73
1787027157218 49
1787028719513 50
1787028752376 46
