# timestamp_ms rss_kb
1790738452027 62456
1790738452126 95496
1790738452200 177512
1790738452275 259516
1790738452348 284524
1790738452419 303028
1790738452549 318092
1790738452688 326108
1790738452870 335852
1790738453006 350236
1790738453190 359472
1790738453243 369180
1790738453435 379012
1790738453491 388636
1790738453567 485928
1790738453652 854592
1790738453738 1128332
1790738453831 1413404
1790738453916 1511756
1790738453998 1553284
1790738454087 1616580
1790738454186 1660952
1790738454281 1703940
1790738454376 1768908
1790738454487 1857796
1790738454598 1906924
1790738454710 1984880
1790738454832 2068956
1790738454957 2130912
1790738455082 2242968
1790738455212 2436992
1790738455346 2626608
1790738455483 2711828
1790738455637 2866648
1790738455795 2944740
1790738455961 3088216
1790738456131 3168772
1790738456309 3299020
1790738456488 3398552
1790738456678 3508176
1790738457307 3600236
1790738459088 3684188
1790738459266 4090728
1790738459444 4395048
1790738459621 4676684
1790738459803 5233020
1790738459985 5451752
1790738460174 5662172
1790738460644 5810404
1790738461026 5958244
1790738461249 6080232
1790738461652 6246768
1790738462074 6397300
1790738462275 6532308
1790738462534 6663256
1790738462797 6801836
1790738463071 6974808
1790738463353 7141744
1790738463650 7326376
1790738463950 7530068
1790738464262 7723184
1790738464581 7999716
1790738464871 8281840
1790738465206 8531564
1790738465543 8754304
1790738465890 9015240
1790738466252 9206228
1790738466625 9432008
1790738467008 9716592
1790738467408 9921540
1790738467820 10171908
1790738468250 10451364
1790738468695 10702408
1790738469405 11013888
1790738469804 11289324
1790738470212 11560624
1790738470625 11852252
1790738471120 12165624
1790738471829 12486780
1790738472352 12812692
1790738472887 13132672
1790738473438 13481124
1790738474013 13844388
1790738474511 14138476
1790738475114 14544776
1790738475633 14912428
1790738476500 15321948
1790738477029 15753172
1790738477694 16148352
1790738478378 16583732
1790738479087 17085416
1790738479802 17479760
1790738481049 17894880
1790738488030 18269684
1790738494725 18636256
1790738515110 19013476
1790738528298 19394332
1790738533809 19797804
1790738540029 20208928
1790738572504 20628148
1790738580540 21054788
1790738624854 21507784
1790738630036 21976788
1790738635223 22418244
1790738645206 22878264
1790738653202 23378464
1790738655767 23892716
1790738657778 24443256
1790738659304 24970472
1790738660374 25561360
1790738662364 26157676
1790738665688 26747404
1790738667423 27402268
1790738668933 28224336
1790738670650 28803712
1790738672839 29555964
1790738677035 30316644
1790738678792 31110036
1790738680778 31874960
1790738683771 32541224
1790738687532 33293752
1790738689560 34184284
1790738691609 34884112
1790738693541 35617868
1790738699601 36399144
1790738709718 37192868
1790738734411 37950012
1790738763690 38753772
1790738773410 39569708
1790738783328 40469712
1790738792838 41312360
1790738801660 42142668
1790738811937 43024284
1790738859501 44022808
1790738869042 44935324
1790738917480 45952212
1790738928155 46975308
1790738967216 47916448
1790738997678 48953904
1790739016296 49970996
1790739075637 51026832
1790739090212 52072644
1790739104432 53193668
1790739146531 54503444
1790739205539 55724808
1790739222405 56843336
1790739282446 57989444
1790739299146 59171616
1790739375047 60378768
1790739394993 61619256
1790739424238 62865836
1790739494674 64142340
1790739526601 65515088
1790739554522 66922600
1790739579128 68350112
1790739621574 69721572
1790739691570 71185456
1790739720437 72632012
1790739809911 74116368
1790739866972 75600740
1790739874014 77163112
1790739879458 78808476
1790739885066 80476556
1790739890583 82161308
1790739919388 83915708
1790739951124 86301940
1790739963831 88104116
1790739968853 90198144
1790740044912 92219200
1790740048347 94252128
1790740124722 96182636
1790740127590 98142160
1790740481616 100151588
1790740497219 102157920
1790740761830 104227608
1790741167085 107118228
1790741179287 109333976
1790751225865 111634764
1790752003090 113944228
1790752663215 116304848
1790759746008 118682780
