1790738452027 66
1790738452126 40
1790738452200 42
1790738452275 40
1790738452348 39
1790738452419 39
1790738452549 41
1790738452622 40
1790738452688 40
1790738452760 38
1790738452824 20
1790738452870 39
1790738452941 39
1790738453006 39
1790738453078 20
1790738453124 40
1790738453190 20
1790738453243 41
1790738453317 21
1790738453364 44
1790738453435 22
1790738453491 41
1790738453567 43
1790738453652 44
1790738453738 47
1790738453831 46
1790738453916 45
1790738453998 47
1790738454087 52
1790738454186 51
1790738454281 50
1790738454376 56
1790738454487 56
1790738454598 58
1790738454710 61
1790738454832 64
1790738454957 64
1790738455082 69
1790738455212 71
1790738455346 70
1790738455483 76
1790738455637 79
1790738455795 79
1790738455961 84
1790738456131 86
1790738456309 90
1790738456488 91
1790738456678 95
1790738456858 94
1790738456998 56
1790738457099 57
1790738457201 58
1790738457307 95
1790738459088 95
1790738459266 98
1790738459444 97
1790738459621 101
1790738459803 100
1790738459985 101
1790738460174 102
1790738460375 103
1790738460530 62
1790738460644 110
1790738460864 109
1790738461026 110
1790738461249 113
1790738461479 117
1790738461652 117
1790738461893 123
1790738462074 75
1790738462275 126
1790738462534 128
1790738462797 133
1790738463071 139
1790738463353 145
1790738463650 147
1790738463950 152
1790738464262 155
1790738464581 160
1790738464871 163
1790738465206 164
1790738465543 169
1790738465890 178
1790738466252 179
1790738466625 186
1790738467008 195
1790738467408 199
1790738467820 207
1790738468250 217
1790738468695 224
1790738469087 223
1790738469405 225
1790738469804 232
1790738470212 232
1790738470625 243
1790738471120 451
1790738471829 253
1790738472352 257
1790738472887 265
1790738473438 280
1790738474013 282
1790738474511 290
1790738475114 299
1790738475633 300
1790738476163 308
1790738476500 201
1790738477029 320
1790738477694 330
1790738478378 344
1790738479087 344
1790738479802 362
1790738480545 365
1790738481049 246
1790738481655 242
1790738482031 248
1790738482417 361
1790738482917 245
1790738483300 245
1790738483684 249
1790738484071 242
1790738484452 244
1790738484833 242
1790738485213 373
1790738485724 248
1790738486115 246
1790738486495 239
1790738486875 248
1790738487260 245
1790738487648 246
1790738488030 372
1790738488776 244
1790738489155 249
1790738489430 252
1790738489820 251
1790738490214 253
1790738490607 371
1790738491115 247
1790738491507 249
1790738491894 253
1790738492290 241
1790738492673 244
1790738493057 247
1790738493443 376
1790738493957 244
1790738494341 246
1790738494725 249
1790738495338 248
1790738495727 246
1790738496115 380
1790738496635 239
1790738497015 246
1790738497397 247
1790738497783 250
1790738498176 245
1790738498558 245
1790738498942 374
1790738499454 248
1790738499844 239
1790738500223 238
1790738500597 243
1790738500982 238
1790738501360 242
1790738501743 371
1790738502249 238
1790738502626 246
1790738503009 244
1790738503390 243
1790738503772 252
1790738504165 245
1790738504553 378
1790738505068 248
1790738505451 244
1790738505832 246
1790738506220 238
1790738506595 241
1790738506973 240
1790738507357 366
1790738507864 246
1790738508253 251
1790738508645 245
1790738509452 240
1790738509829 251
1790738510216 375
1790738510728 244
1790738511112 246
1790738511500 241
1790738511881 247
1790738512271 248
1790738512656 250
1790738513045 378
1790738513564 245
1790738513952 248
1790738514344 246
1790738514726 247
1790738515110 252
1790738515732 377
1790738516252 250
1790738516530 255
1790738516928 252
1790738517323 250
1790738517717 251
1790738518107 239
1790738518488 366
1790738518998 252
1790738519389 243
1790738519774 240
1790738520157 251
1790738520551 248
1790738520940 248
1790738521329 372
1790738521839 247
1790738522221 242
1790738522603 250
1790738522995 238
1790738523376 246
1790738523760 252
1790738524152 375
1790738524667 244
1790738525052 255
1790738525447 245
1790738525830 246
1790738526211 251
1790738526606 253
1790738526999 373
1790738527514 250
1790738527904 251
1790738528298 243
1790738528912 248
1790738529300 254
1790738529699 370
1790738530208 244
1790738530589 248
1790738530979 239
1790738531360 246
1790738531750 244
1790738532137 247
1790738532525 372
1790738533035 247
1790738533425 247
1790738533809 250
1790738534321 251
1790738534713 252
1790738535102 377
1790738535620 240
1790738536003 254
1790738536399 248
1790738536789 254
1790738537179 250
1790738537567 253
1790738537961 373
1790738538471 255
1790738538867 243
1790738539250 253
1790738539641 248
1790738540029 248
1790738540653 384
1790738541181 246
1790738541566 244
1790738541954 250
1790738542346 252
1790738543139 255
1790738543668 370
1790738544589 251
1790738545916 250
1790738546840 376
1790738547354 240
1790738547729 252
1790738548124 251
1790738548514 241
1790738548900 245
1790738549285 242
1790738549667 379
1790738550188 252
1790738550583 252
1790738550977 249
1790738551364 253
1790738551759 251
1790738552148 246
1790738552530 373
1790738553047 242
1790738553428 249
1790738553815 254
1790738554212 249
1790738554605 252
1790738554993 242
1790738555377 377
1790738555899 252
1790738556294 252
1790738556690 243
1790738557074 249
1790738557464 250
1790738557854 250
1790738558243 381
1790738558765 244
1790738559147 254
1790738559539 259
1790738559944 251
1790738560335 251
1790738560723 247
1790738561108 379
1790738561629 247
1790738562015 245
1790738562400 250
1790738562789 249
1790738563184 253
1790738563578 245
1790738563967 370
1790738564476 246
1790738564863 249
1790738565252 253
1790738565642 256
1790738566039 248
1790738566432 248
1790738566815 379
1790738567337 244
1790738567722 253
1790738568116 245
1790738568504 245
1790738568891 242
1790738569277 248
1790738569663 372
1790738570175 245
1790738570566 244
1790738570953 253
1790738571344 247
1790738571727 254
1790738572118 247
1790738572504 370
1790738573254 253
1790738573653 245
1790738574038 249
1790738574431 252
1790738574821 249
1790738575209 380
1790738575729 253
1790738576121 253
1790738576517 252
1790738576914 252
1790738577309 249
1790738577697 242
1790738578077 380
1790738578594 248
1790738578985 244
1790738579370 255
1790738579769 243
1790738580150 249
1790738580540 247
1790738581164 383
1790738581690 241
1790738582071 254
1790738582466 251
1790738582855 253
1790738583245 256
1790738583642 254
1790738584041 377
1790738584554 251
1790738584942 250
1790738585335 240
1790738585717 253
1790738586114 244
1790738586495 248
1790738586889 377
1790738587412 245
1790738587800 250
1790738588193 257
1790738588588 247
1790738588979 247
1790738589364 255
1790738589761 372
1790738590270 248
1790738590655 247
1790738591046 252
1790738591434 248
1790738591823 248
1790738592207 251
1790738592597 372
1790738593108 245
1790738593496 246
1790738593886 250
1790738594277 250
1790738594669 250
1790738595062 248
1790738595453 375
1790738595970 248
1790738596358 255
1790738596753 250
1790738597147 248
1790738597533 251
1790738597921 242
1790738598308 369
1790738598820 252
1790738599216 255
1790738599613 247
1790738599999 240
1790738600383 244
1790738600765 248
1790738601149 381
1790738601671 251
1790738602064 254
1790738602455 247
1790738602846 249
1790738603234 244
1790738603622 246
1790738604005 380
1790738604528 244
1790738604912 251
1790738605301 251
1790738605695 254
1790738606091 250
1790738606485 248
1790738606870 382
1790738607394 251
1790738607788 245
1790738608177 253
1790738608570 256
1790738608964 242
1790738609350 251
1790738609744 377
1790738610260 251
1790738610653 241
1790738611036 250
1790738611432 247
1790738611822 245
1790738612206 252
1790738612600 380
1790738613117 242
1790738613500 248
1790738613889 244
1790738614271 238
1790738614646 243
1790738615034 253
1790738615422 375
1790738615940 255
1790738616332 254
1790738616726 254
1790738617120 239
1790738617501 254
1790738617893 244
1790738618277 372
1790738618791 242
1790738619175 250
1790738619565 249
1790738619958 247
1790738620341 240
1790738620718 248
1790738621102 379
1790738621624 241
1790738622006 238
1790738622381 253
1790738622778 250
1790738623165 254
1790738623561 248
1790738623946 375
1790738624462 249
1790738624854 247
1790738625480 250
1790738625870 252
1790738626263 252
1790738626659 381
1790738627181 249
1790738627571 247
1790738627960 253
1790738628356 242
1790738628741 241
1790738629124 375
1790738629640 253
1790738630036 245
1790738630660 253
1790738631056 253
1790738631449 246
1790738631836 383
1790738632358 250
1790738632748 254
1790738633144 254
1790738633538 245
1790738633923 245
1790738634309 253
1790738634702 381
1790738635223 240
1790738635833 249
1790738636225 252
1790738636621 249
1790738637010 382
1790738637532 247
1790738637921 246
1790738638309 243
1790738638690 242
1790738639070 255
1790738639467 250
1790738639854 378
1790738640371 255
1790738640770 240
1790738641152 250
1790738641546 247
1790738641938 245
1790738642324 255
1790738642716 378
1790738643236 242
1790738643622 248
1790738644015 257
1790738644412 255
1790738644808 253
1790738645206 241
1790738645819 385
1790738646345 241
1790738646726 244
1790738647110 253
1790738647500 248
1790738647888 242
1790738648274 248
1790738648661 383
1790738649188 250
1790738649579 254
1790738649970 240
1790738650351 247
1790738650740 238
1790738651119 246
1790738651509 377
1790738652028 251
1790738652417 245
1790738652805 246
1790738653202 384
1790738653998 252
1790738654395 251
1790738654816 387
1790738655354 248
1790738655767 242
1790738656428 248
1790738656828 255
1790738657234 387
1790738657778 592
1790738658774 376
1790738659304 248
1790738659845 377
1790738660374 248
1790738661026 383
1790738661559 249
1790738661965 249
1790738662364 380
1790738663144 244
1790738663541 380
1790738664078 252
1790738664477 248
1790738664884 242
1790738665277 253
1790738665688 392
1790738666484 245
1790738666881 378
1790738667423 385
1790738668093 380
1790738668503 249
1790738668933 378
1790738669712 376
1790738670243 256
1790738670650 382
1790738671463 254
1790738671888 388
1790738672418 255
1790738672839 252
1790738673480 244
1790738673892 387
1790738674440 254
1790738674843 252
1790738675263 249
1790738675659 254
1790738676079 385
1790738676611 255
1790738677035 388
1790738677827 250
1790738678245 395
1790738678792 253
1790738679447 385
1790738679985 242
1790738680379 251
1790738680778 382
1790738681565 251
1790738681988 249
1790738682386 397
1790738682949 241
1790738683356 242
1790738683771 389
1790738684570 242
1790738684960 255
1790738685373 247
1790738685768 252
1790738686179 255
1790738686586 387
1790738687129 254
1790738687532 392
1790738688322 249
1790738688726 395
1790738689151 250
1790738689560 396
1790738690356 257
1790738690644 397
1790738691203 256
1790738691609 258
1790738692167 385
1790738692722 245
1790738693116 257
1790738693541 595
1790738694531 253
1790738694949 256
1790738695356 255
1790738695780 252
1790738696179 251
1790738696599 249
1790738696998 252
1790738697423 250
1790738697819 257
1790738698244 391
1790738698784 251
1790738699198 257
1790738699601 254
1790738700240 608
1790738700993 253
1790738701391 250
1790738701781 243
1790738702170 252
1790738702568 251
1790738702958 254
1790738703357 250
1790738703754 252
1790738704151 251
1790738704549 250
1790738704939 255
1790738705334 245
1790738705718 253
1790738706118 248
1790738706511 256
1790738706905 245
1790738707298 258
1790738707701 394
1790738708236 257
1790738708635 253
1790738709029 257
1790738709429 258
1790738709718 259
1790738710254 402
1790738710805 259
1790738711212 256
1790738711615 252
1790738712014 250
1790738712414 258
1790738712703 257
1790738713231 391
1790738713876 249
1790738714382 255
1790738714888 249
1790738716597 391
1790738717473 252
1790738719912 395
1790738720465 247
1790738720900 251
1790738726438 395
1790738726994 259
1790738727429 253
1790738732918 390
1790738733494 254
1790738733924 259
1790738734411 252
1790738735614 396
1790738736513 242
1790738738020 257
1790738740329 395
1790738740927 246
1790738741208 245
1790738741679 253
1790738742128 399
1790738742765 248
1790738743259 251
1790738748371 401
1790738748986 255
1790738749431 251
1790738749949 249
1790738750423 255
1790738750940 246
1790738756822 396
1790738757470 254
1790738757988 258
1790738758497 252
1790738763091 396
1790738763690 256
1790738764490 255
1790738764970 252
1790738765439 408
1790738766089 251
1790738766599 247
1790738767089 249
1790738769498 406
1790738771543 248
1790738772323 252
1790738772808 397
1790738773410 257
1790738774151 400
1790738774781 253
1790738775278 247
1790738775754 257
1790738776271 247
1790738777067 250
1790738778933 392
1790738781214 247
1790738781703 251
1790738782205 397
1790738782866 247
1790738783328 250
1790738784138 406
1790738784729 255
1790738785239 255
1790738785770 258
1790738786297 254
1790738787087 243
1790738789190 404
1790738791193 257
1790738791691 257
1790738792190 406
1790738792838 256
1790738793662 259
1790738794100 400
1790738794714 253
1790738795504 247
1790738797577 397
1790738799259 246
1790738800024 252
1790738800512 408
1790738801154 257
1790738801660 247
1790738802363 256
1790738802803 402
1790738803424 246
1790738803884 252
1790738804927 251
1790738807298 403
1790738809008 245
1790738809504 259
1790738809974 260
1790738810269 401
1790738810932 255
1790738811454 252
1790738811937 259
1790738812745 253
1790738817152 396
1790738817778 253
1790738818258 257
1790738818765 246
1790738819285 251
1790738819732 249
1790738820149 405
1790738825149 405
1790738825806 260
1790738832105 395
1790738832767 256
1790738837818 403
1790738838653 255
1790738839159 249
1790738844182 403
1790738844815 257
1790738845235 253
1790738845725 252
1790738851140 403
1790738851724 254
1790738852141 258
1790738852607 251
1790738853067 402
1790738853718 247
1790738858915 400
1790738859501 258
1790738860197 407
1790738860790 261
1790738861281 259
1790738861815 257
1790738862863 261
1790738864469 394
1790738866187 254
1790738867484 408
1790738868156 249
1790738868608 253
1790738869042 257
1790738869723 412
1790738870353 250
1790738870866 257
1790738871381 248
1790738876766 404
1790738877338 252
1790738878080 248
1790738878566 248
1790738883330 396
1790738883962 246
1790738888878 405
1790738889536 250
1790738889959 261
1790738890435 262
1790738891718 257
1790738892238 412
1790738896539 398
1790738897173 251
1790738897638 253
1790738898149 257
1790738899402 248
1790738899907 404
1790738903802 405
1790738910181 410
1790738910828 262
1790738911330 262
1790738912862 253
1790738913362 398
1790738916885 408
1790738917480 254
1790738918286 256
1790738918792 257
1790738919303 256
1790738920899 407
1790738921563 251
1790738922889 253
1790738923940 407
1790738925406 249
1790738925885 263
1790738926367 252
1790738926653 257
1790738927127 410
1790738927716 259
1790738928155 255
1790738929085 260
1790738929592 410
1790738930797 249
1790738931302 253
1790738931819 254
1790738933402 402
1790738934599 249
1790738935626 244
1790738935904 252
1790738936405 258
1790738936873 417
1790738937554 248
1790738938055 253
1790738938558 258
1790738939335 254
1790738939840 260
1790738940867 403
1790738941518 256
1790738944827 401
1790738945729 257
1790738946222 247
1790738946710 259
1790738947717 244
1790738948210 405
1790738949372 253
1790738949872 251
1790738952638 415
1790738953804 254
1790738954545 258
1790738958899 405
1790738959499 260
1790738959962 254
1790738960734 251
1790738961252 254
1790738961767 261
1790738962271 407
1790738966566 401
1790738967216 247
1790738968181 457
1790738973426 400
1790738974077 253
1790738980719 406
1790738981606 254
1790738982090 261
1790738983616 245
1790738984089 414
1790738985261 256
1790738985775 247
1790738987079 251
1790738987536 408
1790738988153 249
1790738989295 247
1790738989804 257
1790738990820 405
1790738991436 260
1790738993270 256
1790738993762 252
1790738994547 410
1790738995216 258
1790738996284 252
1790738996758 261
1790738997207 259
1790738997678 415
1790738998764 250
1790738999264 260
1790738999791 255
1790739000578 258
1790739001077 411
1790739001750 255
1790739002822 248
1790739003888 257
1790739004609 399
1790739005273 255
1790739005789 255
1790739006828 262
1790739007307 258
1790739007791 410
1790739008466 249
1790739008969 251
1790739009469 255
1790739009998 258
1790739011592 407
1790739015470 608
1790739016296 260
1790739017267 254
1790739017746 262
1790739018265 259
1790739023017 415
1790739023693 261
1790739024222 262
1790739024965 260
1790739025459 259
1790739025990 252
1790739029730 404
1790739030674 254
1790739031193 258
1790739031710 253
1790739032223 259
1790739032746 252
1790739033260 409
1790739033901 257
1790739034422 257
1790739037395 410
1790739039128 249
1790739039628 253
1790739040413 248
1790739040933 414
1790739041613 257
1790739042101 254
1790739042585 261
1790739043111 255
1790739044150 410
1790739044838 255
1790739046681 250
1790739048516 414
1790739049462 242
1790739049970 248
1790739050698 254
1790739051222 259
1790739054162 405
1790739054841 258
1790739062277 411
1790739062922 262
1790739063422 254
1790739064217 251
1790739064693 250
1790739065151 259
1790739065653 414
1790739066608 247
1790739067114 254
1790739067881 254
1790739068385 261
1790739070238 409
1790739070905 262
1790739071986 256
1790739072499 260
1790739073009 249
1790739073489 402
1790739074138 255
1790739074671 248
1790739075151 254
1790739075637 254
1790739076380 258
1790739076865 411
1790739077823 258
1790739078332 257
1790739078841 253
1790739079376 261
1790739080722 415
1790739081680 261
1790739082201 254
1790739082998 249
1790739083511 258
1790739084045 408
1790739084681 262
1790739085206 259
1790739085725 249
1790739086210 251
1790739086696 263
1790739087220 404
1790739087885 253
1790739088401 254
1790739089209 244
1790739089718 248
1790739090212 254
1790739091201 404
1790739092429 256
1790739093214 258
1790739093723 257
1790739094252 258
1790739094771 410
1790739095215 243
1790739095712 259
1790739096209 261
1790739096705 254
1790739097165 246
1790739097606 256
1790739098026 417
1790739098619 263
1790739099043 248
1790739099454 261
1790739100173 259
1790739100583 257
1790739100993 251
1790739101391 421
1790739102387 255
1790739102935 253
1790739103334 255
1790739103737 251
1790739104137 265
1790739104432 264
1790739104981 417
1790739105428 253
1790739105710 258
1790739105998 252
1790739106507 258
1790739111918 408
1790739117447 411
1790739123063 412
1790739123714 248
1790739128890 405
1790739129533 256
1790739134969 415
1790739135593 257
1790739140723 414
1790739141623 241
1790739146531 415
1790739147615 249
1790739152330 419
1790739152962 248
1790739158386 413
1790739163945 411
1790739164833 252
1790739169748 417
1790739186278 419
1790739191983 413
1790739198151 419
1790739198776 259
1790739199763 255
1790739200790 249
1790739201789 421
1790739202722 251
1790739204522 256
1790739204951 422
1790739205539 255
1790739206445 258
1790739206918 248
1790739207394 417
1790739208081 257
1790739209657 258
1790739211754 420
1790739213204 263
1790739213667 250
1790739214086 259
1790739214557 252
1790739215055 418
1790739215677 259
1790739216152 260
1790739216680 247
1790739221751 414
1790739222405 254
1790739223334 256
1790739223823 252
1790739228472 411
1790739229123 259
1790739229629 249
1790739230380 260
1790739230902 265
1790739235440 415
1790739237071 253
1790739237517 258
1790739242418 413
1790739243068 259
1790739243548 249
1790739244246 251
1790739244690 257
1790739249114 418
1790739249788 255
1790739250299 252
1790739250800 249
1790739251761 263
1790739256727 409
1790739257360 251
1790739258332 252
1790739258842 247
1790739259340 255
1790739263559 420
1790739264208 255
1790739264696 256
1790739265470 258
1790739265950 248
1790739271126 414
1790739271811 261
1790739272342 252
1790739272820 250
1790739273273 260
1790739273770 248
1790739274288 247
1790739274787 418
1790739279362 415
1790739279993 263
1790739280464 248
1790739280976 252
1790739281479 257
1790739281973 261
1790739282446 256
1790739283368 420
1790739287920 407
1790739288569 257
1790739289033 260
1790739289537 254
1790739290055 263
1790739290568 260
1790739291057 257
1790739291534 423
1790739292190 257
1790739292704 251
1790739293500 255
1790739294308 256
1790739295649 417
1790739296341 259
1790739298180 259
1790739298656 246
1790739299146 416
1790739300229 256
1790739300678 255
1790739301156 260
1790739301961 255
1790739302479 422
1790739306354 420
1790739307015 254
1790739307539 257
1790739308053 256
1790739308568 257
1790739309071 260
1790739309569 419
1790739310254 260
1790739310771 255
1790739311306 259
1790739315495 413
1790739316183 261
1790739316710 259
1790739317243 250
1790739317757 254
1790739318284 254
1790739319874 420
1790739320561 469
1790739324051 417
1790739324723 253
1790739325514 257
1790739326047 258
1790739326564 249
1790739327049 262
1790739327546 427
1790739328201 259
1790739328718 255
1790739332949 423
1790739333632 253
1790739334154 257
1790739334880 256
1790739335363 464
1790739336069 261
1790739336560 427
1790739337242 260
1790739342559 413
1790739343187 261
1790739343698 255
1790739344193 262
1790739344706 251
1790739345484 262
1790739346006 427
1790739349363 420
1790739350037 258
1790739350546 262
1790739351088 250
1790739351601 257
1790739352077 252
1790739352596 257
1790739353369 422
1790739354054 260
1790739358492 420
1790739359184 261
1790739365467 429
1790739366158 257
1790739366643 248
1790739367160 248
1790739367645 250
1790739368127 253
1790739368657 252
1790739369165 416
1790739369841 249
1790739370345 259
1790739373928 417
1790739374577 261
1790739375047 262
1790739375847 263
1790739376360 254
1790739376869 261
1790739377371 424
1790739378067 257
1790739378589 262
1790739379108 253
1790739379618 260
1790739380139 261
1790739383419 417
1790739384085 261
1790739384591 255
1790739385081 258
1790739385556 257
1790739386061 250
1790739386569 255
1790739387047 422
1790739387726 258
1790739388258 259
1790739388776 263
1790739389311 265
1790739389831 262
1790739390360 421
1790739392186 252
1790739393243 261
1790739394320 415
1790739394993 261
1790739395858 262
1790739396537 250
1790739397028 248
1790739397535 423
1790739398226 250
1790739398758 259
1790739399299 254
1790739399807 251
1790739400092 256
1790739400604 256
1790739404695 424
1790739405359 259
1790739405873 251
1790739406387 261
1790739406893 259
1790739407409 260
1790739407930 261
1790739408733 424
1790739413233 419
1790739413911 261
1790739414425 261
1790739414942 258
1790739415456 262
1790739415994 255
1790739416970 420
1790739420675 422
1790739421360 259
1790739422160 256
1790739422680 261
1790739423204 263
1790739423726 265
1790739424238 416
1790739425347 253
1790739425865 262
1790739429440 424
1790739430679 257
1790739431464 264
1790739431960 262
1790739432450 265
1790739432973 424
1790739433596 262
1790739434091 443
1790739438117 419
1790739438803 264
1790739439610 254
1790739440143 265
1790739441208 261
1790739441711 417
1790739442354 250
1790739446197 421
1790739446880 252
1790739447935 253
1790739448716 255
1790739449234 256
1790739449748 420
1790739450440 253
1790739456285 418
1790739456955 257
1790739457475 260
1790739458260 244
1790739461623 447
1790739462291 260
1790739462976 250
1790739463774 249
1790739464600 261
1790739464890 265
1790739465184 422
1790739465635 251
1790739466042 261
1790739466338 260
1790739466867 451
1790739472326 426
1790739473006 250
1790739493992 428
1790739494674 253
1790739495579 258
1790739500288 425
1790739501706 257
1790739506252 425
1790739506935 261
1790739507451 251
1790739512558 427
1790739513241 261
1790739513761 263
1790739514281 257
1790739515289 252
1790739515795 253
1790739519599 429
1790739520271 249
1790739521021 255
1790739521531 250
1790739522793 257
1790739526601 426
1790739527747 245
1790739528496 258
1790739529512 248
1790739530016 424
1790739531194 244
1790739532727 245
1790739533225 257
1790739534163 427
1790739534840 255
1790739536100 251
1790739536605 249
1790739537364 245
1790739538103 415
1790739541462 428
1790739542054 255
1790739542580 262
1790739543105 258
1790739543629 257
1790739544143 252
1790739544641 254
1790739545142 429
1790739545830 264
1790739546363 260
1790739546875 261
1790739547388 256
1790739547914 258
1790739548441 259
1790739548970 419
1790739549658 258
1790739550186 259
1790739550694 254
1790739551219 262
1790739551753 480
1790739552507 427
1790739553195 248
1790739553673 253
1790739554105 254
1790739554522 251
1790739555356 258
1790739555886 428
1790739556561 256
1790739557072 251
1790739557599 256
1790739558127 252
1790739558654 263
1790739559192 263
1790739559707 420
1790739560386 264
1790739560909 251
1790739561444 262
1790739561997 256
1790739562533 259
1790739563074 255
1790739563604 428
1790739564314 257
1790739564852 259
1790739565388 260
1790739565880 256
1790739566361 258
1790739566856 255
1790739567335 423
1790739567975 261
1790739568498 259
1790739569032 255
1790739569541 255
1790739570360 258
1790739570899 436
1790739571617 254
1790739572139 258
1790739572672 257
1790739573193 399
1790739573851 259
1790739574395 430
1790739575107 259
1790739575642 254
1790739576178 258
1790739576718 262
1790739577259 258
1790739577786 589
1790739578645 262
1790739579128 257
1790739579975 251
1790739580426 256
1790739580921 432
1790739581608 249
1790739582135 263
1790739582675 254
1790739583483 257
1790739584018 261
1790739584531 428
1790739585221 265
1790739585768 260
1790739586300 253
1790739588497 425
1790739589747 247
1790739590213 257
1790739590688 250
1790739591183 250
1790739591671 258
1790739592192 432
1790739594282 257
1790739594813 251
1790739598001 427
1790739598656 253
1790739599184 254
1790739599684 261
1790739600186 259
1790739600696 259
1790739602812 432
1790739604817 260
1790739605329 259
1790739606106 265
1790739606601 431
1790739607259 261
1790739608298 264
1790739608786 252
1790739609315 257
1790739613049 430
1790739613720 264
1790739614498 261
1790739614962 263
1790739620185 434
1790739621110 264
1790739621574 259
1790739626754 422
1790739634254 417
1790739637565 256
1790739638076 431
1790739639827 252
1790739640280 266
1790739640812 255
1790739641834 434
1790739642521 251
1790739643015 385
1790739643672 257
1790739645796 425
1790739646492 258
1790739648557 262
1790739649088 261
1790739650205 423
1790739655162 430
1790739656112 264
1790739656652 257
1790739658221 263
1790739660332 428
1790739662339 254
1790739662778 257
1790739663800 428
1790739664406 261
1790739664913 257
1790739665978 251
1790739666422 259
1790739666903 260
1790739669661 425
1790739670343 257
1790739670863 251
1790739671919 262
1790739672378 257
1790739672863 266
1790739673398 429
1790739674086 260
1790739674590 250
1790739675630 249
1790739676115 299
1790739679162 429
1790739679833 250
1790739680343 263
1790739681135 263
1790739681622 262
1790739682104 262
1790739682611 433
1790739683567 256
1790739684054 259
1790739684828 259
1790739685324 257
1790739685847 261
1790739688872 434
1790739689550 258
1790739690621 253
1790739691085 265
1790739691570 262
1790739692518 424
1790739693180 265
1790739693992 257
1790739694495 253
1790739695010 252
1790739696087 431
1790739697914 263
1790739698700 259
1790739699217 262
1790739700033 434
1790739700696 256
1790739701153 259
1790739701447 254
1790739701990 252
1790739702764 259
1790739703256 257
1790739703759 436
1790739704450 252
1790739704961 262
1790739705481 261
1790739706027 257
1790739706560 262
1790739709046 430
1790739709760 263
1790739710302 251
1790739710838 260
1790739711345 265
1790739711845 264
1790739712358 254
1790739712879 434
1790739713842 265
1790739714351 259
1790739715142 259
1790739715663 252
1790739716183 259
1790739718950 422
1790739719923 251
1790739720437 251
1790739721345 261
1790739721877 255
1790739722399 426
1790739723073 265
1790739723568 265
1790739724109 260
1790739724633 262
1790739725144 260
1790739725657 256
1790739726172 431
1790739729847 437
1790739730501 254
1790739731031 260
1790739731563 258
1790739732075 257
1790739732559 263
1790739733086 267
1790739733892 431
1790739734576 259
1790739735092 266
1790739735619 266
1790739738855 429
1790739739503 250
1790739740549 261
1790739741044 257
1790739741706 257
1790739753114 435
1790739755183 257
1790739758377 432
1790739759641 258
1790739760160 268
1790739760669 260
1790739761205 254
1790739763095 433
1790739763786 258
1790739764307 264
1790739766197 264
1790739766739 430
1790739767409 258
1790739768744 260
1790739769253 260
1790739769790 263
1790739772213 435
1790739772924 256
1790739774800 257
1790739775297 266
1790739775822 427
1790739776508 259
1790739777303 464
1790739778004 262
1790739778533 262
1790739779073 259
1790739779857 429
1790739780547 252
1790739781327 250
1790739781854 251
1790739782374 257
1790739782913 267
1790739792238 431
1790739794830 253
1790739796937 423
1790739798141 261
1790739798624 256
1790739799129 262
1790739799627 256
1790739800707 434
1790739801411 265
1790739802488 252
1790739802994 255
1790739803773 250
1790739804285 438
1790739805134 265
1790739805654 262
1790739806439 256
1790739806925 260
1790739807431 259
1790739807966 435
1790739808946 262
1790739809419 252
1790739809911 265
1790739811450 433
1790739812153 254
1790739812951 265
1790739813482 469
1790739814524 247
1790739815040 433
1790739816027 262
1790739816534 262
1790739817312 251
1790739817793 256
1790739818319 262
1790739818851 436
1790739819560 253
1790739820061 262
1790739820527 257
1790739820999 257
1790739821535 265
1790739822346 437
1790739823056 259
1790739823575 259
1790739824642 467
1790739825367 258
1790739825902 440
1790739826865 255
1790739827385 260
1790739827923 262
1790739828448 254
1790739828978 261
1790739829505 438
1790739830203 257
1790739830707 262
1790739831259 255
1790739831774 268
1790739832249 257
1790739832776 259
1790739835550 431
1790739836818 260
1790739837364 261
1790739838166 264
1790739838718 257
1790739839533 424
1790739840210 263
1790739840743 264
1790739841238 265
1790739841752 262
1790739842275 263
1790739845052 436
1790739845774 259
1790739846577 256
1790739847100 257
1790739847644 263
1790739848170 266
1790739848706 441
1790739849422 257
1790739849963 255
1790739850503 259
1790739851026 260
1790739851530 259
1790739852034 261
1790739852554 430
1790739853273 266
1790739854104 253
1790739854622 254
1790739857135 430
1790739857852 260
1790739858393 261
1790739858923 259
1790739859452 255
1790739864282 439
1790739864884 257
1790739865298 249
1790739865713 255
1790739866134 262
1790739866559 258
1790739866972 254
1790739867623 253
1790739868032 427
1790739868607 255
1790739869014 263
1790739869428 259
1790739869836 263
1790739870255 252
1790739870659 263
1790739871072 253
1790739871478 257
1790739871889 444
1790739872482 263
1790739872897 265
1790739873317 260
1790739873608 257
1790739874014 265
1790739874687 442
1790739875282 261
1790739875689 255
1790739876100 261
1790739876514 252
1790739876919 261
1790739877212 439
1790739877808 254
1790739878217 264
1790739878630 254
1790739879038 266
1790739879458 262
1790739880119 439
1790739880712 268
1790739881137 264
1790739881561 268
1790739881985 258
1790739882397 261
1790739882805 443
1790739883394 261
1790739883809 264
1790739884232 267
1790739884652 260
1790739885066 267
1790739885744 444
1790739886345 263
1790739886759 264
1790739887180 255
1790739887589 267
1790739888013 269
1790739888435 447
1790739888914 256
1790739889325 264
1790739889745 270
1790739890169 262
1790739890583 269
1790739891260 443
1790739891856 256
1790739892265 253
1790739892665 262
1790739893081 267
1790739893381 265
1790739893679 264
1790739894099 439
1790739894690 259
1790739895422 264
1790739895835 254
1790739896237 263
1790739896653 266
1790739897068 262
1790739897484 262
1790739897895 444
1790739898496 266
1790739898910 257
1790739899318 255
1790739899723 259
1790739900141 257
1790739900554 262
1790739900971 257
1790739901384 268
1790739901810 443
1790739902402 256
1790739902813 261
1790739903227 270
1790739903657 266
1790739904073 261
1790739904482 266
1790739904901 260
1790739905320 268
1790739905738 447
1790739906334 261
1790739906745 263
1790739907169 265
1790739907583 268
1790739908005 262
1790739908423 265
1790739908848 255
1790739909258 258
1790739909672 439
1790739910266 264
1790739910692 266
1790739911116 268
1790739911539 261
1790739911952 268
1790739912375 259
1790739912786 267
1790739913207 260
1790739913616 453
1790739914219 263
1790739914637 259
1790739915047 267
1790739915470 262
1790739915883 263
1790739916299 254
1790739916708 270
1790739917132 264
1790739917549 449
1790739918151 260
1790739918567 255
1790739918973 260
1790739919388 267
1790739920067 265
1790739920501 264
1790739920918 263
1790739921344 657
1790739922321 264
1790739922741 260
1790739923154 263
1790739923568 265
1790739923989 264
1790739924405 255
1790739924814 266
1790739925234 267
1790739925651 269
1790739926076 258
1790739926485 256
1790739926894 269
1790739927317 269
1790739927744 264
1790739928159 257
1790739928574 267
1790739928993 263
1790739929556 452
1790739930165 266
1790739930582 267
1790739931005 264
1790739931422 268
1790739931842 265
1790739932257 261
1790739932670 265
1790739933089 262
1790739933506 448
1790739934107 268
1790739934531 267
1790739934955 267
1790739935378 267
1790739935803 261
1790739936217 270
1790739936693 257
1790739937102 262
1790739937520 450
1790739938123 271
1790739938549 262
1790739938963 267
1790739939383 265
1790739939805 265
1790739940225 324
1790739940705 265
1790739941126 263
1790739941693 446
1790739942290 272
1790739942710 262
1790739943127 269
1790739943551 270
1790739943975 271
1790739944398 264
1790739944818 261
1790739945234 267
1790739945659 446
1790739946263 267
1790739946681 266
1790739947104 262
1790739947529 258
1790739947958 267
1790739948394 267
1790739948827 258
1790739949244 260
1790739949656 457
1790739950267 268
1790739950686 267
1790739951124 266
1790739951888 257
1790739952536 254
1790739952983 267
1790739953832 449
1790739954459 263
1790739954951 263
1790739956442 264
1790739957111 254
1790739957988 448
1790739958881 266
1790739959178 269
1790739959607 257
1790739960043 262
1790739960519 454
1790739961212 264
1790739961694 270
1790739962172 266
1790739962663 265
1790739963111 261
1790739963536 264
1790739963831 265
1790739964617 448
1790739965267 266
1790739965741 253
1790739966188 267
1790739966685 459
1790739967337 260
1790739967794 267
1790739968092 261
1790739968385 271
1790739968853 456
1790739968853 73404 census
1790740043295 467
1790740043959 281
1790740044435 288
1790740044912 281
1790740045511 497
1790740046038 295
1790740046548 289
1790740047083 500
1790740047801 300
1790740048347 298
1790740049298 484
1790740049298 74699 census
1790740124722 789
1790740126212 500
1790740126892 505
1790740127590 301
1790740128415 290
1790740138881 509
1790740144777 500
1790740145476 295
1790740154211 506
1790740158564 501
1790740163489 501
1790740164188 298
1790740181216 497
1790740181909 300
1790740190188 500
1790740198882 500
1790740199741 297
1790740200226 302
1790740216480 507
1790740217183 298
1790740217857 291
1790740218344 290
1790740234366 504
1790740235256 300
1790740235916 307
1790740236418 291
1790740268853 510
1790740269926 299
1790740334453 511
1790740336110 299
1790740336440 302
1790740336773 297
1790740337101 299
1790740337101 82204 census
1790740427536 588
1790740428357 365
1790740428955 363
1790740429571 365
1790740430169 367
1790740430766 360
1790740431357 365
1790740431952 360
1790740432543 592
1790740433361 365
1790740433956 364
1790740434550 362
1790740435147 367
1790740435749 362
1790740480779 605
1790740481616 375
1790740482832 377
1790740483447 380
1790740484065 388
1790740484691 389
1790740485321 388
1790740485953 622
1790740486817 390
1790740487450 394
1790740488088 389
1790740488718 390
1790740489354 452
1790740490050 397
1790740491879 634
1790740492755 398
1790740493397 390
1790740494033 394
1790740494670 394
1790740495309 389
1790740495940 402
1790740496583 391
1790740497219 637
1790740503189 638
1790740504082 391
1790740504724 396
1790740505862 397
1790740506511 400
1790740507161 394
1790740507812 395
1790740508462 636
1790740511090 391
1790740516359 647
1790740518959 397
1790740525677 643
1790740526798 402
1790740527439 391
1790740528535 397
1790740533895 639
1790740535185 394
1790740538372 399
1790740539413 647
1790740542199 403
1790740542838 393
1790740543476 645
1790740544366 405
1790740545029 405
1790740547109 396
1790740550619 653
1790740761830 656
1790740763160 420
1790740764243 419
1790740764243 89489 census
1790740862504 666
1790740863427 427
1790740864107 416
1790740864780 409
1790740865445 415
1790740866113 403
1790740866772 414
1790740867447 406
1790740868114 671
1790740869060 408
1790741167085 670
1790741168408 419
1790741168859 419
1790741169509 420
1790741170182 422
1790741170853 673
1790741171771 417
1790741172430 414
1790741173085 409
1790741173745 424
1790741174416 416
1790741175078 419
1790741175740 417
1790741176393 686
1790741177311 423
1790741177973 421
1790741178634 417
1790741179287 418
1790741180369 427
1790741181035 433
1790741181706 680
1790741182631 426
1790741183295 424
1790741183965 431
1790741184651 433
1790741185329 429
1790741186006 421
1790741186459 421
1790741187122 685
1790741188053 425
1790741188719 429
1790741188719 57625 census
1790751075648 1030
1790751077265 668
1790751081567 664
1790751082684 1021
1790751084619 662
1790751085766 660
1790751086914 665
1790751088157 659
1790751089375 666
1790751091849 1008
1790751093747 662
1790751097232 666
1790751098368 667
1790751099624 1030
1790751102128 677
1790751104159 673
1790751105738 673
1790751108286 1027
1790751109717 670
1790751110874 675
1790751112006 671
1790751116553 1027
1790751119905 676
1790751121537 675
1790751122787 659
1790751127619 1016
1790751129551 664
1790751130710 670
1790751132317 674
1790751133560 674
1790751135657 1022
1790751138001 664
1790751140014 672
1790751141609 662
1790751143222 1025
1790751144746 664
1790751149213 665
1790751151734 1017
1790751154193 675
1790751156379 666
1790751159293 1039
1790751161711 663
1790751163801 681
1790751165021 660
1790751169420 1021
1790751170895 665
1790751173915 674
1790751175134 661
1790751178174 1043
1790751181493 679
1790751184071 661
1790751185298 1026
1790751190065 671
1790751194657 1027
1790751199798 687
1790751201897 1017
1790751203387 654
1790751204609 670
1790751208526 675
1790751212488 1026
1790751216895 675
1790751218027 661
1790751219139 662
1790751220740 1017
1790751222679 669
1790751223717 688
1790751224799 679
1790751225865 685
1790751227646 1239
1790751229259 690
1790751230327 690
1790751231388 697
1790751232464 680
1790751233525 687
1790751234602 688
1790751235707 709
1790751237013 684
1790751239103 1040
1790751245452 678
1790751247610 1047
1790751250997 687
1790751254547 686
1790751255831 1042
1790751257379 679
1790751264272 1048
1790751266835 673
1790751269838 680
1790751273885 1050
1790751275501 685
1790751279018 685
1790751280659 685
1790751283675 1038
1790751285251 692
1790751288812 662
1790751289967 686
1790751293477 1039
1790751295021 684
1790751296276 668
1790751301224 1042
1790751304668 687
1790751312096 1042
1790751313688 689
1790751318249 686
1790751321724 1035
1790751323323 686
1790751326398 676
1790751329897 1039
1790751332375 684
1790751335546 686
1790751340016 1115
1790751341590 701
1790751345278 686
1790751350213 1046
1790751351777 681
1790751354930 682
1790751356105 681
1790751359105 1051
1790751360617 667
1790751362229 675
1790751363457 683
1790751366570 1046
1790751372444 681
1790751379336 1040
1790751383381 690
1790751385005 681
1790751389027 1041
1790751392076 689
1790751397483 1034
1790751399513 693
1790751401694 681
1790751404896 1041
1790751407339 683
1790751408495 684
1790751411193 684
1790751412350 1050
1790751415742 665
1790751418269 681
1790751420461 1044
1790751428755 1039
1790751430293 672
1790751431933 682
1790751436828 1040
1790751438378 680
1790751441031 683
1790751445952 1045
1790751447492 686
1790751450150 677
1790751453164 1031
1790751457530 679
1790751459206 682
1790751462254 1045
1790751464676 676
1790751467289 691
1790751468492 683
1790751474933 1040
1790751476953 676
1790751478624 681
1790751483066 1046
1790751485037 677
1790751487204 683
1790751492188 1043
1790751494649 686
1790751495831 686
1790751496997 680
1790751501987 1048
1790751503505 670
1790751505112 671
1790751507275 677
1790751508939 690
1790751518710 1036
1790751522577 686
1790751524242 689
1790751525892 1053
1790751528839 674
1790751531847 678
1790751536903 1048
1790751542749 688
1790751550136 1043
1790751552171 684
1790751554752 682
1790751558263 1059
1790751562733 681
1790751563875 679
1790751565464 685
1790751566615 1032
1790751569060 703
1790751572220 687
1790751577183 1033
1790751579678 693
1790751586630 1037
1790751589129 682
1790751590296 685
1790751595731 1047
1790751597736 671
1790751598903 682
1790751600089 682
1790751606050 1046
1790751610983 682
1790751614020 1057
1790751617028 675
1790751618193 691
1790751619364 685
1790751624316 1046
1790751626835 672
1790751628485 683
1790751641150 1047
1790751643129 698
1790751644226 697
1790751645310 688
1790751646388 701
1790751647473 702
1790751648585 1054
1790751650083 698
1790751651185 700
1790751652346 701
1790751659819 1047
1790751662833 695
1790751665388 692
1790751669026 1046
1790751670623 693
1790751673213 692
1790751676293 1055
1790751679760 684
1790751687749 1034
1790751695044 1047
1790751703379 1046
1790751704933 688
1790751708986 681
1790751710149 681
1790751711336 1049
1790751712859 694
1790751715467 692
1790751720550 1059
1790751722090 680
1790751723235 688
1790751725861 687
1790751733857 1048
1790751740670 689
1790751742327 1048
1790751743912 678
1790751747935 685
1790751757316 1046
1790751760818 682
1790751763359 691
1790751765021 1060
1790751770476 696
1790751773553 1050
1790751781909 1043
1790751784848 703
1790751793833 1055
1790751797342 688
1790751798983 681
1790751804047 1039
1790751810784 676
1790751816814 1048
1790751821269 683
1790751826711 1050
1790751828239 700
1790751836240 1052
1790751840235 678
1790751841394 684
1790751844941 1045
1790751847488 694
1790751857448 1060
1790751862369 689
1790751869834 1051
1790751879178 1052
1790751880760 691
1790751887691 1058
1790751890697 695
1790751895237 1059
1790751897783 682
1790751900871 685
1790751905895 1059
1790751912285 690
1790751917871 1051
1790751935427 1051
1790751937939 696
1790751943972 1054
1790751946982 689
1790751951054 688
1790751954592 1051
1790751956124 677
1790751963553 1047
1790751965095 684
1790751968176 685
1790751969360 684
1790751972400 1049
1790751980181 1038
1790751996277 1040
1790751998284 688
1790752000891 707
1790752001987 705
1790752003090 704
1790752004958 1057
1790752006426 709
1790752007547 706
1790752008639 697
1790752011298 696
1790752012477 1047
1790752014500 676
1790752018549 687
1790752026555 1054
1790752045175 1051
1790752048643 687
1790752056159 1059
1790752061100 690
1790752070527 1044
1790752076902 689
1790752078563 1045
1790752080088 688
1790752090961 1056
1790752095911 693
1790752101450 1049
1790752102981 691
1790752105613 709
1790752106715 701
1790752107819 710
1790752108924 1070
1790752110425 710
1790752111537 702
1790752112638 698
1790752113760 706
1790752120303 1055
1790752123773 698
1790752137199 1052
1790752147035 1056
1790752154437 1066
1790752157947 709
1790752161573 690
1790752174492 1065
1790752184889 1068
1790752195729 1051
1790752197715 684
1790752199379 695
1790752201997 695
1790752211992 1063
1790752215011 694
1790752218637 697
1790752232580 1046
1790752234105 692
1790752251915 1064
1790752253479 696
1790752258548 694
1790752278256 1063
1790752279720 703
1790752280823 723
1790752281955 710
1790752283071 705
1790752284195 714
1790752285307 710
1790752286435 1065
1790752301637 1073
1790752304634 708
1790752306308 707
1790752310337 1052
1790752311788 716
1790752312896 714
1790752314010 716
1790752315203 710
1790752316368 717
1790752317586 700
1790752320186 1075
1790752322227 705
1790752366388 1073
1790752369894 690
1790752372557 689
1790752376649 1074
1790752383116 683
1790752405444 1061
1790752413872 1075
1790752418448 699
1790752427487 1073
1790752438900 1073
1790752448400 1072
1790752454367 711
1790752455479 699
1790752455479 82169 census
1790752538840 1223
1790752546904 698
1790752559371 1057
1790752562366 702
1790752563464 715
1790752564590 716
1790752565712 715
1790752572316 1062
1790752578822 697
1790752583885 1079
1790752591852 1074
1790752606770 1078
1790752610845 692
1790752614452 1070
1790752616907 709
1790752618157 692
1790752628688 1071
1790752650457 1069
1790752661737 1063
1790752663215 719
1790752665304 711
1790752668043 698
1790752674126 1071
1790752695379 1065
1790752708787 1069
1790752731621 1061
1790752735653 698
1790752742692 1065
1790752757644 1096
1790752773568 1062
1790752775158 687
1790752783756 1064
1790752797451 1080
1790752798920 713
1790752800025 724
1790752801150 716
1790752802263 724
1790752803393 723
1790752804517 730
1790752805668 1083
1790752807286 713
1790752809354 726
1790752816246 1074
1790752915896 1090
1790759730469 1288
1790759732223 866
1790759733562 868
1790759734901 870
1790759736244 868
1790759737583 853
1790759738910 860
1790759740249 1278
1790759742006 863
1790759743338 868
1790759744665 864
1790759746008 865
