1790738452027 62456 43
1790738452126 95496 17
1790738452200 177512 19
1790738452275 259516 18
1790738452348 284524 17
1790738452419 303028 17
1790738452549 318092 18
1790738452622 322500 17
1790738452688 326108 17
1790738452760 330780 18
1790738452870 335852 18
1790738452941 340356 17
1790738453006 350236 17
1790738453124 355924 18
1790738453243 369180 17
1790738453364 375276 19
1790738453491 388636 17
1790738453567 485928 19
1790738453652 854592 20
1790738453738 1128332 21
1790738453831 1413404 21
1790738453916 1511756 20
1790738453998 1553284 21
1790738454087 1616580 23
1790738454186 1660952 22
1790738454281 1703940 22
1790738454376 1768908 25
1790738454487 1857796 25
1790738454598 1906924 26
1790738454710 1984880 26
1790738454832 2068956 26
1790738454957 2130912 27
1790738455082 2242968 28
1790738455212 2436992 29
1790738455346 2626608 29
1790738455483 2711828 30
1790738455637 2866648 31
1790738455795 2944740 31
1790738455961 3088216 33
1790738456131 3168772 34
1790738456309 3299020 36
1790738456488 3398552 35
1790738456678 3508176 36
1790738456858 3547620 36
1790738457307 3600236 36
1790738459088 3684188 37
1790738459266 4090728 38
1790738459444 4395048 38
1790738459621 4676684 40
1790738459803 5233020 40
1790738459985 5451752 41
1790738460174 5662172 40
1790738460375 5727304 41
1790738460644 5810404 43
1790738460864 5899016 43
1790738461026 5958244 43
1790738461249 6080232 45
1790738461479 6176996 45
1790738461652 6246768 46
1790738461893 6365384 47
1790738462275 6532308 48
1790738462534 6663256 50
1790738462797 6801836 50
1790738463071 6974808 52
1790738463353 7141744 54
1790738463650 7326376 56
1790738463950 7530068 56
1790738464262 7723184 57
1790738464581 7999716 58
1790738464871 8281840 61
1790738465206 8531564 62
1790738465543 8754304 63
1790738465890 9015240 65
1790738466252 9206228 66
1790738466625 9432008 68
1790738467008 9716592 70
1790738467408 9921540 71
1790738467820 10171908 73
1790738468250 10451364 76
1790738468695 10702408 79
1790738469087 10896044 79
1790738469405 11013888 79
1790738469804 11289324 81
1790738470212 11560624 82
1790738470625 11852252 85
1790738471120 12165624 292
1790738471829 12486780 88
1790738472352 12812692 91
1790738472887 13132672 93
1790738473438 13481124 96
1790738474013 13844388 98
1790738474511 14138476 100
1790738475114 14544776 101
1790738475633 14912428 104
1790738476163 15193296 107
1790738477029 15753172 111
1790738477694 16148352 112
1790738478378 16583732 117
1790738479087 17085416 119
1790738479802 17479760 121
1790738480545 17812412 123
1790738482417 18006724 123
1790738485213 18191964 124
1790738488030 18269684 124
1790738490607 18435152 123
1790738493443 18575536 125
1790738496115 18707480 126
1790738498942 18845656 125
1790738501743 18871348 125
1790738504553 18871436 126
1790738507357 18926752 126
1790738510216 18959584 125
1790738513045 18985116 125
1790738515732 19033164 127
1790738518488 19043808 125
1790738521329 19047140 125
1790738524152 19107488 126
1790738526999 19310776 124
1790738529699 19500712 126
1790738532525 19701432 126
1790738535102 19859868 128
1790738537961 20053272 126
1790738540653 20270372 128
1790738543668 20356412 128
1790738546840 20356440 127
1790738549667 20356568 127
1790738552530 20356732 126
1790738555377 20356824 128
1790738558243 20356924 126
1790738561108 20357008 128
1790738563967 20357088 129
1790738566815 20357172 127
1790738569663 20490728 128
1790738572504 20628148 127
1790738575209 20771736 130
1790738578077 20927612 127
1790738581164 21085556 129
1790738584041 21225916 128
1790738586889 21365784 126
1790738589761 21369004 128
1790738592597 21369084 127
1790738595453 21369164 129
1790738598308 21369244 129
1790738601149 21369328 128
1790738604005 21369412 128
1790738606870 21369496 126
1790738609744 21369580 128
1790738612600 21369660 128
1790738615422 21369732 128
1790738618277 21369804 127
1790738621102 21369856 128
1790738623946 21425864 130
1790738626659 21653200 128
1790738629124 21888724 130
1790738631836 22119128 130
1790738634702 22383372 132
1790738637010 22614928 130
1790738639854 22660952 129
1790738642716 22715932 128
1790738645819 22926804 131
1790738648661 23027696 128
1790738651509 23115852 131
1790738653202 23378464 132
1790738654816 23778412 131
1790738657234 24191016 132
1790738657778 24443256 349
1790738658774 24742796 132
1790738659845 25382864 135
1790738661026 25809020 133
1790738662364 26157676 131
1790738663541 26457108 133
1790738665688 26747404 133
1790738666881 27109076 134
1790738667423 27402268 135
1790738668093 27699620 135
1790738668933 28224336 132
1790738669712 28515504 134
1790738670650 28803712 137
1790738671888 29301740 134
1790738673892 29644120 138
1790738676079 30007060 136
1790738677035 30316644 139
1790738678245 30878512 137
1790738679447 31437208 139
1790738680778 31874960 138
1790738682386 32201052 139
1790738683771 32541224 135
1790738686586 32922736 139
1790738687532 33293752 139
1790738688726 33802196 140
1790738689560 34184284 139
1790738690644 34596600 140
1790738692167 35148612 141
1790738693541 35617868 349
1790738698244 36105892 140
1790738700240 36552816 356
1790738707701 36850228 142
1790738710254 37392496 146
1790738713231 37485620 144
1790738716597 37485644 141
1790738719912 37514320 141
1790738726438 37550204 144
1790738732918 37574828 141
1790738735614 37952064 145
1790738740329 38001324 145
1790738742128 38468744 145
1790738748371 38519968 143
1790738756822 38612244 142
1790738763091 38702448 145
1790738765439 39130948 149
1790738769498 39292892 146
1790738772808 39415928 145
1790738774151 39846464 147
1790738778933 40153980 145
1790738782205 40262640 144
1790738784138 40691176 147
1790738789190 41015060 148
1790738792190 41254936 147
1790738794100 41742916 148
1790738797577 41874084 145
1790738800512 41982772 152
1790738802803 42501484 147
1790738807298 42735172 147
1790738810269 42954564 150
1790738817152 43151384 149
1790738820149 43323584 150
1790738825149 43335896 146
1790738832105 43342044 148
1790738837818 43348192 145
1790738844182 43366640 145
1790738851140 43378956 148
1790738853067 43825880 151
1790738858915 43879260 148
1790738860197 44395908 147
1790738864469 44658356 148
1790738867484 44660412 150
1790738869723 45181344 157
1790738876766 45347508 149
1790738883330 45574960 147
1790738888878 45615936 151
1790738892238 45634384 152
1790738896539 45634396 150
1790738899907 45671288 151
1790738903802 45675392 149
1790738910181 45722552 151
1790738913362 45782004 149
1790738916885 45792324 150
1790738920899 46237168 151
1790738923940 46276108 148
1790738927127 46604228 150
1790738929592 47077836 153
1790738933402 47135256 150
1790738936873 47381404 157
1790738940867 47553584 150
1790738944827 47635572 151
1790738948210 47783184 151
1790738952638 47834444 155
1790738958899 47854944 152
1790738962271 47910296 152
1790738966566 47910300 149
1790738973426 47918504 152
1790738980719 47926696 149
1790738984089 48012808 153
1790738987536 48199432 153
1790738990820 48400336 154
1790738994547 48488480 153
1790738997678 48953904 154
1790739001077 49238948 155
1790739004609 49329160 153
1790739007791 49651152 156
1790739011592 49833612 152
1790739015470 49833680 357
1790739023017 50128840 155
1790739029730 50157540 155
1790739033260 50200612 155
1790739037395 50227248 152
1790739040933 50243652 153
1790739044150 50262108 153
1790739048516 50270304 152
1790739054162 50280556 152
1790739062277 50286728 153
1790739065653 50596292 156
1790739070238 50684468 153
1790739073489 50844372 155
1790739076865 51102692 156
1790739080722 51266704 155
1790739084045 51402068 157
1790739087220 51875764 156
1790739091201 52125936 154
1790739094771 52244920 157
1790739098026 52562820 155
1790739101391 52769828 157
1790739104981 53405832 162
1790739111918 53939672 156
1790739117447 53939676 157
1790739123063 53984732 157
1790739128890 53984744 156
1790739134969 53984760 159
1790739140723 54122516 157
1790739146531 54503444 155
1790739152330 54677524 161
1790739158386 54810644 155
1790739163945 54863892 156
1790739169748 55037972 158
1790739186278 55037976 159
1790739191983 55037980 155
1790739198151 55068784 159
1790739201789 55236856 157
1790739204951 55474776 160
1790739207394 56077428 158
1790739211754 56097944 159
1790739215055 56611320 159
1790739221751 56771608 158
1790739228472 56970444 161
1790739235440 57072956 158
1790739242418 57154968 157
1790739249114 57251336 159
1790739256727 57275948 161
1790739263559 57302600 159
1790739271126 57341548 162
1790739274787 57601944 161
1790739279362 57601972 160
1790739283368 58077588 160
1790739287920 58077604 159
1790739291534 58709120 162
1790739295649 58873160 160
1790739299146 59171616 162
1790739302479 59454084 161
1790739306354 59454128 158
1790739309569 59632460 160
1790739315495 59689880 159
1790739319874 59773920 160
1790739324051 59790344 159
1790739327546 59886692 162
1790739332949 59948180 162
1790739336560 60003532 163
1790739342559 60005592 160
1790739346006 60062992 166
1790739349363 60062996 162
1790739353369 60093752 162
1790739358492 60110152 166
1790739365467 60112212 168
1790739369165 60251640 161
1790739373928 60311108 162
1790739377371 60696528 165
1790739383419 60786748 161
1790739387047 61278808 163
1790739390360 61535112 163
1790739394320 61557688 161
1790739397535 62210560 165
1790739404695 62388172 165
1790739408733 62603412 164
1790739413233 62632124 164
1790739416970 62740772 162
1790739420675 62777676 163
1790739424238 62865836 164
1790739429440 62931444 166
1790739432973 62994996 164
1790739438117 63021648 164
1790739441711 63058564 165
1790739446197 63099556 163
1790739449748 63118028 166
1790739456285 63134420 164
1790739461623 63146716 164
1790739465184 63478788 165
1790739472326 63931164 167
1790739493992 63986636 169
1790739500288 64222800 171
1790739506252 64280144 166
1790739512558 64478800 165
1790739519599 64837200 168
1790739526601 65515088 166
1790739530016 65656400 166
1790739534163 65978040 170
1790739538103 65994508 167
1790739541462 66039036 167
1790739545142 66331352 168
1790739548970 66443176 168
1790739552507 66447348 166
1790739555886 67093516 170
1790739559707 67257076 168
1790739563604 67315044 169
1790739567335 67777740 171
1790739570899 68074636 171
1790739574395 68182340 168
1790739577786 68186488 168
1790739580921 68869664 170
1790739584531 68962864 168
1790739588497 68999900 166
1790739592192 69110620 168
1790739598001 69114736 170
1790739602812 69286932 169
1790739606601 69385348 170
1790739613049 69522728 170
1790739620185 69676468 174
1790739626754 69721576 171
1790739634254 69721584 168
1790739638076 69727736 170
1790739641834 69742084 169
1790739645796 69772852 171
1790739650205 69828196 167
1790739655162 69832296 170
1790739660332 69842552 170
1790739663800 69881520 169
1790739669661 69955328 171
1790739673398 70221880 170
1790739679162 70400256 171
1790739682611 70697516 172
1790739688872 70875912 172
1790739692518 71273660 174
1790739696087 71562692 170
1790739700033 71673428 170
1790739703759 72259940 172
1790739709046 72431100 170
1790739712879 72527456 174
1790739718950 72603312 171
1790739722399 72787832 173
1790739726172 72853436 174
1790739729847 72853464 178
1790739733892 73017460 172
1790739738855 73072828 171
1790739753114 73169172 173
1790739758377 73185572 173
1790739763095 73232728 174
1790739766739 73277840 177
1790739772213 73359840 172
1790739775822 73376240 174
1790739779857 73411092 171
1790739792238 73441848 171
1790739796937 73441856 172
1790739800707 73640736 171
1790739804285 73730932 174
1790739807966 73909296 172
1790739811450 74116380 176
1790739815040 74206572 175
1790739818851 74403400 173
1790739822346 74780636 174
1790739825902 74889296 174
1790739829505 74963100 173
1790739835550 75118912 175
1790739839533 75143536 174
1790739845052 75301388 173
1790739848706 75383392 177
1790739852554 75514600 175
1790739857135 75526920 174
1790739864282 75578176 178
1790739868032 75611304 175
1790739871889 76493436 180
1790739874687 77304520 181
1790739877212 78096148 180
1790739880119 78983712 181
1790739882805 79826104 181
1790739885744 80653880 179
1790739888435 81485468 181
1790739891260 82373812 185
1790739894099 83321804 181
1790739897895 83343916 183
1790739901810 83373088 183
1790739905738 83389964 185
1790739909672 83398688 181
1790739913616 83488880 183
1790739917549 83623268 185
1790739921344 84022812 396
1790739929556 84197256 181
1790739933506 84379772 183
1790739937520 84636908 185
1790739941693 84932848 182
1790739945659 85101932 186
1790739949656 85563576 186
1790739953832 86301972 182
1790739957988 86304120 183
1790739960519 87237624 184
1790739964617 88116404 185
1790739966685 89085108 185
1790739968853 90198144 187
1790740043295 91469140 194
1790740045511 92439524 203
1790740047083 93590624 203
1790740049298 94942304 198
1790740124722 96182636 298
1790740126892 97762516 206
1790740138881 98142168 209
1790740144777 98285692 207
1790740154211 98445604 206
1790740158564 98445608 204
1790740163489 98580948 207
1790740181216 98744952 206
1790740190188 98761340 205
1790740198882 98790040 207
1790740216480 98935624 208
1790740234366 99105788 208
1790740268853 99234956 210
1790740334453 99234980 208
1790740427536 99821804 228
1790740432543 99969180 228
1790740480779 100087376 238
1790740485953 100944992 242
1790740491879 101718888 239
1790740497219 102157920 241
1790740503189 102158144 242
1790740508462 102186488 241
1790740516359 102186496 242
1790740525677 102186504 239
1790740533895 102186524 241
1790740539413 102186536 246
1790740543476 104107956 246
1790740550619 104144516 244
1790740761830 104227608 250
1790740862504 105062728 248
1790740868114 105202880 249
1790741167085 107118228 253
1790741170853 108226180 257
1790741176393 108936680 261
1790741181706 109566696 255
1790741187122 109911816 256
1790751075648 110834016 348
1790751082684 110850352 346
1790751091849 110850396 346
1790751099624 110850420 352
1790751108286 111102856 348
1790751116553 111233132 346
1790751127619 111233156 349
1790751135657 111233192 344
1790751143222 111233212 347
1790751151734 111233232 349
1790751159293 111233248 345
1790751169420 111233276 346
1790751178174 111233304 345
1790751185298 111233332 346
1790751194657 111233340 350
1790751201897 111233356 347
1790751212488 111233392 345
1790751220740 111233412 342
1790751227646 111896588 552
1790751239103 112977700 351
1790751247610 112977712 351
1790751255831 112977728 350
1790751264272 112977748 351
1790751273885 112977760 354
1790751283675 112977784 347
1790751293477 112977808 353
1790751301224 112977824 352
1790751312096 112977832 351
1790751321724 112977856 352
1790751329897 112977872 350
1790751340016 112977896 410
1790751350213 112977908 354
1790751359105 112977932 353
1790751366570 112977948 351
1790751379336 112977964 353
1790751389027 112977984 353
1790751397483 112977992 350
1790751404896 112978008 353
1790751412350 112978024 355
1790751420461 112978036 354
1790751428755 112978040 352
1790751436828 112978052 351
1790751445952 112978068 353
1790751453164 112978080 350
1790751462254 112978096 355
1790751474933 112978112 353
1790751483066 112978124 351
1790751492188 112978136 349
1790751501987 112978152 353
1790751518710 112978176 352
1790751525892 112978192 358
1790751536903 112978204 351
1790751550136 112978212 351
1790751558263 112978224 367
1790751566615 112978240 350
1790751577183 112978252 351
1790751586630 112978260 350
1790751595731 112978272 353
1790751606050 112978288 348
1790751614020 112978300 353
1790751624316 112978316 348
1790751641150 112978332 353
1790751648585 113613936 356
1790751659819 113641012 355
1790751669026 113641028 355
1790751676293 113641040 356
1790751687749 113641052 352
1790751695044 113641056 353
1790751703379 113641060 353
1790751711336 113641076 355
1790751720550 113641088 356
1790751733857 113641104 350
1790751742327 113641112 353
1790751757316 113641124 355
1790751765021 113641136 355
1790751773553 113641144 356
1790751781909 113641148 355
1790751793833 113641160 355
1790751804047 113641176 352
1790751816814 113641184 353
1790751826711 113641192 355
1790751836240 113641200 355
1790751844941 113641216 353
1790751857448 113641224 358
1790751869834 113641232 357
1790751879178 113641236 353
1790751887691 113641244 357
1790751895237 113641252 355
1790751905895 113641264 355
1790751917871 113641272 354
1790751935427 113641276 356
1790751943972 113641284 355
1790751954592 113641296 356
1790751963553 113641304 354
1790751972400 113641324 356
1790751980181 113641328 356
1790751996277 113641332 355
1790752004958 114126784 358
1790752012477 114142172 356
1790752026555 114142184 356
1790752045175 114142188 355
1790752056159 114142196 358
1790752070527 114142204 353
1790752078563 114142212 355
1790752090961 114142220 352
1790752101450 114142228 358
1790752108924 114512956 361
1790752120303 114619364 359
1790752137199 114619372 357
1790752147035 114619376 357
1790752154437 114619380 357
1790752174492 114619396 355
1790752184889 114622016 360
1790752195729 114622020 357
1790752211992 114622036 359
1790752232580 114622048 354
1790752251915 114622060 356
1790752278256 114688816 360
1790752286435 115039284 362
1790752301637 115039292 356
1790752310337 115130476 362
1790752320186 115607668 362
1790752366388 115607676 363
1790752376649 115607688 360
1790752405444 115607696 359
1790752413872 115607700 362
1790752427487 115607708 358
1790752438900 115607712 359
1790752448400 115607716 359
1790752538840 115845544 472
1790752559371 115845552 360
1790752572316 116078824 363
1790752583885 116078836 364
1790752591852 116078840 363
1790752606770 116078844 361
1790752614452 116078852 357
1790752628688 116108016 360
1790752650457 116108020 361
1790752661737 116122404 363
1790752674126 116311000 359
1790752695379 116311004 361
1790752708787 116311008 362
1790752731621 116311012 360
1790752742692 116311020 361
1790752757644 116311024 368
1790752773568 116311028 357
1790752783756 116311036 361
1790752797451 116397972 364
1790752805668 117267112 366
1790752816246 117285964 366
1790752915896 117285968 368
1790759730469 117533820 423
1790759740249 118280064 416
