1790716852071 268096 19
1790716852165 270856 21
1790716852508 279168 21
1790716853547 308672 23
1790716854357 309036 25
1790716854455 350872 24
1790716854572 436592 25
1790716854697 492788 25
1790716854820 536984 28
1790716854950 582964 25
1790716855199 623488 25
1790716855326 644284 24
1790716855453 658860 26
1790716855834 715980 27
1790716855971 733588 28
1790716856104 747016 28
1790716856235 762912 29
1790716856517 841660 29
1790716858612 1021212 29
1790716859575 1078156 29
1790716859879 1135476 30
1790716863924 1258588 31
1790716864036 1459292 29
1790716864143 1629276 33
1790716864373 1681936 28
1790716864495 1851920 30
1790716864604 1978896 29
1790716866284 2088016 27
1790716866389 2208848 31
1790716866498 2331728 28
1790716866622 2389660 28
1790716866746 2449292 30
1790716871100 2482916 35
