# timestamp_ms rss_kb
1790704780376 228308
1790704812829 248520
1790704812866 295436
1790704812905 357756
1790704812943 393552
1790704813008 428820
1790704813048 508720
1790704813114 529904
1790704813268 709912
1790704813313 765208
1790704813358 820504
1790704813405 874612
1790704813450 1058072
1790704813531 1163928
1790704813574 1241208
1790704813630 1619816
1790704813699 1656624
1790704813744 1795896
1790704813787 1924600
1790704813832 2102456
1790704813876 2153668
1790704813944 2235896
1790704813989 2316212
1790704814058 2362668
1790704814235 2464636
1790704814359 2514228
1790704814511 2602172
1790704814637 2665788
1790704814734 2731324
1790704814940 2790068
1790704815199 2861756
1790704815294 2951868
1790704815500 3011268
1790704815568 3072572
1790704815690 3170364
