# timestamp_ms rss_kb
1785357978722 35752
1785357978855 39532
1785357979517 47352
1785357979615 56292
1785357979713 61464
1785357979820 65200
1785357980231 75624
1785357980337 89656
1785357980440 95032
1785357980547 97672
1785357980653 106060
1785357980757 114032
1785357980862 119264
1785357980964 124424
1785357981066 129684
1785357981166 134900
1785357981270 140316
1785357981371 143840
1785357981968 164912
1785357982070 190792
1785357982173 216424
1785357982281 242988
1785357982387 267672
1785357982497 283208
1785357982602 299436
1785357982704 315168
1785357982811 331180
1785357982925 346608
1785357983031 362648
1785357983139 378728
1785357983247 390400
1785357996017 408756
1785357996132 424756
1785357996245 440768
1785357996362 456992
1785357996475 473900
1785357996589 490228
1785357996706 505812
1785357996828 522548
1785358019167 533452
1785358041000 544664
1785358085240 558404
1785358107791 570464
1785358151787 586316
1785358196442 602864
1785358239428 622212
