# timestamp_ms rss_kb
1785805640337 12608
1785805641200 50612
1785805641256 69564
1785805641313 88356
1785805641368 128744
1785805641422 151520
1785805641479 190052
1785805641542 194660
1785805641660 202652
1785805641727 242500
1785805641798 279564
1785805641873 315172
1785805641950 342408
1785805642732 352044
1785805642814 362708
1785805644318 370052
1785805646026 378376
1785805646921 436108
1785805648126 446348
1785805648706 458636
1785805650265 468876
1785805650501 472972 (true peak, below trigger threshold; snapshot is in peaks/peak.smaps)
