1786339977082 226872 21
1786339979109 228440 20
1786339979189 233272 20
1786339979282 239556 21
1786339979377 242852 20
1786339980191 242940 20
1786339980644 243236 20
1786339981207 243240 20
1786339983642 243264 20
1786339986208 243268 23
1786339987296 243272 20
1786340009199 243276 21
1786340010202 243280 21
1786340025851 247444 21
1786340035206 247448 20
1786340036090 251788 20
1786340046351 253116 21
1786340048326 253120 21
1786340051321 253124 19
1786340056589 254856 20
1786340059297 257748 21
1786340059516 265228 21
1786340060041 271264 21
1786340060137 303640 21
1786340060351 315968 23
1786340060513 337020 22
1786340060614 369460 24
1786340060742 387032 26
1786340060867 397932 25
1786340060971 406924 23
1786340061074 415892 24
1786340061244 428056 23
1786340061414 472244 22
1786340061541 482484 24
1786340061646 492724 27
1786340061804 503348 23
1786340061972 514928 25
1786340062079 527928 23
1786340062354 558164 23
1786340062460 589908 24
1786340062564 603604 26
1786340062807 612464 26
1786340062901 622704 23
1786340063006 632948 24
1786340063097 643188 22
1786340063317 676448 28
1786340063427 702592 26
1786340063536 804668 26
1786340063643 1036092 26
1786340063750 1078652 25
1786340063860 1291636 26
1786340068098 1305056 28
1786340068194 1330108 26
1786340068736 1375260 28
1786340068942 1395732 26
1786340069202 1430560 27
1786340069501 1485076 27
1786340069849 1509160 28
1786340070222 1548076 27
1786340070335 1574848 27
1786340070738 1597440 28
1786340070839 1616892 25
1786340071048 1634308 27
1786340071393 1682172 28
1786340071632 1716648 28
1786340071745 1741264 28
1786340072376 1775960 30
1786340072632 1843568 28
1786340073188 1866852 30
1786340073289 1919028 29
1786340073515 1943308 30
1786340074075 1977724 28
1786340074193 2036544 28
1786340074576 2076472 28
1786340074677 2152236 32
1786340074794 2268992 31
1786340074915 2387436 30
1786340075032 2524024 30
1786340075151 2714488 30
1786340075870 2742164 35
1786340076052 2845204 33
1786340076247 2912788 32
1786340076373 2949656 32
1786340076480 3002912 33
1786340076606 3060260 32
1786340076801 3148344 32
1786340076927 3180080 31
1786340077032 3244596 32
1786340077155 3281464 35
1786340077369 3355200 33
1786340077499 3392068 35
1786340077608 3426884 33
1786340077735 3502668 35
1786340077865 3578472 37
1786340077992 3640920 35
1786340078100 3749536 34
1786340078858 3751712 36
1786340079610 3758312 41
1786340080495 3758612 38
1786340081302 3758764 41
1786340082246 3758804 39
1786340083567 3758836 38
1786340084413 3758848 39
1786340085294 3758864 36
1786340086283 3758924 40
1786340087842 3758932 38
1786340089113 3758948 39
1786340090120 3758952 36
1786340092327 3758964 42
1786340094003 3758972 40
1786340095547 3760292 37
1786340099590 3763180 40
1786340102724 3763268 38
1786340104076 3763780 38
1786340105341 3770888 38
1786340106217 3771076 36
1786340108592 3771336 38
1786340109213 3814396 39
1786340115864 3867792 40
1786340116715 3880112 39
1786340117218 3929276 44
1786340117795 3973184 40
1786340119401 3975292 45
1786340136560 3989900 46
1786340169141 3991668 42
1786340252843 4001324 43
