# timestamp_ms rss_kb
1786770248101 531336
1786770248209 611532
1786770248674 623796
1786770248865 640016
1786770249147 656048
1786770249581 674848
1786770249890 691432
1786770250261 705484
1786770250540 721640
1786770250876 738076
1786770251439 759448
1786770251644 780264
1786770252059 803068
1786770252440 821816
1786770252705 844912
1786770253205 866152
1786770253814 895996
1786770254290 914260
1786770254619 938432
1786770255122 966640
1786770255787 997344
1786770256994 1017836
1786770257116 1043948
1786770257242 1072364
1786770257370 1103596
1786770257604 1149840
1786770257754 1186704
1786770257911 1241700
1786770258066 1278864
1786770258219 1315728
1786770258377 1343376
1786770258545 1371028
1786770264318 1521452
1786770264600 1822252
1786770264746 2657276
1786770264887 2915684
1786770272799 2938308 (true peak, below trigger threshold; snapshot is in peaks/peak.smaps)
