# timestamp_ms rss_kb
1786955980729 262000
1786955980936 267368
1786955981247 273524
1786955981492 279060
1786955981848 285028
1786955982025 292396
1786955982439 305372
1786955983397 326016
1786955983526 424796
1786955983649 479616
1786955983768 517300
1786955983891 554976
1786955984013 585432
1786955984146 611380
1786955984273 629852
1786955984502 650256
1786955984737 671052
1786955984867 688552
1786955984994 704844
1786955985240 727236
1786955985495 752952
1786955985817 772064
1786955986222 789548
1786955987135 813784
1786955987802 835152
1786955988508 859660
1786955988655 915524
1786955988803 956856
1786955988950 993696
1786955989099 1034740
1786955989253 1077280
1786955989409 1103544
1786955989568 1137124
1786955990185 1182016
1786955993940 1369020
1786955994066 1622972
1786955994331 1775996
1786955994460 1952124
1786955996385 2006308
1786955996511 2048432
