# timestamp_ms rss_kb
1785446274451 254780
1785446275145 262632
1785446275913 268592
1785446276140 277112
1785446276576 283828
1785446276939 290112
1785446277206 302228
1785446277272 339324
1785446277350 404072
1785446277428 466244
1785446277502 488864
1785446277575 535208
1785446277653 553836
1785446277734 572244
1785446277817 590648
1785446277899 619188
1785446277979 634556
1785446278120 657348
1785446278202 678408
1785446278283 693404
1785446278365 708212
1785446278449 728736
1785446278534 743432
1785446278680 759088
1785446278767 777092
1785446278857 801040
1785446278945 834696
1785446279041 868160
1785446279209 906244
1785446279372 932144
1785446279466 958140
1785446279564 978528
1785446279735 1014844
1785446279908 1055384
1785446280012 1076728
1785446280264 1111320
1785446280701 1137060
1785446281080 1176152
1785446281567 1211904
1785446282122 1244164
1785446282459 1270436
1785446284959 1389028
1785446285041 1593828
1785446285126 1706468
1785446285209 1765272
1785446285307 1939352
1785446285404 2107288
1785446285775 2158484
1785446285871 2316180
1785446285965 2467732
1785446286122 2547876
1785446289673 2659228
1785446290018 2661212 (true peak, below trigger threshold; snapshot is in peaks/peak.smaps)
