1785389725281 41
1785389726272 38
1785389726346 50
1785389726432 38
1785389726507 38
1785389726580 39
1785389726655 39
1785389726731 36
1785389726803 39
1785389726879 39
1785389726956 40
1785389727035 58
1785389727131 43
1785389727214 41
1785389727291 41
1785389727374 40
1785389727451 43
1785389727536 46
1785389727701 28
1785389727786 25
1785389727868 42
1785389727970 26
1785389728029 49
1785389728127 49
1785389728224 55
1785389728338 57
1785389728449 67
1785389728586 72
1785389728727 73
1785389728882 73
1785389729028 87
1785389729206 89
1785389729422 59
1785389729661 78
1785389729819 49
1785389730096 60
1785389730293 87
1785389730731 47
1785389730956 83
1785389731091 68
1785389731214 63
1785389731331 68
1785389731451 56
1785389731559 75
1785389731684 46
1785389731779 51
1785389731922 54
1785389734680 91
1785389734865 87
1785389735051 103
1785389735255 100
1785389735467 107
1785389736835 87
1785389737136 86
1785389738170 90
1785389743385 120
1785389743565 124
1785389743865 82
1785389744179 125
1785389745198 126
1785389745609 116
1785389751859 141
1785389752065 127
1785389752320 130
1785389752584 153
1785389752857 87
1785389753176 128
1785389754087 116
1785389754446 141
1785389754652 93
1785389768250 102
1785389768454 103
1785389768713 56
1785389768941 100
1785389769828 99
1785389770163 99
1785389771216 101
1785389771721 63
1785389772286 99
1785389776827 99
1785389777722 96
1785389778108 94
1785389778990 96
1785389779260 57
1785389779727 65
1785389780302 102
1785389784992 103
1785389785938 98
1785389786267 101
1785389787275 101
1785389792525 102
1785389793401 54
1785389793684 102
1785389793848 54
1785389794608 97
1785389794822 57
1785389800217 101
1785389801047 58
1785389801385 100
1785389801547 56
1785389802434 97
1785389802853 56
1785389802974 326
1785389824532 91
