# timestamp_ms rss_kb
1790720302239 292096
1790720302264 341248
1790720302289 429312
1790720302313 474368
1790720302338 556288
1790720302363 634112
1790720302388 685312
1790720302414 775424
1790720302439 845056
1790720302464 908544
1790720302489 978176
1790720302514 1051904
1790720302539 1137920
1790720302563 1193216
1790720302587 1256704
1790720302612 1336576
1790720302636 1400064
1790720302660 1490176
1790720302686 1596672
1790720302711 1699072
1790720302735 1799424
1790720302760 1903872
1790720302785 2004224
1790720302808 2102528
1790720302970 2166016
1790720302995 2268416
1790720303019 2354432
1790720303043 2438400
1790720303086 2532608
1790720303111 2604288
1790720303136 2686208
1790720303161 2772224
1790720303186 2850048
1790720303229 2938112
1790720303254 2997504
1790720303279 3079424
1790720303304 3149056
1790720303348 3263744
1790720303385 3370240
1790720303409 3437824
1790720303435 3527936
1790720303461 3603712
1790720303505 3702016
1790720303531 3777792
1790720303575 3888384
1790720303599 3966208
1790720303624 4064512
1790720303669 4154624
1790720303851 4279552
1790720303875 4381952
1790720303899 4480256
1790720303944 4611328
1790720303988 4709632
1790720304052 4844800
1790720304077 4947200
1790720304122 5074176
1790720304166 5203200
1790720304231 5369088
1790720304276 5498112
1790720304320 5614848
1790720304365 5754112
1790720304429 5895424
1790720304474 6055168
1790720304539 6221056
1790720304743 6419712
1790720304787 6604032
1790720304853 6769920
1790720304898 6909184
1790720304964 7058688
1790720305010 7222528
1790720305076 7388416
1790720305141 7580928
1790720305207 7783680
1790720305272 7970048
1790720305338 8156416
1790720305426 8373504
1790720305631 8578304
1790720305698 8783104
1790720305784 9032960
1790720305870 9272576
1790720305963 9547008
1790720306050 9780480
1790720306137 9987328
1790720306204 10202368
1790720306290 10448128
1790720306496 10708224
1790720306583 10964224
1790720306670 11224320
1790720306778 11468032
1790720306845 11701504
1790720306931 11955456
1790720307041 12219648
1790720307129 12494080
1790720307342 12791040
1790720307410 13065472
1790720307517 13354240
1790720307625 13653248
1790720307738 13993216
1790720307847 14300416
1790720307979 14648576
1790720308211 15031552
1790720308280 15336704
1790720308391 15711488
1790720308522 16092416
1790720308652 16459008
1790720308926 16794880
1790720309015 17198336
1790720309107 17603840
1790720309240 17992960
1790720309391 18416896
1790720309543 18808064
1790720309799 19252480
1790720309888 19645696
1790720310040 20067584
1790720310216 20505856
1790720310349 20948224
1790720310615 21458176
1790720310728 21947648
1790720310884 22394112
1790720311060 22873344
1790720311367 23414016
1790720311480 23907584
1790720311661 24417536
1790720311860 24970496
1790720312165 25513216
1790720312373 26285312
1790720312593 26864896
1790720312922 27419904
1790720313058 28030208
1790720313263 28593408
1790720313469 29207808
1790720313779 29822208
1790720313938 30420224
1790720314183 31040768
1790720314539 31700224
1790720314698 32388352
1790720314945 33086720
1790720315324 33824000
1790720315484 34512128
1790720315763 35247360
1790720316144 36015360
1790720316333 36750592
1790720316615 37516544
1790720316978 38319360
1790720317231 39087360
1790720317667 39924992
1790720317856 40736000
1790720318178 41626880
1790720318566 42460416
1790720318772 43384064
1790720319117 44297472
1790720319313 45188352
1790720319527 46142720
1790720319762 47140096
1790720319974 48108800
1790720320193 49110272
1790720320415 50121984
1790720320636 51125504
1790720320880 52247808
1790720321123 53353728
1790720321371 54434688
1790720328087 55562856
1790720401048 55625452 (true peak, below trigger threshold; snapshot is in peaks/peak.smaps)
