1787071480931 56
1787071481039 53
1787071481128 32
1787071481209 56
1787071481301 33
1787071481370 32
1787071481440 31
1787071481509 57
1787071481614 33
1787071481686 36
1787071481759 34
1787071481831 55
1787071481923 31
1787071481992 35
1787071482066 55
1787071482171 34
1787071482245 33
1787071482362 33
1787071482433 57
1787071482528 58
1787071482686 33
1787071483555 56
1787071483650 63
1787071484016 32
1787071484349 56
1787071484728 32
1787071485080 55
1787071487344 56
1787071487452 56
1787071487557 59
1787071487653 32
1787071487724 55
1787071487827 34
1787071487899 35
1787071487974 34
1787071488047 56
1787071488233 32
1787071488316 32
1787071488386 37
1787071488461 57
1787071488791 33
1787071488864 63
1787071488983 33
1787071489056 32
1787071489128 33
1787071489345 62
1787071489646 58
1787071490029 56
1787071490138 59
1787071490357 60
