1787071480931 255956 22
1787071481039 260816 22
1787071481209 264700 21
1787071481509 269748 22
1787071481831 272680 22
1787071482066 278868 22
1787071482433 282016 23
1787071482528 293788 25
1787071483555 297360 23
1787071483650 302236 26
1787071484349 303856 24
1787071485080 307544 21
1787071487344 322524 25
1787071487452 365532 24
1787071487557 369652 22
1787071487724 375016 21
1787071488047 382396 22
1787071488461 393528 23
1787071488864 403080 26
1787071489345 445608 24
1787071489646 467204 24
1787071490029 505284 22
1787071490138 637328 25
1787071490357 653784 24
