# timestamp_ms rss_kb
1787149287770 12072
1787149287818 68032
1787149287867 123160
1787149287917 176876
1787149287969 231024
1787149288022 260448
1787149289128 266616
1787149289675 328640
1787149289901 340768
1787149289959 373064
1787149290016 388900
1787149290074 405824
1787149290133 421204
1787149290191 436564
1787149290308 464492
1787149290370 480876
1787149290431 498284
1787149290493 514668
1787149290555 531052
1787149290619 546184
1787149290683 562660
1787149290747 577932
1787149290812 595340
1787149290877 609560
1787149290943 625992
1787149291009 642404
1787149291071 657732
1787149291139 675280
1787149291208 690300
1787149291277 707708
1787149291340 723068
1787149291413 740476
1787149291541 768504
1787149291610 784888
1787149291680 801316
1787149291810 826184
1787149291942 855412
1787149292068 880396
1787149292194 909068
1787149292334 937740
1787149292473 963868
1787149292612 992372
1787149292754 1018496
1787149292898 1047212
1787149293044 1073636
1787149293191 1102256
1787149293344 1126700
1787149293499 1154604
1787149293651 1180972
1787149293804 1210668
1787149293962 1237236
1787149294119 1264848
1787149294278 1295484
1787149294439 1322568
1787149294588 1351160
1787149294800 1389192
1787149295047 1429164
1787149295293 1468248
1787149295529 1506620
1787149295784 1546160
1787149296047 1587576
1787149296308 1629352
1787149296572 1672640
1787149296850 1713468
1787149297122 1755328
1787149297462 1796708
1787149308816 1848268
1787149313670 1914984
1787149313787 1976328
1787149314426 2031532
1787149314552 2081400
1787149352704 2132112
1787152749262 2142896 (true peak, below trigger threshold; snapshot is in peaks/peak.smaps)
