1785394719880 59
1785394719998 31
1785394720070 35
1785394720148 58
1785394720248 31
1785394720333 35
1785394720412 55
1785394720523 35
1785394720600 34
1785394720677 56
1785394720776 31
1785394720849 57
1785394720961 56
1785394721058 57
1785394721178 61
1785394721306 58
1785394721429 60
1785394721557 68
1785394721693 63
1785394721823 64
1785394721955 65
1785394722087 65
1785394722221 65
1785394722354 68
1785394722492 62
1785394722621 67
1785394722735 64
1785394722870 69
1785394723010 70
1785394723149 67
1785394723285 70
1785394723429 75
1785394723581 73
1785394723732 78
1785394723892 75
1785394724050 73
1785394724205 76
1785394724364 78
1785394724528 81
1785394724868 72
1785394724991 40
1785394725105 70
1785394725226 68
1785394725364 37
1785394725453 41
1785394725545 39
1785394725636 64
1785394725748 38
1785394728961 75
1785394729088 67
1785394729229 71
1785394729367 68
1785394729484 70
1785394729623 67
1785394730286 72
