1785394719880 261556 23
1785394720148 266372 22
1785394720412 279840 21
1785394720677 283236 20
1785394720849 286988 20
1785394720961 292376 24
1785394721058 318388 22
1785394721178 425736 23
1785394721306 476028 22
1785394721429 518904 23
1785394721557 540456 29
1785394721693 570984 25
1785394721823 592352 24
1785394721955 615928 24
1785394722087 631332 25
1785394722221 645964 25
1785394722354 667544 25
1785394722492 688608 23
1785394722621 696352 26
1785394722735 704848 23
1785394722870 721940 25
1785394723010 743412 27
1785394723149 760016 26
1785394723285 780444 28
1785394723429 833608 28
1785394723581 890056 29
1785394723732 939984 30
1785394723892 973572 29
1785394724050 1019624 29
1785394724205 1055224 29
1785394724364 1082488 29
1785394724528 1117204 30
1785394724868 1134876 33
1785394725105 1154240 31
1785394725226 1178616 28
1785394725636 1191644 27
1785394728961 1200224 33
1785394729088 1379068 31
1785394729229 1624828 32
1785394729367 1648828 31
1785394729484 1798332 31
1785394729623 2007228 29
1785394730286 2048280 32
