1785347135578 66
1785347135687 57
1785347135785 62
1785347135886 65
1785347135992 61
1785347136093 60
1785347136195 63
1785347136300 59
1785347136401 60
1785347136504 60
1785347136606 58
1785347136706 61
1785347136808 69
1785347136916 60
1785347137018 60
1785347137120 63
1785347137231 27
1785347137293 63
1785347137392 59
1785347137493 62
1785347137587 26
1785347137644 27
1785347137853 30
1785347138000 62
1785347138098 58
1785347138227 60
1785347138323 26
1785347138385 63
1785347138491 65
1785347138591 60
1785347138696 61
1785347138788 27
1785347138860 62
1785347138956 26
1785347139350 29
1785347139413 26
1785347139474 60
1785347139575 64
1785347139679 70
1785347139793 67
1785347139907 73
1785347140024 68
1785347140138 74
1785347140262 68
1785347140362 66
1785347140472 69
1785347140577 64
1785347140693 65
1785347140794 28
1785347151884 77
1785347152002 71
1785347152128 70
1785347152252 72
1785347152379 73
1785347152508 71
1785347152633 75
1785347152747 32
1785347152834 73
1785347171114 72
1785347171226 75
1785347171360 73
1785347171473 32
1785347171558 76
1785347190466 79
1785347190587 77
1785347190724 78
1785347190865 32
1785347209461 81
1785347209584 83
1785347209728 78
1785347209868 35
1785347228378 86
1785347228507 78
1785347228647 77
1785347228787 32
1785347247298 90
1785347247431 82
1785347247576 82
1785347247692 37
1785347265725 90
1785347265848 36
1785347265921 79
1785347266045 36
1785347266139 85
1785347266262 41
1785347266346 37
1785347266428 40
1785347266513 39
1785347266598 39
1785347266682 83
1785347284837 86
1785347284967 36
1785347285040 83
1785347285185 86
1785347285306 85
1785347285452 37
1785347303962 91
1785347304087 40
1785347304165 86
1785347304289 40
1785347304392 90
1785347304520 37
1785347304591 89
1785347323698 92
1785347323827 39
1785347323910 96
1785347324046 39
1785347324141 92
1785347324274 39
1785347324352 92
1785347324498 42
1785347344343 93
1785347344477 40
1785347344556 91
1785347344681 43
1785347344781 93
1785347344921 39
1785347344994 90
1785347364572 95
1785347364705 43
1785347364818 95
1785347364954 41
1785347365028 94
1785347365178 40
1785347365251 95
