1785347135578 73564 36
1785347135687 114256 32
1785347135785 157672 33
1785347135886 198168 34
1785347135992 239724 35
1785347136093 282824 33
1785347136195 323836 34
1785347136300 367632 32
1785347136401 411540 34
1785347136504 457184 34
1785347136606 500248 33
1785347136706 543356 34
1785347136808 587948 36
1785347136916 629496 32
1785347137018 672592 32
1785347137120 686544 32
1785347137293 697076 35
1785347137392 713508 34
1785347137493 722820 34
1785347138000 735608 34
1785347138098 746500 31
1785347138227 755652 32
1785347138385 764252 33
1785347138491 773568 36
1785347138591 781608 33
1785347138696 791064 34
1785347138860 804268 34
1785347139474 827260 33
1785347139575 851936 35
1785347139679 876780 37
1785347139793 902484 36
1785347139907 928424 38
1785347140024 955036 36
1785347140138 981748 40
1785347140262 998616 34
1785347140362 1009648 35
1785347140472 1022420 37
1785347140577 1033016 35
1785347140693 1045720 35
1785347151884 1058972 43
1785347152002 1089400 38
1785347152128 1125764 40
1785347152252 1151016 39
1785347152379 1178796 39
1785347152508 1205236 39
1785347152633 1221788 41
1785347152834 1239692 40
1785347171114 1246080 40
1785347171226 1276600 42
1785347171360 1299408 39
1785347171558 1320844 41
1785347190466 1332092 44
1785347190587 1363220 41
1785347190724 1400116 43
1785347209461 1418396 46
1785347209584 1448640 46
1785347209728 1478528 43
1785347228378 1498620 48
1785347228507 1529644 43
1785347228647 1563868 44
1785347247298 1581800 50
1785347247431 1611552 45
1785347247576 1643532 46
1785347265725 1646092 51
1785347265921 1675932 45
1785347266139 1709376 47
1785347266682 1726632 47
1785347284837 1735676 49
1785347285040 1765868 47
1785347285185 1784432 48
1785347285306 1803708 48
1785347303962 1810756 52
1785347304165 1834776 49
1785347304392 1861508 50
1785347304591 1888960 50
1785347323698 1891344 53
1785347323910 1916144 56
1785347324141 1940752 52
1785347324352 1968824 54
1785347344343 1977780 51
1785347344556 2002160 52
1785347344781 2028904 54
1785347344994 2051252 52
1785347364572 2052552 54
1785347364818 2078932 54
1785347365028 2105836 52
1785347365251 2132432 54
