# timestamp_ms rss_kb
1785307329891 97264
1785307330064 288040
1785307330234 474188
1785307330406 661392
1785307385573 685520
1785307385777 735648
1785307406555 760500
1785307406764 797536
1785307406970 819384
1785307427311 847828
1785307427524 900548
1785307448053 960720
1785307448278 981732
1785307469123 1018592
1785307469349 1058712
1785307490348 1122916
1785307510814 1173392
1785307511053 1222112
1785307531770 1302212
1785307552451 1346516
1785307552699 1383328
1785307573222 1424712
1785307573476 1464520
1785307573729 1468684 (true peak, below trigger threshold; snapshot is in peaks/peak.smaps)
