# timestamp_ms rss_kb
1790720634146 253516
1790720634356 260080
1790720634679 265988
1790720634871 271744
1790720635409 277672
1790720635810 290244
1790720636798 298916
1790720639128 309400
1790720639855 318556
1790720640335 326224
1790720640952 348136
1790720641779 373684
1790720641891 391040
1790720642003 418212
1790720642115 436132
1790720642299 464468
1790720642760 492056
1790720642893 510488
1790720643767 538824
1790720643883 573700
1790720644000 612200
1790720644120 681712
1790720644232 706284
1790720644346 752648
1790720645940 768136
1790720646030 785632
1790720646821 818564
1790720646942 849280
1790720647008 878276
1790720647510 921532
1790720647975 951044
1790720648107 1023812
1790720655841 1112760
1790720700919 1140276
