1790720634257 258576 25
1790720634458 263708 24
1790720634782 271004 20
1790720635248 276324 22
1790720635557 279444 24
1790720635810 290244 20
1790720636798 298916 23
1790720638943 300564 24
1790720639128 309400 22
1790720641779 373684 27
1790720641891 391040 25
1790720642003 418212 24
1790720642115 436132 25
1790720642299 464468 24
1790720642760 492056 23
1790720642893 510488 23
1790720643767 538824 24
1790720644120 681712 25
1790720644232 706284 25
1790720644346 752648 26
1790720644909 756628 27
1790720645458 764224 28
1790720646030 785632 26
1790720647008 878276 27
1790720647403 892832 32
1790720647510 921532 25
1790720647975 951044 28
1790720648107 1023812 26
1790720655700 1028840 28
1790720655841 1112760 26
1790720700919 1140276 31
