1787153698148 59
1787153698262 58
1787153698357 33
1787153698427 56
1787153698534 34
1787153698605 54
1787153698696 32
1787153698764 55
1787153698869 33
1787153698941 32
1787153699011 34
1787153699200 59
1787153699308 32
1787153699379 34
1787153699451 33
1787153699521 56
1787153699615 34
1787153699687 31
1787153699757 55
1787153699864 34
1787153699937 32
1787153700532 57
1787153700628 61
1787153700748 59
1787153700867 64
1787153700995 71
1787153701147 67
1787153701281 70
1787153701423 76
1787153701572 74
1787153701727 78
1787153701970 68
1787153702098 42
1787153702185 70
1787153702299 65
1787153702431 70
1787153702568 71
1787153702710 76
1787153702856 78
1787153703005 75
1787153703151 44
1787153703242 77
1787153703366 44
1787153703456 42
1787153703544 39
1787153703632 41
1787153703719 45
1787153703809 78
1787153703959 48
1787153704053 46
1787153704146 46
1787153704239 46
1787153704330 47
1787153704423 46
1787153704516 45
1787153704607 77
1787153704730 47
1787153704822 49
1787153704918 47
1787153705011 78
1787153705163 48
1787153705259 46
1787153705353 51
1787153705449 49
1787153705543 47
1787153708219 78
1787153708363 75
1787153708508 41
1787153708598 76
1787153708744 77
1787153710151 78
1787153710296 77
1787153710443 75
1787153714261 88
1787153714420 83
1787153714576 85
1787153721357 106
1787153721526 60
1787153723149 96
1787153723491 56
1787153723824 45
1787153723923 47
1787153724022 46
1787153724121 96
1787153724269 56
1787153724377 58
1787153724485 59
1787153724598 57
1787153724708 56
1787153724816 46
1787153724916 46
1787153725015 48
1787153725115 89
1787153725295 43
1787153733003 92
1787153733148 97
1787153733338 95
1787153735892 97
1787153757136 96
1787153757889 48
1787153765273 94
1787153768226 96
1787153768519 52
1787153768624 49
1787153768726 50
1787153769251 93
1787153769397 49
1787153769501 47
1787153769603 50
1787153769707 47
1787153769808 49
1787153769911 58
1787153770023 48
1787153770124 48
1787153770228 95
1787153770916 47
1787153779868 101
1787153780311 48
1787153780675 94
1787153790228 98
1787153790621 100
1787153801306 96
1787153808859 96
1787153811119 96
1787153811510 96
1787153812499 102
1787153812659 47
1787153819552 103
1787153823350 100
1787153825672 96
1787153825827 48
1787153835538 91
1787153845844 98
