1787153698148 262688 24
1787153698262 266304 23
1787153698427 270448 21
1787153698605 273216 22
1787153698764 278568 22
1787153699200 284292 23
1787153699521 287580 22
1787153699757 298520 21
1787153700532 304056 23
1787153700628 340912 25
1787153700748 407784 24
1787153700867 448256 27
1787153700995 540916 27
1787153701147 573016 28
1787153701281 612220 30
1787153701423 743400 30
1787153701572 798968 31
1787153701727 918504 33
1787153701970 954316 32
1787153702185 966092 31
1787153702299 984824 29
1787153702431 1024288 32
1787153702568 1052296 32
1787153702710 1082080 33
1787153702856 1114912 35
1787153703005 1145332 34
1787153703242 1157464 35
1787153703809 1171572 36
1787153704607 1183540 34
1787153705011 1203528 35
1787153708219 1234576 34
1787153708363 1547920 35
1787153708598 1695868 38
1787153708744 1852860 37
1787153710151 1894292 37
1787153710296 2094996 35
1787153710443 2182568 36
1787153714261 2233920 44
1787153714420 2361212 41
1787153714576 2456916 41
1787153721357 2472400 48
1787153723149 2516060 44
1787153724121 2517700 49
1787153725115 2527496 45
1787153733003 2544908 46
1787153733148 2571532 46
1787153733338 2653276 46
1787153735892 2708884 50
1787153757136 2709044 48
1787153765273 2735336 48
1787153768226 2781812 48
1787153769251 2782892 47
1787153770228 2791332 45
1787153779868 2823752 52
1787153780675 2860136 48
1787153790228 2874688 49
1787153790621 2932904 48
1787153801306 2940180 47
1787153808859 2945264 48
1787153811119 2954736 48
1787153811510 2998396 48
1787153812499 3011904 53
1787153819552 3045080 53
1787153823350 3085728 50
1787153825672 3101708 50
1787153835538 3174036 47
1787153845844 3203144 50
