1790703950713 658468 25
1790703950896 672224 25
1790703951023 681664 26
1790703951329 701376 24
1790703951559 719708 25
1790703951840 738528 25
1790703951996 751716 25
1790703952300 770532 26
1790703952511 784352 25
1790703952719 792468 26
1790703952945 808112 26
1790703953084 817324 26
1790703953376 827544 26
1790703953492 836768 27
1790703953640 848060 27
1790703953886 858680 27
1790703954084 877604 26
1790703954408 896724 27
1790703954552 910784 27
1790703954938 929028 28
1790703955074 939852 29
1790703955390 950704 27
1790703955634 971176 27
1790703955942 991964 29
1790703956138 1005288 27
1790703956704 1008620 27
1790703969262 2513008 33
