1790744542926 58
1790744543024 28
1790744543081 50
1790744543160 48
1790744544003 52
1790744544109 31
1790744544169 25
1790744545010 51
1790744545090 50
1790744545179 51
1790744545268 51
1790744545359 50
1790744545449 53
1790744545994 52
1790744546097 27
1790744546218 29
1790744546298 30
1790744546359 50
1790744546452 54
1790744546538 53
1790744546635 53
1790744546889 27
1790744546949 29
1790744547009 28
1790744547078 31
1790744547142 61
1790744547250 60
1790744547354 57
1790744547455 58
1790744547548 57
1790744547651 59
1790744547770 56
1790744547869 59
1790744547964 53
1790744548062 59
1790744548165 57
1790744548257 57
1790744548359 61
1790744548456 33
1790744548535 59
1790744548637 59
1790744548733 59
1790744548838 63
1790744548945 64
1790744549046 62
1790744549154 61
1790744549262 60
1790744549359 65
1790744549472 65
1790744549583 67
1790744549688 60
1790744549796 62
1790744549904 34
1790744549975 65
1790744550087 63
1790744550185 31
1790744550265 69
1790744550371 63
1790744550479 34
1790744550550 64
1790744550659 62
1790744550758 30
1790744550825 64
1790744550934 66
1790744551038 31
1790744551119 65
1790744551220 31
1790744551299 66
1790744551402 67
1790744551515 66
1790744551619 67
1790744551734 68
1790744551841 72
1790744551981 91
1790744552198 123
1790744552650 191
1790744553200 95
1790744553808 96
1790744554102 96
1790744555389 194
1790744555782 184
1790744556219 94
1790744556510 94
1790744556803 191
1790744557179 98
1790744557465 191
1790744557956 194
1790744558503 102
1790744558964 102
1790744559282 98
1790744559592 96
1790744560342 205
1790744560749 101
1790744561049 100
1790744561351 200
1790744561827 214
1790744562846 99
1790744563165 204
1790744564057 98
1790744564355 104
1790744564661 100
1790744565048 97
1790744565452 206
1790744565862 98
1790744566163 102
1790744566466 97
1790744566939 102
1790744567247 100
1790744567556 97
1790744567857 201
1790744568526 101
1790744568828 97
1790744569359 110
1790744569845 103
1790744570149 196
1790744570546 101
1790744570851 100
1790744571149 100
1790744571492 98
1790744571796 101
1790744572101 99
1790744572402 202
1790744573032 97
1790744573338 100
1790744573825 97
1790744574346 107
1790744574705 205
1790744575115 98
1790744575496 99
1790744575839 104
1790744576150 102
1790744576454 99
1790744576803 206
1790744577385 96
1790744577691 98
1790744578429 101
1790744578824 102
1790744579349 205
1790744579758 97
1790744580060 96
1790744580358 100
1790744580657 99
1790744580951 99
1790744581260 100
1790744581564 201
1790744582513 102
1790744583745 197
1790744584139 97
1790744584905 105
1790744585215 98
1790744585512 103
1790744587669 195
1790744588277 99
1790744588577 98
1790744588912 212
1790744589439 215
1790744589974 209
1790744590697 102
1790744591303 104
1790744591650 106
1790744594135 205
1790744594529 98
1790744595360 106
1790744595665 101
1790744596412 212
1790744596831 97
1790744597125 99
1790744597768 103
1790744599195 210
1790744600024 104
1790744600375 104
1790744600690 99
1790744601187 105
1790744601674 205
1790744602086 100
1790744602546 105
1790744602847 100
1790744603195 102
1790744603505 104
1790744603811 99
1790744604538 215
1790744605061 105
1790744605660 102
1790744606531 103
1790744607757 209
1790744608469 101
1790744608772 99
1790744609580 104
1790744609940 207
1790744610497 102
1790744610982 103
1790744611296 103
1790744611802 103
1790744612292 206
1790744612855 105
1790744613261 102
1790744613748 104
1790744614058 104
1790744614516 209
1790744614964 103
1790744615316 105
1790744616454 104
1790744618792 214
1790744619202 103
1790744619962 102
1790744620271 103
1790744620578 100
1790744623257 204
1790744623666 101
1790744623981 107
1790744624536 95
1790744624851 105
1790744625180 107
1790744625505 207
1790744625920 102
1790744627737 210
1790744629250 103
1790744630207 208
1790744630623 103
1790744632711 205
1790744633352 99
1790744633842 107
1790744634160 102
1790744634469 103
1790744634775 99
1790744635265 208
1790744635685 102
1790744635996 104
1790744636305 103
1790744636613 101
1790744637946 210
1790744640222 209
1790744648107 211
1790744651409 207
1790744654487 207
1790744654994 102
1790744655326 216
1790744765058 212
1790744765492 104
1790744765998 102
