# timestamp_ms rss_kb
1785803126269 12324
1785803127212 26112
1785803127279 80456
1785803127349 134312
1785803127427 164452
1785803127501 192108
1785803127568 196712
1785803127705 225448
1785803127782 278444
1785803127864 330500
1785803127948 381744
1785803128052 439864
1785803128152 493884
1785803128263 550404
1785803128364 627476
1785803128467 666776
1785803128587 705028
1785803128727 743620
1785803128888 813304
1785803129174 837208
1785803130228 856000
1785803133819 895528
1785803133995 927488
1785803134134 967920
1785803134267 1006696
1785803134415 1047092
1785803134609 1136408
1785803135944 1170552
1785803136240 1199344
1785803149695 1203580 (true peak, below trigger threshold; snapshot is in peaks/peak.smaps)
