1785803126269 12324 13
1785803127212 26112 13
1785803127279 80456 13
1785803127349 134312 11
1785803127427 164452 14
1785803127501 192108 12
1785803127568 196712 13
1785803127705 225448 13
1785803127782 278444 15
1785803127864 330500 13
1785803127948 381744 17
1785803128052 439864 18
1785803128152 493884 19
1785803128263 550404 18
1785803128364 627476 19
1785803128467 666776 20
1785803128587 705028 23
1785803128727 743620 24
1785803128888 813304 25
1785803129174 837208 25
1785803129330 849856 28
1785803130115 853952 21
1785803130618 858048 23
1785803131102 858564 24
1785803133819 895528 26
1785803133995 927488 28
1785803134134 967920 27
1785803134267 1006696 26
1785803134415 1047092 28
1785803134609 1136408 30
1785803135944 1170552 29
1785803136101 1190136 32
1785803136962 1201392 31
1785803142874 1202488 30
1785803149695 1203580 29
