1785393571901 261328 20
1785393572195 264956 21
1785393572354 267724 20
1785393572501 277236 21
1785393572594 280452 19
1785393572800 285872 21
1785393572957 289692 20
1785393573120 330160 22
1785393573225 393136 24
1785393573339 486160 22
1785393573453 531912 23
1785393573570 562388 23
1785393573679 573536 25
1785393573776 590092 25
1785393573890 615300 25
1785393574008 624864 25
1785393574106 643244 23
1785393574222 663536 27
1785393574342 673316 25
1785393574439 688800 27
1785393574561 704236 25
1785393574682 714136 25
1785393574855 721700 25
1785393574976 742232 27
1785393575098 758232 26
1785393575220 766956 27
1785393575396 781064 25
1785393575519 793780 26
1785393575727 827348 29
1785393575861 876600 30
1785393576000 925612 28
1785393576141 955928 29
1785393576284 983932 30
1785393576428 1020608 28
1785393576573 1051116 28
1785393576719 1082840 27
1785393576861 1106468 27
1785393577005 1122380 27
1785393577439 1139952 30
1785393577624 1176864 27
1785393578047 1189884 30
1785393581051 1199140 30
1785393581154 1409980 30
1785393581277 1636332 31
1785393581432 1666476 33
1785393581538 1797548 29
1785393582172 1872168 29
1785393582294 2039032 31
