# timestamp_ms rss_kb
1785369741797 248072
1785369742088 254336
1785369742509 259848
1785369742850 266160
1785369743009 277112
1785369743379 284004
1785369743626 296548
1785369743732 373916
1785369743846 448532
1785369743964 479864
1785369744083 526480
1785369744200 556696
1785369744319 582340
1785369744527 605852
1785369744742 622492
1785369744861 637740
1785369745146 659728
1785369745260 678272
1785369745560 694684
1785369745687 718872
1785369745808 735660
1785369745933 752076
1785369746059 771228
1785369746188 797376
1785369746319 852316
1785369746460 913476
1785369746598 956112
1785369746740 978508
1785369746882 1013764
1785369747024 1046680
1785369747170 1075172
1785369747317 1117604
1785369747766 1141456
1785369747972 1180800
1785369748199 1213444
1785369748439 1242632
1785369748683 1270052
1785369752009 1419456
1785369752142 1706176
1785369752348 1861236
1785369752488 2055796
1785369752864 2100720
1785369752998 2287088
1785369753134 2469948
1785369753381 2549124
1785369757585 2605872
1785369757930 2657176 (true peak, below trigger threshold; snapshot is in peaks/peak.smaps)
