# timestamp_ms rss_kb
1790743314961 46468
1790743315179 48444
1790743317179 57592
1790743317264 86792
1790743317416 97112
1790743317508 149920
1790743317659 164568
1790743317748 177620
1790743318664 186384
1790743318762 191588
1790743318858 199420
1790743319708 206644
1790743319804 212828
1790743319904 220740
1790743320129 228164
1790743321126 265448
1790743321227 282972
1790743321785 292704
1790743322165 299168
1790743323326 305196
1790743323493 314416
1790743323593 355056
1790743323697 403740
1790743323887 412932
1790743324061 442280
1790743324235 453316
1790743324547 467140
1790743324821 479436
1790743335840 489684
1790743340897 503632
1790743341007 536220
1790743343070 572912
1790743343177 592236
1790743344024 609336
1790743359900 624576
1790743405401 646188
1790743405514 744500
1790743405926 788660
1790743406043 815296
1790743406327 860356
1790743406609 884936
1790743406726 932040
1790743407462 950760
1790743407542 1094128
1790743407655 1147368
1790743519756 1215100
1790743745013 1243564
1790744524892 1270344
