1787071300688 59
1787071300797 55
1787071300889 33
1787071300959 53
1787071301059 33
1787071301130 32
1787071301198 32
1787071301267 57
1787071301372 33
1787071301441 32
1787071301511 32
1787071301581 56
1787071301674 33
1787071301744 35
1787071301817 55
1787071301922 32
1787071301992 32
1787071302107 33
1787071302177 58
1787071302273 32
1787071302343 51
1787071302444 32
1787071302512 31
1787071303254 56
1787071303349 54
1787071303692 32
1787071304031 54
1787071304121 56
1787071307306 55
1787071307413 56
1787071307519 58
1787071307628 54
1787071307721 35
1787071307794 32
1787071307864 55
1787071307969 33
1787071308040 34
1787071308111 60
1787071308211 34
1787071308283 32
1787071308354 36
1787071308428 35
1787071308515 61
1787071308614 58
1787071308710 36
1787071308784 35
1787071308857 32
1787071308966 34
1787071309038 56
1787071309133 55
1787071309237 31
1787071309307 34
1787071309380 33
1787071309647 62
1787071309753 59
1787071310063 55
1787071310426 56
1787071310531 57
1787071310733 60
1787071312516 60
