# timestamp_ms rss_kb
1786572691346 16484
1786572691590 27040
1786572691663 92888
1786572691736 176988
1786572691913 181796
1786572692223 238052
1786572692301 318988
1786572720285 325368
1786572721540 337264
1786572721635 347612
1786572721729 362456
1786572721819 372448
1786572721911 383464
1786572722004 397372
1786572722099 407272
1786572722195 417624
1786572722286 430572
1786572722379 442316
1786572722476 452420
1786572722572 466676
1786572722672 477260
1786572722772 488864
1786572722871 503280
1786572722973 527256
1786572723084 571156
1786572723190 630684
1786572723306 691028
1786572723423 752020
1786572723549 805828
1786572723668 847280
1786572723799 889756
1786572723921 931476
1786572724052 976636
1786572724185 1026188
1786572724322 1129776
1786572724462 1243580
1786572724614 1541100
1786572724791 1686692
1786572725350 1804660
1786572725521 1962468
1786572725718 2155136
1786572725914 2356052
1786572726108 2557300
1786572726304 2825692
1786572726511 3189572
1786572726717 3575908
1786572727178 3709164
1786572727366 3987140
1786572727573 4350996
1786572727784 4753132
1786572728190 4920628
1786572728398 5222404
1786572728609 5654996
1786572728820 5842780
1786572729247 6070244
1786572729460 6414188
1786572729673 6835452
1786572729888 7064708
1786572730247 7300576
1786572730459 7579240
1786572730679 8029104
1786572731120 8221560
1786572731281 8487800
1786572731500 8903624
1786572731728 9277840
1786572732096 9515408
1786572732506 9938008
1786572732731 10351456
1786572733192 10628712
1786572733500 10984880
1786572733724 11376048
1786572733951 11801200
1786572734368 12080312
1786572734597 12401864
1786572734831 12873468
1786572735309 13187752
1786572735728 13652472
1786572735959 14101100
1786572736592 14436628
1786572736743 14739732
1786572736984 15223352
1786572737617 15598144
1786572737780 15915584
1786572738025 16397672
1786572738659 16782876
1786572739017 17361380
1786572739549 17769812
1786572739976 18140500
1786572740140 18570588
1786572740713 18955848
1786572741078 19407696
1786572741444 19901472
1786572741898 20303464
1786572742352 20866664
1786572743010 21415876
1786572743469 21907396
1786572743639 22350080
1786572744342 22905252
1786572744808 23528880
1786572745511 24006276
1786572745991 24576268
1786572746590 25178380
1786572747186 25763604
1786572747779 26347284
1786572748386 26949212
1786572748979 27536988
1786572749577 28108260
1786572750242 28804580
1786572750852 29545900
1786572751254 30410156
1786572751750 31115060
1786572752277 31951984
1786572752852 32975208
1786572754283 33688020
1786572754868 34584024
1786572755513 35436512
1786572756163 36171900
1786572756718 36895408
1786572757711 37715764
1786572758722 38573724
1786572759701 39390956
1786572760560 40257164
1786572761559 41088056
1786572762588 41935788
1786572763720 42898340
1786572764842 43854852
1786572765869 44735992
1786572767023 45695492
1786572768201 46647904
1786572769396 47611424
1786572770584 48576168
1786572771883 49565968
1786572773342 50643616
1786572774779 51771296
1786572776256 52853048
1786572777712 53981988
1786572779264 55121704
1786572780837 56252672
1786572782192 57451480
1786572783277 58765148
1786572784530 60060476
1786572785649 61289992
1786572786624 62572188
1786572787783 63848908
1786572788958 65256992
1786572790258 66632516
1786572791389 68032384
1786572792696 69474996
1786572794142 70909764
1786572796549 72394268
1786572797886 73908980
1786572799526 75537160
1786572801224 77197576
1786572802910 78748736
1786572818540 80533628
1786572820000 82273376
1786572822922 84060704
1786572824671 85751200
1786572826636 87601368
1786572828409 89412892
1786572830467 91345380
1786572831916 93228432
1786572833154 95132256
1786572834779 97328528
1786572836268 99349264
1786572837788 101365236
1786572839474 103642448
1786572840925 105993420
1786572869085 108137548
1786572879023 110366204
1786573174412 111632132 (true peak, below trigger threshold; snapshot is in peaks/peak.smaps)
