1786572691346 44
1786572691590 39
1786572691663 40
1786572691736 39
1786572691913 41
1786572691989 28
1786572692168 27
1786572692223 43
1786572692301 39
1786572717466 51
1786572717610 30
1786572717690 27
1786572717768 24
1786572717843 23
1786572717894 45
1786572717989 25
1786572718043 26
1786572718140 25
1786572718215 25
1786572718290 45
1786572718385 25
1786572718459 24
1786572718511 27
1786572718565 25
1786572718619 31
1786572718701 46
1786572718780 26
1786572718857 26
1786572719020 30
1786572719102 28
1786572719182 47
1786572719279 27
1786572719333 26
1786572719389 26
1786572719444 27
1786572719525 27
1786572719580 24
1786572719633 48
1786572719710 25
1786572719785 29
1786572719863 24
1786572719915 25
1786572719969 26
1786572720023 26
1786572720100 49
1786572720178 25
1786572720232 25
1786572720285 27
1786572720456 26
1786572720531 48
1786572720629 25
1786572720683 26
1786572720759 27
1786572720814 26
1786572720914 26
1786572720992 46
1786572721086 25
1786572721139 26
1786572721193 29
1786572721251 25
1786572721327 28
1786572721406 48
1786572721483 26
1786572721540 53
1786572721635 52
1786572721729 50
1786572721819 52
1786572721911 52
1786572722004 54
1786572722099 53
1786572722195 52
1786572722286 52
1786572722379 54
1786572722476 54
1786572722572 56
1786572722672 55
1786572722772 56
1786572722871 57
1786572722973 64
1786572723084 59
1786572723190 61
1786572723306 64
1786572723423 70
1786572723549 65
1786572723668 73
1786572723799 68
1786572723921 69
1786572724052 75
1786572724185 74
1786572724322 72
1786572724462 83
1786572724614 96
1786572724791 88
1786572724964 50
1786572725064 49
1786572725212 87
1786572725350 88
1786572725521 105
1786572725718 105
1786572725914 106
1786572726108 105
1786572726304 111
1786572726511 110
1786572726717 109
1786572726918 108
1786572727178 96
1786572727366 110
1786572727573 113
1786572727784 109
1786572728079 57
1786572728190 111
1786572728398 112
1786572728609 115
1786572728820 114
1786572729075 113
1786572729247 115
1786572729460 113
1786572729673 117
1786572729888 99
1786572730129 57
1786572730247 116
1786572730459 116
1786572730679 119
1786572730896 119
1786572731120 59
1786572731281 121
1786572731500 124
1786572731728 105
1786572731976 58
1786572732096 125
1786572732316 128
1786572732506 121
1786572732731 128
1786572732957 126
1786572733192 52
1786572733341 108
1786572733500 124
1786572733724 125
1786572733951 111
1786572734258 53
1786572734368 128
1786572734597 131
1786572734831 112
1786572735040 53
1786572735200 52
1786572735309 131
1786572735537 131
1786572735728 129
1786572735959 132
1786572736187 52
1786572736298 58
1786572736418 115
1786572736592 52
1786572736743 135
1786572736984 136
1786572737217 53
1786572737327 58
1786572737444 116
1786572737617 60
1786572737780 139
1786572738025 139
1786572738264 52
1786572738374 53
1786572738485 117
1786572738659 58
1786572738818 139
1786572739017 139
1786572739259 120
1786572739437 52
1786572739549 120
1786572739767 147
1786572739976 60
1786572740140 145
1786572740389 146
1786572740594 59
1786572740713 59
1786572740875 144
1786572741078 59
1786572741240 142
1786572741444 54
1786572741596 125
1786572741780 59
1786572741898 145
1786572742145 146
1786572742352 147
1786572742600 127
1786572742786 54
1786572742899 53
1786572743010 144
1786572743259 145
1786572743469 60
1786572743639 150
1786572743889 62
1786572744011 58
1786572744131 147
1786572744342 147
1786572744595 150
1786572744808 147
1786572745055 59
1786572745175 59
1786572745296 153
1786572745511 63
1786572745678 133
1786572745869 61
1786572745991 154
1786572746251 153
1786572746466 61
1786572746590 154
1786572746846 155
1786572747064 60
1786572747186 156
1786572747448 154
1786572747667 54
1786572747779 158
1786572748041 158
1786572748262 61
1786572748386 157
1786572748647 157
1786572748865 55
1786572748979 160
1786572749242 159
1786572749465 54
1786572749577 138
1786572749817 54
1786572749931 139
1786572750129 55
1786572750242 158
1786572750503 59
1786572750625 162
1786572750852 62
1786572751024 165
1786572751254 160
1786572751523 165
1786572751750 64
1786572751912 67
1786572752035 176
1786572752277 150
1786572752511 177
1786572752738 68
1786572752852 173
1786572753109 67
1786572753214 62
1786572753320 60
1786572753430 61
1786572754029 185
1786572754283 73
1786572754479 184
1786572754731 69
1786572754868 181
1786572755165 157
1786572755387 61
1786572755513 181
1786572755810 184
1786572756049 61
1786572756163 68
1786572756345 181
1786572756590 68
1786572756718 69
1786572756890 186
1786572757130 60
1786572757246 58
1786572757351 183
1786572757589 68
1786572757711 68
1786572757878 188
1786572758122 67
1786572758243 66
1786572758370 185
1786572758606 67
1786572758722 67
1786572758890 186
1786572759124 68
1786572759238 60
1786572759347 68
1786572759470 189
1786572759701 60
1786572759862 69
1786572759985 167
1786572760209 69
1786572760333 67
1786572760450 66
1786572760560 167
1786572760821 69
1786572760945 67
1786572761067 191
1786572761313 67
1786572761436 67
1786572761559 67
1786572761730 193
1786572761978 67
1786572762101 67
1786572762226 68
1786572762343 190
1786572762588 68
1786572762761 68
1786572762880 179
1786572763114 70
1786572763238 67
1786572763359 60
1786572763475 191
1786572763720 66
1786572763889 61
1786572764001 199
1786572764264 66
1786572764386 66
1786572764506 59
1786572764618 172
1786572764842 66
1786572765010 61
1786572765124 66
1786572765243 196
1786572765494 69
1786572765622 68
1786572765746 68
1786572765869 193
1786572766164 69
1786572766284 67
1786572766399 67
1786572766527 199
1786572766780 66
1786572766902 67
1786572767023 69
1786572767195 202
1786572767454 61
1786572767575 67
1786572767697 68
1786572767820 198
1786572768072 69
1786572768201 67
1786572768371 67
1786572768496 207
1786572768758 68
1786572768882 68
1786572769013 67
1786572769137 201
1786572769396 67
1786572769567 70
1786572769691 76
1786572769826 205
1786572770094 61
1786572770211 68
1786572770336 69
1786572770459 69
1786572770584 203
1786572770893 71
1786572771018 67
1786572771141 67
1786572771268 187
1786572771510 70
1786572771636 68
1786572771759 68
1786572771883 69
1786572772058 208
1786572772325 70
1786572772450 69
1786572772574 68
1786572772705 69
1786572772829 209
1786572773093 69
1786572773216 70
1786572773342 68
1786572773522 208
1786572773788 68
1786572773912 68
1786572774030 70
1786572774150 67
1786572774266 211
1786572774522 69
1786572774647 69
1786572774779 67
1786572774954 218
1786572775228 71
1786572775354 69
1786572775481 68
1786572775610 71
1786572775736 211
1786572776002 69
1786572776128 71
1786572776256 69
1786572776433 216
1786572776712 62
1786572776834 66
1786572776958 68
1786572777082 68
1786572777207 207
1786572777469 67
1786572777590 66
1786572777712 67
1786572777890 70
1786572778010 214
1786572778284 70
1786572778411 67
1786572778534 68
1786572778658 68
1786572778783 193
1786572779030 70
1786572779160 62
1786572779264 66
1786572779436 67
1786572779559 218
1786572779840 68
1786572779970 69
1786572780095 67
1786572780217 66
1786572780337 70
1786572780469 191
1786572780714 66
1786572780837 68
1786572781016 72
1786572781145 70
1786572781270 221
1786572781547 68
1786572781672 69
1786572781791 73
1786572781920 218
1786572782192 68
1786572782371 70
1786572782503 73
1786572782627 220
1786572782908 68
1786572783031 69
1786572783156 67
1786572783277 219
1786572783604 69
1786572783729 68
1786572783857 68
1786572783981 236
1786572784273 71
1786572784399 70
1786572784530 70
1786572784704 231
1786572784990 71
1786572785116 67
1786572785239 69
1786572785370 223
1786572785649 68
1786572785831 73
1786572785960 230
1786572786245 72
1786572786370 70
1786572786497 71
1786572786624 227
1786572786964 70
1786572787095 70
1786572787223 241
1786572787521 72
1786572787649 71
1786572787783 73
1786572787973 234
1786572788268 72
1786572788400 72
1786572788529 73
1786572788662 243
1786572788958 71
1786572789142 73
1786572789272 241
1786572789570 70
1786572789697 68
1786572789822 74
1786572789955 242
1786572790258 73
1786572790442 72
1786572790571 71
1786572790701 237
1786572791001 74
1786572791133 69
1786572791262 70
1786572791389 234
1786572791734 71
1786572791868 71
1786572791999 69
1786572792126 246
1786572792431 74
1786572792565 73
1786572792696 74
1786572792885 244
1786572793185 72
1786572793314 74
1786572793446 71
1786572793569 69
1786572793703 243
1786572794007 71
1786572794142 72
1786572794331 65
1786572794449 69
1786572794577 72
1786572794705 79
1786572794841 73
1786572794968 76
1786572795106 77
1786572795246 77
1786572795384 250
1786572795695 76
1786572795824 77
1786572795961 76
1786572796100 77
1786572796233 262
1786572796549 76
1786572796746 78
1786572796891 76
1786572797027 254
1786572797340 78
1786572797472 75
1786572797607 78
1786572797748 78
1786572797886 254
1786572798254 78
1786572798392 75
1786572798527 77
1786572798663 256
1786572798979 76
1786572799116 76
1786572799254 76
1786572799389 76
1786572799526 260
1786572799902 78
1786572800040 78
1786572800179 73
1786572800317 272
1786572800649 78
1786572800795 79
1786572800940 76
1786572801082 79
1786572801224 269
1786572801611 78
1786572801751 76
1786572801893 78
1786572802033 262
1786572802356 78
1786572802493 79
1786572802635 77
1786572802767 78
1786572802910 77
1786572803101 86
1786572803243 76
1786572803371 80
1786572803502 277
1786572803835 81
1786572803982 80
1786572804121 86
1786572804274 83
1786572804411 96
1786572804573 95
1786572804732 98
1786572804897 92
1786572805052 92
1786572805213 94
1786572805378 91
1786572805539 97
1786572805707 94
1786572805873 94
1786572806039 93
1786572806204 96
1786572806377 93
1786572806546 95
1786572806714 92
1786572806868 91
1786572807030 92
1786572807197 95
1786572807363 94
1786572807535 288
1786572807894 91
1786572808058 94
1786572808220 94
1786572808384 92
1786572808548 93
1786572808720 91
1786572808880 92
1786572809044 93
1786572809207 89
1786572809367 91
1786572809535 92
1786572809697 93
1786572809853 93
1786572810018 90
1786572810186 93
1786572810355 90
1786572810520 91
1786572810670 92
1786572810839 91
1786572811007 79
1786572811144 90
1786572811303 91
1786572811473 91
1786572811641 284
1786572812002 79
1786572812139 90
1786572812303 93
1786572812459 91
1786572812628 92
1786572812794 92
1786572812953 89
1786572813113 88
1786572813280 93
1786572813444 89
1786572813611 90
1786572813770 92
1786572813940 91
1786572814109 80
1786572814251 87
1786572814415 92
1786572814578 91
1786572814739 92
1786572814901 91
1786572815062 92
1786572815226 90
1786572815388 92
1786572815559 287
1786572815926 94
1786572816095 91
1786572816258 90
1786572816424 91
1786572816592 88
1786572816757 87
1786572816910 87
1786572817068 87
1786572817225 84
1786572817387 88
1786572817542 75
1786572817677 93
1786572817843 99
1786572818013 295
1786572818381 96
1786572818540 95
1786572818785 297
1786572819146 97
1786572819308 96
1786572819477 95
1786572819633 300
1786572820000 95
1786572820253 99
1786572820427 298
1786572820798 96
1786572820964 95
1786572821132 100
1786572821311 97
1786572821484 98
1786572821638 81
1786572821784 97
1786572821946 96
1786572822102 96
1786572822256 100
1786572822432 96
1786572822594 96
1786572822767 97
1786572822922 266
1786572823329 96
1786572823489 94
1786572823648 96
1786572823800 303
1786572824183 98
1786572824339 98
1786572824508 98
1786572824671 98
1786572824907 312
1786572825286 98
1786572825438 96
1786572825603 98
1786572825767 97
1786572825922 315
1786572826310 97
1786572826474 97
1786572826636 97
1786572826859 308
1786572827247 101
1786572827415 97
1786572827576 98
1786572827732 98
1786572827898 310
1786572828266 86
1786572828409 87
1786572828627 303
1786572828986 86
1786572829119 87
1786572829258 84
1786572829400 87
1786572829541 85
1786572829682 84
1786572829824 83
1786572829971 303
1786572830325 81
1786572830467 85
1786572830684 324
1786572831074 89
1786572831229 91
1786572831386 92
1786572831538 320
1786572831916 94
1786572832149 94
1786572832298 309
1786572832674 92
1786572832839 90
1786572832994 92
1786572833154 312
1786572833603 94
1786572833765 96
1786572833925 324
1786572834321 92
1786572834474 92
1786572834630 92
1786572834779 319
1786572835251 93
1786572835405 95
1786572835566 320
1786572835959 91
1786572836117 92
1786572836268 92
1786572836502 320
1786572836895 92
1786572837056 92
1786572837219 95
1786572837383 328
1786572837788 96
1786572838024 91
1786572838188 330
1786572838584 93
1786572838742 94
1786572838907 92
1786572839078 330
1786572839474 92
1786572839704 94
1786572839871 92
1786572840039 329
1786572840429 92
1786572840590 92
1786572840761 92
1786572840925 338
1786572841413 93
1786572841580 93
1786572841749 98
1786572841916 95
1786572842073 95
1786572842233 96
1786572842395 96
1786572842555 98
1786572842877 104
1786572843066 85
1786572843227 103
1786572843428 107
1786572843631 104
1786572843907 103
1786572844099 88
1786572844274 101
1786572844460 103
1786572846803 313
1786572847201 103
1786572847394 105
1786572847596 109
1786572847798 90
1786572847978 110
1786572848191 104
1786572848664 108
1786572849512 111
1786572849724 111
1786572850559 111
1786572851954 325
1786572852353 87
1786572852516 103
1786572852693 108
1786572852942 92
1786572853129 105
1786572853324 106
1786572853514 112
1786572853731 105
1786572853925 116
1786572854153 115
1786572854373 116
1786572854599 115
1786572854814 90
1786572854993 105
1786572855222 110
1786572855619 118
1786572855836 115
1786572856056 103
1786572856273 116
1786572856493 108
1786572856711 118
1786572856915 115
1786572857126 347
1786572858179 103
1786572858582 106
1786572858770 110
1786572858990 104
1786572859195 110
1786572859412 112
1786572859598 108
1786572859815 95
1786572862388 387
1786572862847 110
1786572863046 105
1786572863401 119
1786572863622 120
1786572863850 124
1786572864075 119
1786572864303 119
1786572864495 99
1786572864679 96
1786572864851 115
1786572865060 118
1786572865286 120
1786572865534 118
1786572865781 107
1786572866000 125
1786572866684 120
1786572866920 117
1786572867171 123
1786572868325 414
1786572868843 124
1786572869085 119
1786572869405 107
1786572869615 108
1786572869827 107
1786572870050 105
1786572870261 104
1786572870471 105
1786572870671 106
1786572870893 119
1786572871128 117
1786572871363 117
1786572871573 109
1786572871767 99
1786572871939 112
1786572872140 120
1786572872539 119
1786572872765 116
1786572872991 106
1786572873252 120
1786572873612 112
1786572873855 123
1786572874332 425
1786572876210 118
1786572876436 118
1786572876670 120
1786572876910 120
1786572877147 121
1786572877388 120
1786572877628 121
1786572877857 419
1786572878396 109
1786572878609 108
1786572878817 107
1786572879023 106
1786572879332 121
1786572879545 112
1786572879925 111
1786572880171 125
1786572880432 124
1786572880702 129
1786572881383 126
1786572889117 425
1786572889783 132
1786572890039 135
1786572890378 126
1786572890643 127
1786572890899 126
1786572891143 106
1786572891478 105
1786572891707 126
1786572892178 126
1786572892435 127
1786572892676 127
1786572892937 128
1786572893188 107
1786572898892 422
1786572899425 127
1786572899698 116
1786572903272 129
1786572903781 122
1786572904035 131
1786572904298 115
1786572904650 129
1786572908511 430
1786572909089 132
1786572917879 396
1786572918401 130
1786572918867 121
1786572919086 115
1786572919325 129
1786572925414 436
1786572925973 120
1786572926231 131
1786572929745 131
1786572930218 138
1786572930472 133
1786572930744 132
1786572931004 123
1786572931247 126
1786572931513 449
1786572935395 135
1786572935646 125
1786572935918 134
1786572944860 431
1786572945428 130
1786572945947 132
1786572946185 135
1786572952246 441
1786572952797 126
1786572956929 122
1786572957164 114
1786572957409 138
1786572957687 139
1786572957968 134
1786572961684 439
1786572962255 123
1786572972063 446
1786572972645 141
1786572978862 445
1786572979455 137
1786572983489 115
1786572983734 135
1786572984011 134
1786572984287 139
1786572988074 440
1786572988660 113
1786572997670 443
1786572998707 131
1786573004684 404
1786573005228 135
1786573009522 139
1786573009897 125
1786573010160 139
1786573013746 450
1786573014274 126
1786573014526 125
1786573024472 435
1786573025058 136
1786573031107 442
1786573031690 142
1786573035890 138
1786573036178 126
1786573036570 127
1786573037167 135
1786573040393 444
1786573040959 136
1786573051004 444
1786573052056 131
1786573058054 448
1786573058660 131
1786573062843 128
1786573063078 127
1786573063482 138
1786573067279 411
1786573067830 137
1786573077343 403
1786573077881 127
1786573092115 455
1786573092720 129
1786573102919 427
1786573103476 124
1786573105435 135
1786573108324 136
1786573108594 153
1786573109859 447
1786573110475 138
1786573110753 137
1786573115042 138
1786573115322 130
1786573119329 447
1786573129437 451
1786573130005 131
1786573136173 454
1786573140821 138
1786573141093 130
1786573141345 140
1786573145045 448
1786573145648 135
1786573154658 445
1786573155644 137
1786573155929 129
1786573161731 413
1786573162252 138
1786573166626 132
1786573167016 134
1786573167417 138
1786573171077 411
1786573173218 144
1786573173490 138
1786573173758 128
1786573173995 117
1786573174412 131
