# timestamp_ms rss_kb
1786986294257 228792
1786986296366 238348
1786986296489 244448
1786986320521 273104
1786986320775 305028
1786986320909 338136
1786986321040 387696
1786986321179 410152
1786986321313 445472
1786986321454 463404
1786986321591 497032
1786986321732 518572
1786986321870 544076
1786986322010 559060
1786986322153 570844
1786986322292 591704
1786986322437 621808
1786986322582 643888
1786986322729 673840
1786986322876 723876
1786986323025 758452
1786986323301 785368
1786986323452 810016
1786986323596 836908
1786986323743 877808
1786986323895 1072368
1786986324133 1111408
1786986324368 1157080
1786986324516 1305936
1786986324661 1498448
1786986363662 1516136 (true peak, below trigger threshold; snapshot is in peaks/peak.smaps)
