1786986294257 228792 20
1786986296262 230224 20
1786986296366 238348 20
1786986296489 244448 20
1786986297368 244528 21
1786986297898 244788 20
1786986299365 244792 21
1786986300447 244800 21
1786986320315 245260 21
1786986320521 273104 20
1786986320775 305028 23
1786986320909 338136 23
1786986321040 387696 24
1786986321179 410152 22
1786986321313 445472 24
1786986321454 463404 24
1786986321591 497032 24
1786986321732 518572 23
1786986321870 544076 22
1786986322010 559060 25
1786986322153 570844 24
1786986322292 591704 26
1786986322437 621808 24
1786986322582 643888 29
1786986322729 673840 25
1786986322876 723876 26
1786986323025 758452 28
1786986323174 772532 26
1786986323301 785368 26
1786986323452 810016 25
1786986323596 836908 26
1786986323743 877808 28
1786986323895 1072368 29
1786986324133 1111408 26
1786986324368 1157080 27
1786986324516 1305936 26
1786986324661 1498448 28
1786986360700 1503884 34
1786986362137 1510500 33
1786986363662 1516136 32
