1790743372873 60
1790743373034 26
1790743373110 48
1790743373197 29
1790743374021 52
1790743374106 25
1790743374161 25
1790743374217 26
1790743375032 51
1790743375113 50
1790743375200 56
1790743375294 55
1790743375388 58
1790743375487 53
1790743375581 51
1790743375672 54
1790743375768 50
1790743375857 29
1790743375918 55
1790743376013 52
1790743376106 28
1790743376164 51
1790743376257 54
1790743376351 56
1790743376448 55
1790743376543 54
1790743376637 57
1790743376734 30
1790743376796 54
1790743376892 55
1790743376988 30
1790743377050 56
1790743377147 57
1790743377245 30
1790743377307 53
1790743377402 54
1790743377496 53
1790743377589 57
1790743377688 56
1790743377785 53
1790743377880 57
1790743377977 56
1790743378072 30
1790743378135 56
1790743378230 54
1790743378323 57
1790743378411 31
1790743378473 52
1790743378566 54
1790743379257 57
1790743379367 29
1790743379427 58
1790743379523 30
1790743379604 59
1790743379707 31
1790743379973 31
1790743380039 28
1790743380100 63
1790743380214 60
1790743380325 34
1790743380397 61
1790743380497 34
1790743380567 32
1790743380650 62
1790743380750 33
1790743380821 64
1790743380924 32
1790743381004 63
1790743381106 31
1790743381175 61
1790743381273 33
1790743381345 32
1790743381427 62
1790743381526 32
1790743381598 32
1790743381667 63
1790743381780 34
1790743381853 67
1790743381957 33
1790743382030 34
1790743382115 69
1790743382221 35
1790743382295 33
1790743382366 65
1790743382482 32
1790743382555 66
1790743382657 34
1790743382730 32
1790743382801 68
1790743382921 37
1790743382998 33
1790743383068 69
1790743383175 32
1790743383246 34
1790743383330 71
1790743383441 35
1790743383532 68
1790743383637 34
1790743383722 36
1790743383797 69
1790743383904 39
1790743383983 33
1790743384055 68
1790743384173 32
1790743384245 36
1790743384320 69
1790743384430 77
1790743384588 107
1790743384900 186
1790743385399 110
1790743385784 107
1790743386145 106
1790743386489 107
1790743386834 211
1790743388373 107
1790743388698 214
1790743389247 111
1790743389588 105
1790743389907 104
1790743390222 218
1790743390781 224
1790743391367 228
1790743391950 230
1790743392528 224
1790743393508 111
1790743393843 114
1790743394183 108
1790743394534 230
1790743395747 113
1790743396111 218
1790743396900 115
1790743397241 108
1790743397581 112
1790743397914 104
1790743398289 107
1790743398626 226
1790743399084 111
1790743399421 107
1790743399897 112
1790743400246 108
1790743400583 110
1790743400921 110
1790743401349 225
1790743401806 109
1790743402144 111
1790743402482 110
1790743402816 109
1790743403156 115
1790743403495 110
1790743403884 232
1790743404337 111
1790743404675 112
1790743405018 110
1790743405364 109
1790743405693 107
1790743406076 113
1790743406423 228
1790743406880 109
1790743407214 109
1790743407641 111
1790743408006 115
1790743408353 110
1790743408688 111
1790743409074 223
1790743409532 111
1790743409871 108
1790743410305 110
1790743410641 114
1790743410989 112
1790743411336 110
1790743411802 223
1790743412262 106
1790743412947 111
1790743413284 112
1790743413729 114
1790743414219 227
1790743414937 112
1790743415685 112
1790743416923 236
1790743417381 111
1790743418140 111
1790743418484 110
1790743418825 109
1790743419911 232
1790743420397 230
1790743420975 111
1790743421930 112
1790743422268 230
1790743422733 238
1790743423331 235
1790743423909 237
1790743424632 115
1790743424988 111
1790743425346 113
1790743425695 114
1790743426643 234
1790743452032 238
1790743452517 111
1790743452873 123
1790743479405 234
1790743479897 118
1790743588720 233
1790743589334 119
1790743589709 114
1790743590078 116
1790743590585 115
