# timestamp_ms rss_kb
1790712758550 262508
1790712758752 268760
1790712759081 274896
1790712759272 280412
1790712759655 286592
1790712760198 292344
1790712760305 301768
1790712761126 311128
1790712761237 365624
1790712761355 454272
1790712761475 497124
1790712761601 542044
1790712761725 584420
1790712761847 597436
1790712761978 623016
1790712762100 642408
1790712762228 660120
1790712762354 688764
1790712762596 709672
1790712762726 731300
1790712762861 749980
1790712763102 777032
1790712763317 809368
1790712763464 873016
1790712763610 930392
1790712763760 977772
1790712764806 1000608
1790712765484 1026296
1790712766272 1061620
1790712766427 1089376
1790712766583 1116936
1790712767002 1143764
1790712767212 1180284
1790712767472 1207556
1790712767727 1242892
1790712767988 1274176
1790712771015 1302440
1790712771161 1632168
1790712771299 1709992
1790712771435 1787228
1790712771586 1994076
1790712773323 2072888
1790712773374 2214200
1790712773510 2404664
1790712773650 2474884
1790712778019 2551044
1790712778073 2662212
1790712785926 2722796
1790712786655 2798452
1790712786970 2879744
1790712787101 3084476
1790712787493 3164348
1790712787881 3227708
1790712790669 3295296
1790712791075 3381312
