1790712758550 60
1790712758662 55
1790712758855 55
1790712758946 30
1790712759011 34
1790712759184 52
1790712759272 31
1790712759352 31
1790712759420 33
1790712759655 60
1790712759761 32
1790712759829 32
1790712759897 33
1790712759965 56
1790712760058 35
1790712760129 31
1790712760305 55
1790712760407 35
1790712760478 32
1790712761126 59
1790712762354 65
1790712762726 70
1790712763102 69
1790712763232 40
1790712763610 74
1790712763760 72
1790712763895 43
1790712763981 43
1790712764068 45
1790712764156 41
1790712764242 76
1790712764361 46
1790712764450 47
1790712764540 46
1790712764628 49
1790712764720 43
1790712764806 74
1790712764946 46
1790712765036 45
1790712765125 46
1790712765215 45
1790712765305 45
1790712765394 44
1790712765484 78
1790712765628 46
1790712765718 45
1790712765806 45
1790712765895 46
1790712766015 45
1790712766272 81
1790712766892 70
1790712767212 70
1790712771015 80
1790712771161 75
1790712771299 72
1790712771435 83
1790712771586 75
1790712773374 71
1790712773510 79
1790712773650 70
1790712773783 78
1790712778073 80
1790712778284 44
1790712778373 44
1790712778688 41
1790712778841 45
1790712778930 43
1790712779017 43
1790712779106 43
1790712779194 42
1790712779281 44
1790712779368 77
1790712779489 43
1790712779576 41
1790712779662 40
1790712779749 40
1790712779836 43
1790712779924 43
1790712780014 42
1790712780103 43
1790712780192 82
1790712780318 47
1790712780409 47
1790712787101 86
1790712787260 89
1790712787398 46
1790712787493 88
1790712787654 86
1790712787787 46
1790712787881 44
1790712787998 47
1790712788094 46
1790712788188 89
1790712788325 43
1790712788417 47
1790712788513 45
1790712788607 45
1790712788701 46
1790712788796 46
1790712788891 45
1790712788986 45
1790712789081 44
1790712789174 87
1790712789310 49
1790712789408 45
1790712789505 46
1790712789599 45
1790712789693 45
1790712789788 42
1790712789881 45
