1790712758550 262508 24
1790712758662 267264 22
1790712758855 271592 21
1790712759184 279764 21
1790712759655 286592 23
1790712759965 289540 24
1790712760305 301768 23
1790712761126 311128 25
1790712762354 688764 27
1790712762726 731300 28
1790712763102 777032 28
1790712763610 930392 30
1790712763760 977772 30
1790712764242 988612 33
1790712764806 1000608 29
1790712765484 1026296 32
1790712766272 1061620 32
1790712766892 1138872 30
1790712767212 1180284 31
1790712771015 1302440 39
1790712771161 1632168 35
1790712771299 1709992 33
1790712771435 1787228 36
1790712771586 1994076 34
1790712773374 2214200 35
1790712773510 2404664 37
1790712773650 2474884 34
1790712773783 2523372 39
1790712778073 2662212 38
1790712779368 2667516 38
1790712780192 2676404 36
1790712787101 3084476 45
1790712787260 3117244 43
1790712787493 3164348 43
1790712787654 3197116 43
1790712788188 3229104 45
1790712789174 3233960 43
