# timestamp_ms rss_kb
1790702223882 173096
1790702223909 242728
1790702223936 314408
1790702223962 386088
1790702223989 455720
1790702224016 527400
1790702224043 597032
1790702224071 670760
1790702224098 742440
1790702224126 814120
1790702224153 885800
1790702224180 957480
1790702224207 1027112
1790702224234 1096744
1790702224261 1168424
1790702224288 1240104
1790702224316 1311784
1790702224343 1385512
1790702224372 1459240
1790702224400 1532968
1790702224427 1604648
1790702224454 1676328
1790702224482 1748008
1790702224509 1819688
1790702224536 1891368
1790702224563 1963048
1790702224591 2034728
1790702224618 2102312
1790702224830 2192424
1790702224858 2266152
1790702224886 2337832
1790702224913 2411560
1790702224941 2483240
1790702224969 2556968
1790702224996 2628648
1790702225025 2704424
1790702225053 2778152
1790702225082 2853928
1790702225117 2946088
1790702225144 3017768
1790702225172 3091496
1790702225200 3165224
1790702225228 3238952
1790702225256 3314728
1790702225283 3386408
1790702225311 3458088
1790702225339 3531816
1790702225367 3605544
1790702225395 3679272
1790702225423 3753000
1790702225472 3882024
1790702225521 4011048
1790702225569 4138024
1790702225720 4262952
1790702225769 4389928
1790702225818 4518952
1790702225867 4647976
1790702225916 4779048
1790702225964 4908072
1790702226013 5035048
1790702226062 5164072
1790702226112 5297192
1790702226161 5428264
1790702226211 5561384
1790702226261 5692456
1790702226311 5825576
1790702226362 5958696
1790702226412 6089768
1790702226462 6222888
1790702226618 6358056
1790702226667 6489128
1790702226717 6620200
1790702226767 6753320
1790702226838 6941736
1790702226909 7132200
1790702226982 7324712
1790702227055 7519272
1790702227126 7707688
1790702227197 7896104
1790702227270 8086568
1790702227344 8285224
1790702227524 8473640
1790702227596 8666152
1790702227669 8860712
1790702227742 9053224
1790702227814 9243688
1790702227886 9434152
1790702227959 9626664
1790702228033 9823272
1790702228127 10073128
1790702228221 10322984
1790702228402 10538024
1790702228495 10785832
1790702228589 11033640
1790702228683 11281448
1790702228777 11533352
1790702228870 11775016
1790702228963 12014632
1790702229059 12268584
1790702229156 12526632
1790702229363 12782632
1790702229480 13091880
1790702229597 13403176
1790702229716 13718568
1790702229835 14033960
1790702229952 14349352
1790702230074 14683176
1790702230279 15031336
1790702230400 15356968
1790702230518 15674408
1790702230638 16002088
1790702230758 16331816
1790702230897 16716840
1790702231106 17062952
1790702231250 17464360
1790702231396 17869864
1790702231541 18273320
1790702231687 18676776
1790702231833 19084328
1790702231979 19487784
1790702232126 19893288
1790702232274 20302888
1790702232442 20769832
1790702232610 21234728
1790702232776 21697576
1790702232945 22166568
1790702233111 22629416
1790702233372 23112744
1790702235076 23583300
1790702236274 24055300
1790702271477 24537956
1790702286642 24709992 (true peak, below trigger threshold; snapshot is in peaks/peak.smaps)
