1790702233060 22490152 61
1790702233391 23168040 56
1790702234607 23389236 68
1790702235187 23644828 74
1790702235800 23905356 74
1790702237609 24069692 73
1790702239137 24102672 78
1790702240754 24149968 73
1790702242243 24166328 77
1790702243799 24198136 77
1790702245356 24207788 76
1790702246952 24249664 77
1790702248547 24259740 76
1790702250156 24301064 74
1790702251727 24309644 79
1790702253436 24356476 79
1790702255080 24363972 77
1790702256666 24398592 75
1790702258183 24408916 77
1790702259760 24413012 79
1790702261438 24442748 79
1790702263068 24463760 78
1790702264662 24467848 79
1790702266302 24499564 83
1790702268076 24514004 82
1790702269920 24515624 80
1790702271600 24538116 80
1790702273264 24564296 83
1790702274998 24569196 85
1790702276827 24607824 84
1790702278882 24619708 82
1790702280581 24623668 84
1790702282411 24654664 83
1790702284143 24670900 82
1790702285826 24694592 85
