1790156261766 84
1790156261892 51
1790156261978 48
1790156262060 45
1790156262138 46
1790156262220 96
1790156262352 71
1790156262461 74
1790156262571 73
1790156262683 82
1790156262805 80
1790156262923 81
1790156263043 80
1790156263168 89
1790156263297 82
1790156263417 82
1790156263539 84
1790156263664 86
1790156263788 86
1790156263915 84
1790156264039 86
1790156264166 84
1790156264288 84
1790156264410 84
1790156264532 85
1790156264656 83
1790156264779 84
1790156264901 84
1790156265023 85
1790156265146 83
1790156265267 83
1790156265391 86
1790156265515 84
1790156265639 88
1790156265770 90
1790156265900 90
1790156266031 94
1790156266166 88
1790156266294 94
1790156266431 94
1790156266566 97
1790156266705 99
1790156266847 97
1790156266985 93
1790156267118 104
1790156267262 101
1790156267407 95
1790156267542 104
1790156267687 96
1790156267824 95
1790156267959 98
1790156268098 98
1790156268237 97
1790156268375 98
1790156268514 99
1790156268655 103
1790156268800 101
1790156268939 104
1790156269085 110
1790156269236 110
1790156269390 100
1790156269531 101
1790156269673 106
1790156269822 111
1790156269974 111
1790156270129 109
1790156270269 106
1790156270419 106
1790156270566 105
1790156270703 105
1790156270850 105
1790156270987 113
1790156271142 112
1790156271286 115
1790156271446 103
1790156271581 106
1790156271729 98
1790156271860 100
1790156272000 99
1790156272128 102
1790156272272 102
1790156272405 104
1790156272549 102
1790156272683 104
1790156272827 27
1790156272884 25
1790156272939 103
1790156273082 28
1790156273139 124
1790156273319 27
1790156273377 27
1790156273468 28
1790156273527 98
1790156273654 27
1790156273711 27
1790156273791 26
1790156273847 102
1790156274013 28
1790156274072 28
1790156274156 27
1790156274215 111
1790156274382 30
1790156274457 29
1790156274543 113
1790156274745 34
1790156274884 123
1790156275091 29
1790156275232 118
1790156275445 32
1790156275561 122
1790156275797 31
1790156275927 136
1790156276151 32
1790156276271 130
1790156276446 32
1790156276538 31
1790156276658 121
1790156276862 29
1790156276985 105
1790156277171 26
1790156277277 108
1790156277479 29
1790156277590 115
1790156277786 29
1790156277882 29
1790156277941 112
1790156278110 27
1790156278217 116
1790156278424 28
1790156278533 112
1790156278727 30
1790156278824 31
1790156278886 116
1790156279034 29
1790156279094 31
1790156279183 34
1790156279250 119
1790156279437 35
1790156279505 31
1790156279569 29
1790156279631 122
1790156279839 28
1790156279938 36
1790156280006 118
1790156280183 28
1790156280296 124
1790156280454 34
1790156280535 31
1790156280598 31
1790156280687 124
1790156280897 32
1790156280963 30
1790156281064 126
1790156281275 31
1790156281391 128
1790156281553 32
1790156281646 31
1790156281774 125
1790156281986 32
1790156282105 129
1790156282321 35
1790156282392 30
1790156282496 134
1790156282718 32
1790156282838 131
1790156283057 34
1790156283125 32
1790156283231 132
1790156283452 32
1790156283546 33
1790156283612 132
1790156283832 32
1790156283966 133
1790156284189 33
1790156284310 133
1790156284531 33
1790156284611 32
1790156284703 134
1790156284925 33
1790156285047 133
1790156285296 34
1790156285378 35
1790156285446 134
1790156285669 33
1790156285791 135
1790156286015 33
1790156286095 32
1790156286187 136
1790156286411 33
1790156286534 136
1790156286758 32
1790156286894 137
1790156287121 34
1790156287244 139
1790156287471 33
1790156287553 33
1790156287647 136
1790156287878 33
1790156288005 139
1790156288233 33
1790156288371 139
1790156288599 33
1790156288722 138
1790156288951 33
1790156289059 31
1790156289122 137
1790156289322 33
1790156289446 140
1790156289675 32
1790156289808 134
1790156290032 33
1790156290158 138
1790156290387 33
1790156290496 33
1790156290564 33
1790156290660 135
1790156290892 34
1790156291017 33
1790156291143 142
1790156291371 33
1790156291497 33
1790156291594 37
1790156291666 141
1790156291869 33
1790156291936 33
1790156292030 35
1790156292178 142
1790156292413 33
1790156292509 34
1790156292584 33
1790156292680 145
1790156292919 35
1790156293031 34
1790156293099 35
1790156293198 138
1790156293428 36
1790156293556 34
1790156293681 142
1790156293898 32
1790156294023 32
1790156294145 139
1790156294374 34
1790156294500 33
1790156294608 143
1790156294841 32
1790156294964 32
1790156295059 32
1790156295127 138
1790156295329 33
1790156295396 33
1790156295503 33
1790156295598 33
1790156295666 142
1790156295843 32
1790156295910 32
1790156296033 33
1790156296157 142
1790156296375 32
1790156296499 33
1790156296623 142
1790156296857 33
1790156296981 33
1790156297090 146
1790156297327 33
1790156297424 32
1790156297491 33
1790156297587 32
1790156297654 145
1790156297862 33
1790156297973 32
1790156298041 33
1790156298136 148
1790156298377 33
1790156298475 33
1790156298542 34
1790156298669 146
1790156298893 34
1790156299018 33
1790156299114 35
1790156299183 143
1790156299390 33
1790156299458 35
1790156299561 31
1790156299684 139
1790156299903 33
1790156300001 33
1790156300070 33
1790156300168 150
1790156300409 36
1790156300535 31
1790156300629 33
1790156300697 147
1790156300893 32
1790156300965 33
1790156301060 32
1790156301158 43
1790156301239 148
1790156301453 34
1790156301580 35
1790156301681 34
1790156301764 146
1790156301949 32
1790156302078 34
1790156302206 156
1790156302457 35
1790156302586 35
1790156302715 157
1790156302952 35
1790156303080 35
1790156303209 157
1790156303460 35
1790156303559 34
1790156303628 33
1790156303696 35
1790156303768 161
1790156304008 34
1790156304079 33
1790156304177 33
1790156304302 158
1790156304554 34
1790156304681 34
1790156304809 158
1790156305048 33
1790156305178 36
1790156305313 157
1790156305540 34
1790156305670 34
1790156305775 42
1790156305860 161
1790156306072 36
1790156306202 35
1790156306334 165
1790156306596 35
1790156306727 35
1790156306857 165
1790156307105 36
1790156307240 35
1790156307372 38
1790156307507 169
1790156307775 36
1790156307879 37
1790156307951 35
1790156308054 35
1790156308174 169
1790156308442 37
1790156308573 35
1790156308706 36
1790156308836 168
1790156309103 37
1790156309237 36
1790156309328 37
1790156309403 36
1790156309507 37
1790156309580 381
1790156310030 37
1790156310165 36
1790156310299 37
1790156310433 175
1790156310707 36
1790156310829 36
1790156310964 36
1790156311067 37
1790156311142 177
1790156311388 39
1790156311525 36
1790156311659 37
1790156311794 175
1790156312055 38
1790156312190 40
1790156312328 35
1790156312463 173
1790156312734 38
1790156312873 36
1790156312978 36
1790156313070 38
1790156313146 174
1790156313421 36
1790156313557 39
1790156313697 37
1790156313832 175
1790156314107 38
1790156314245 36
1790156314368 37
1790156314505 176
1790156314781 37
1790156314919 36
1790156315024 40
1790156315103 37
1790156315209 178
1790156315487 37
1790156315581 37
1790156315657 37
1790156315762 35
1790156315836 36
1790156315942 178
1790156316189 37
1790156316263 37
1790156316370 37
1790156316444 38
1790156316519 34
1790156316591 38
1790156316730 181
1790156316967 38
1790156317043 38
1790156317183 36
1790156317288 37
1790156317363 36
1790156317470 180
1790156317719 37
1790156317793 34
1790156317898 34
1790156317999 36
1790156318074 36
1790156318211 184
1790156318483 38
1790156318592 38
1790156318667 37
1790156318774 36
1790156318911 182
1790156319163 37
1790156319239 37
1790156319346 38
1790156319484 36
1790156319621 182
1790156319892 38
1790156320031 37
1790156320170 37
1790156320276 183
1790156320561 38
1790156320702 36
1790156320840 37
1790156320946 184
1790156321218 38
1790156321295 37
1790156321402 39
1790156321543 37
1790156321650 186
1790156321938 38
1790156322079 39
1790156322220 37
1790156322295 36
1790156322370 186
1790156322646 39
1790156322786 36
1790156322928 38
1790156323035 186
1790156323323 38
1790156323463 36
1790156323569 40
1790156323713 194
1790156323996 38
1790156324108 39
1790156324185 39
1790156324294 38
1790156324406 36
1790156324480 188
1790156324737 38
1790156324844 34
1790156324972 33
1790156325073 33
1790156325142 34
1790156325228 173
1790156325501 39
1790156325611 36
1790156325716 36
1790156325791 35
1790156325892 34
1790156325993 173
1790156326263 34
1790156326364 35
1790156326496 35
1790156326611 36
1790156326714 170
1790156326982 33
1790156327085 37
1790156327223 35
1790156327329 36
1790156327402 35
1790156327474 35
1790156327545 185
1790156327801 37
1790156327944 37
1790156328045 43
1790156328130 35
1790156328208 43
1790156328290 41
1790156328401 190
1790156328665 38
1790156328805 39
1790156328949 36
1790156329056 39
1790156329202 193
1790156329473 45
1790156329626 44
1790156329754 44
1790156329918 45
1790156330047 204
1790156330335 45
1790156330424 42
1790156330510 45
1790156330603 43
1790156330689 40
1790156330773 39
1790156330857 43
1790156330949 43
1790156331034 45
1790156331127 206
1790156331401 45
1790156331524 42
1790156331649 44
1790156331734 42
1790156331821 39
1790156331905 41
1790156331990 43
1790156332077 207
1790156332359 40
1790156332479 39
1790156332560 43
1790156332684 43
1790156332806 39
1790156332926 207
1790156333239 38
1790156333382 37
1790156333491 37
1790156333634 38
1790156333778 200
1790156334017 37
1790156334094 37
1790156334204 38
1790156334282 38
1790156334393 37
1790156334504 37
1790156334600 39
1790156334678 199
1790156334984 37
1790156335094 38
1790156335171 37
1790156335282 37
1790156335392 38
1790156335470 37
1790156335547 39
1790156335625 202
1790156335900 38
1790156336012 37
1790156336088 38
1790156336198 37
1790156336295 38
1790156336373 38
1790156336483 38
1790156336561 200
1790156336801 37
1790156336878 38
1790156336990 38
1790156337101 37
1790156337179 40
1790156337261 37
1790156337337 39
1790156337450 38
1790156337527 216
1790156337819 39
1790156337931 38
1790156338009 38
1790156338122 39
1790156338220 37
1790156338297 39
1790156338409 205
1790156338689 38
1790156338769 39
1790156338883 38
1790156338994 43
1790156339087 44
1790156339177 37
1790156339322 207
1790156339602 37
1790156339680 37
1790156339791 38
1790156339902 38
1790156339999 39
1790156340078 38
1790156340190 38
1790156340269 210
1790156340558 44
1790156340647 44
1790156340735 44
1790156340863 44
1790156340990 44
1790156341156 212
1790156341439 35
1790156341546 36
1790156341697 46
1790156341841 38
1790156341953 208
1790156342236 39
1790156342316 38
1790156342427 37
1790156342540 39
1790156342619 37
1790156342729 37
1790156342841 37
1790156342919 37
1790156343031 212
1790156343318 40
1790156343466 38
1790156343602 39
1790156343719 45
1790156343850 46
1790156343941 43
1790156344032 216
1790156344336 42
1790156344462 41
1790156344546 39
1790156344658 39
1790156344770 39
1790156344882 37
1790156344960 39
1790156345077 207
1790156345357 39
1790156345490 39
1790156345604 38
1790156345750 38
1790156345863 39
1790156346010 207
1790156346291 38
1790156346437 38
1790156346550 38
1790156346698 39
1790156346811 38
1790156346958 209
1790156347231 40
1790156347379 38
1790156347493 39
1790156347640 38
1790156347754 38
1790156347872 218
1790156348134 40
1790156348221 40
1790156348371 38
1790156348485 39
1790156348635 40
1790156348750 213
1790156349060 41
1790156349176 39
1790156349326 39
1790156349439 40
1790156349590 39
1790156349705 219
1790156350000 40
1790156350081 40
1790156350162 42
1790156350246 39
1790156350360 40
1790156350479 39
1790156350595 39
1790156350676 39
1790156350779 224
1790156351080 42
1790156351164 40
1790156351281 39
1790156351396 39
1790156351547 39
1790156351661 40
1790156351775 214
1790156352099 43
1790156352219 40
1790156352369 39
1790156352484 39
1790156352634 39
1790156352772 229
1790156353089 45
1790156353220 45
1790156353350 44
1790156353476 46
1790156353608 48
1790156353736 220
1790156354002 46
1790156354097 40
1790156354213 39
1790156354329 37
1790156354418 46
1790156354508 48
1790156354600 42
1790156354685 38
1790156354794 49
1790156354889 234
1790156355171 45
1790156355258 38
1790156355340 41
1790156355468 48
1790156355565 38
1790156355643 36
1790156355755 38
1790156355833 38
1790156355944 207
1790156356192 38
1790156356271 37
1790156356384 39
1790156356500 40
1790156356653 39
1790156356768 39
1790156356905 226
1790156357207 39
1790156357321 52
1790156357454 42
1790156357607 39
1790156357723 43
1790156357810 198
1790156357810 42
1790156358099 41
1790156358183 42
1790156358267 40
1790156358349 55
1790156358558 61
1790156360246 92
1790156361549 247
1790156368112 255
1790156406743 254
1790156407043 46
1790156407138 45
1790156407229 46
1790156407308 46
1790156407401 45
1790156407495 47
1790156407590 47
1790156407685 48
1790156407781 43
1790156407872 45
1790156407964 46
1790156408058 49
1790156408156 46
1790156408234 47
1790156408330 46
1790156408424 46
1790156408518 45
1790156408611 47
1790156408707 50
1790156412711 262
1790156415628 49
1790156415727 47
1790156415821 45
1790156415913 47
1790156416007 46
1790156416101 46
1790156416194 45
1790156416287 46
1790156416380 45
1790156416472 46
1790156416564 49
1790156416662 48
1790156416764 48
1790156416859 251
1790156417158 214
1790156417158 48
1790156417460 47
1790156417540 47
1790156417840 46
1790156417935 47
1790156418060 49
1790156418324 260
1790156418634 48
1790156418734 47
1790156418831 49
1790156418924 48
1790156419022 47
1790156419121 48
1790156419218 50
1790156419319 48
1790156419464 47
1790156419603 264
1790156419958 48
1790156420101 49
1790156420241 48
1790156420381 47
1790156420520 48
1790156420648 49
1790156420747 47
1790156420843 263
1790156421197 48
1790156421338 47
1790156421476 47
1790156421615 48
1790156421754 48
1790156421895 48
1790156421993 48
1790156422090 262
1790156422443 48
1790156422583 48
1790156422723 48
1790156422862 45
1790156423024 47
1790156423161 48
1790156423301 266
1790156423659 52
1790156423806 48
1790156423947 48
1790156424087 48
1790156424227 48
1790156424370 51
1790156424519 266
1790156424882 50
1790156424982 48
1790156425079 47
1790156425177 51
1790156425278 47
1790156425404 48
1790156425545 48
1790156425685 48
1790156425826 267
1790156426186 49
1790156426285 49
1790156426384 53
1790156426531 47
1790156426670 47
1790156426768 49
1790156426866 48
1790156427008 48
1790156427148 272
1790156427469 48
1790156427568 48
1790156427707 60
1790156427822 49
1790156427949 49
1790156428050 51
1790156428152 48
1790156428255 55
1790156428407 47
1790156428544 271
1790156428949 47
1790156429088 47
1790156429231 52
1790156429380 48
1790156429520 48
1790156429658 47
1790156429797 267
1790156430156 50
1790156430257 48
1790156430355 49
1790156430526 48
1790156430665 50
1790156430804 49
1790156430952 49
1790156431093 279
1790156431465 48
1790156431606 48
1790156431745 52
1790156431847 47
1790156431944 51
1790156432092 50
1790156432247 47
1790156432387 282
1790156432762 49
1790156432906 47
1790156433079 51
1790156433223 48
1790156433366 48
1790156433517 51
1790156433660 281
1790156434039 48
1790156434180 49
1790156434323 52
1790156434469 48
1790156434611 49
1790156434709 52
1790156434815 48
1790156434956 283
1790156435332 49
1790156435478 49
1790156435607 55
1790156435714 48
1790156435855 49
1790156435997 52
1790156436151 51
1790156436294 292
1790156436682 49
1790156436826 50
1790156436976 50
1790156437119 49
1790156437264 51
1790156437413 49
1790156437556 50
1790156437702 286
1790156438082 51
1790156438185 53
1790156438325 51
1790156438471 50
1790156438612 53
1790156438759 49
1790156438903 50
1790156439052 291
1790156439442 53
1790156439592 50
1790156439736 50
1790156439883 53
1790156440032 50
1790156440178 49
1790156440325 51
1790156440473 290
1790156440864 50
1790156440996 51
1790156441098 49
1790156441203 50
1790156441350 49
1790156441494 50
1790156441639 51
1790156441788 50
1790156441933 297
1790156442283 50
1790156442389 53
1790156442538 52
1790156442686 51
1790156442833 53
1790156442977 51
1790156443125 50
1790156443272 50
1790156443421 298
1790156443806 53
1790156443961 50
1790156444110 51
1790156444260 51
1790156444364 50
1790156444469 50
1790156444571 53
1790156444677 54
1790156444787 51
1790156444892 50
1790156445040 294
1790156445432 55
1790156445586 54
1790156445739 51
1790156445889 52
1790156446040 50
1790156446189 50
1790156446339 51
1790156446476 299
1790156446875 51
1790156447024 51
1790156447174 51
1790156447324 51
1790156447474 52
1790156447624 51
1790156447774 52
1790156447926 302
1790156448328 51
1790156448478 52
1790156448629 53
1790156448781 51
1790156448935 52
1790156449085 51
1790156449238 55
1790156449384 308
1790156449793 53
1790156449945 52
1790156450097 52
1790156450249 52
1790156450401 50
1790156450551 52
1790156450702 52
1790156450808 51
1790156450910 304
1790156451267 53
1790156451374 55
1790156451482 52
1790156451589 52
1790156451742 52
1790156451894 52
1790156452041 52
1790156452194 53
1790156452346 53
1790156452484 312
1790156452900 52
1790156453059 53
1790156453216 51
1790156453367 52
1790156453518 52
1790156453672 51
1790156453824 53
1790156453979 309
1790156454390 54
1790156454546 55
1790156454709 53
1790156454865 54
1790156455021 53
1790156455176 57
1790156455340 54
1790156455485 313
1790156455908 54
1790156456068 55
1790156456229 55
1790156456386 52
1790156456541 52
1790156456695 53
1790156456850 53
1790156457006 54
1790156457162 312
1790156457578 54
1790156457688 54
1790156457796 52
1790156457954 53
1790156458113 52
1790156458270 54
1790156458428 54
1790156458584 55
1790156458730 57
1790156458891 317
1790156459313 53
1790156459471 55
1790156459629 57
1790156459795 50
1790156459949 53
1790156460109 60
1790156460280 55
1790156460392 54
1790156460502 54
1790156460612 314
1790156460986 56
1790156461097 52
1790156461206 53
1790156461362 54
1790156461520 53
1790156461675 54
1790156461831 54
1790156461973 56
1790156462137 53
1790156462294 321
1790156462720 53
1790156462877 53
1790156463034 54
1790156463191 54
1790156463348 54
1790156463505 53
1790156463662 54
1790156463819 54
1790156463976 324
1790156464356 53
1790156464465 54
1790156464624 54
1790156464783 55
1790156464941 56
1790156465101 54
1790156465241 53
1790156465400 55
1790156465559 325
1790156465989 56
1790156466151 55
1790156466315 58
1790156466480 56
1790156466592 54
1790156466752 58
1790156466916 55
1790156467074 57
1790156467238 340
1790156467683 53
1790156467839 54
1790156467996 53
1790156468152 53
1790156468309 53
1790156468466 54
1790156468610 55
1790156468761 53
1790156468923 327
1790156469355 52
1790156469510 55
1790156469657 53
1790156469814 56
1790156469977 57
1790156470140 56
1790156470313 55
1790156470426 53
1790156470581 56
1790156470701 326
1790156471086 55
1790156471197 54
1790156471307 53
1790156471417 54
1790156471578 56
1790156471739 54
1790156471899 61
1790156472060 54
1790156472221 57
1790156472389 331
1790156472779 54
1790156472892 58
1790156473006 55
1790156473170 54
1790156473332 54
1790156473491 56
1790156473654 55
1790156473815 53
1790156473926 55
1790156474036 55
1790156474151 334
1790156474592 54
1790156474752 56
1790156474912 59
1790156475078 56
1790156475242 54
1790156475403 56
1790156475559 56
1790156475723 56
1790156475885 57
1790156476048 341
1790156476495 58
1790156476660 55
1790156476824 54
1790156476985 60
1790156477154 56
1790156477316 61
1790156477486 54
1790156477598 55
1790156477711 56
1790156477825 55
1790156477938 57
1790156478053 57
1790156478167 334
1790156478559 61
1790156478730 55
1790156478893 56
1790156479059 56
1790156479225 55
1790156479370 57
1790156479540 56
1790156479709 55
1790156479859 56
1790156480025 346
1790156480467 56
1790156480632 56
1790156480799 59
1790156480965 57
1790156481130 58
1790156481298 58
1790156481463 60
1790156481633 59
1790156481786 56
1790156481952 351
1790156482414 61
1790156482584 57
1790156482751 59
1790156482912 56
1790156483067 57
1790156483235 60
1790156483404 56
1790156483569 58
1790156483723 57
1790156483888 354
1790156484353 59
1790156484521 57
1790156484636 57
1790156484751 57
1790156484869 56
1790156485034 56
1790156485200 58
1790156485367 57
1790156485536 57
1790156485702 57
1790156485817 59
1790156485935 358
1790156486353 58
1790156486522 57
1790156486687 57
1790156486841 56
1790156487007 57
1790156487174 57
1790156487341 58
1790156487512 56
1790156487628 56
1790156487743 58
1790156487863 356
1790156488329 58
1790156488445 55
1790156488559 58
1790156488677 56
1790156488827 57
1790156488994 58
1790156489147 56
1790156489314 60
1790156489488 57
1790156489605 57
1790156489722 59
1790156489844 361
1790156490304 57
1790156490459 58
1790156490631 59
1790156490787 58
1790156490942 58
1790156491111 58
1790156531433 333
1790156531870 52
1790156531978 53
1790156532084 53
1790156532192 53
1790156532298 54
1790156532409 53
1790156532564 54
1790156532673 54
1790156532781 54
1790156532889 53
1790156533045 54
1790156533153 53
1790156533262 54
1790156533371 332
1790156533792 54
1790156533934 55
1790156534093 52
1790156534249 56
1790156534362 52
1790156534517 52
1790156534671 53
1790156534812 54
1790156534971 52
1790156535078 53
1790156535186 330
1790156535570 51
1790156535711 51
1790156535870 52
1790156535977 55
1790156536088 51
1790156536195 52
1790156536368 64
1790156536499 63
1790156536631 65
1790156536805 64
1790156536936 64
1790156537066 64
1790156537197 353
1790156537619 65
1790156537753 61
1790156537941 70
1790156538073 71
1790156538242 70
1790156538371 71
1790156538503 58
1790156538619 68
1790156538785 68
1790156538983 67
1790156539119 54
1790156539276 344
1790156539677 53
1790156539787 53
1790156539896 54
1790156540056 54
1790156540215 57
1790156540331 53
1790156540439 72
1790156540575 63
1790156540767 75
1790156540897 53
1790156541054 52
1790156541212 55
1790156541325 337
1790156541717 53
1790156541827 53
1790156541985 54
1790156542096 53
1790156542205 53
1790156542315 53
1790156542472 53
1790156542580 55
1790156542694 53
1790156542838 51
1790156542946 53
1790156543094 52
1790156543253 344
1790156543653 54
1790156543762 53
1790156543867 52
1790156544024 55
1790156544184 57
1790156544298 54
1790156544409 54
1790156544520 54
1790156544680 53
1790156544839 55
1790156544945 53
1790156545055 54
1790156545166 56
1790156545327 352
1790156545737 55
1790156545898 55
1790156546058 55
1790156546171 54
1790156546329 55
1790156546491 56
1790156546643 56
1790156546757 55
1790156546914 53
1790156547075 55
1790156547188 348
1790156547643 55
1790156547806 55
1790156547918 54
1790156548086 56
1790156548249 54
1790156548361 56
1790156548521 56
1790156548633 55
1790156548746 56
1790156548859 56
1790156549017 56
1790156549169 352
1790156549629 56
1790156549743 54
1790156549905 55
1790156550069 55
1790156550182 55
1790156550346 62
1790156550502 56
1790156550667 56
1790156550782 56
1790156550945 56
1790156551059 56
1790156551173 356
1790156551587 55
1790156551752 57
1790156551918 56
1790156552031 56
1790156552198 56
1790156552366 58
1790156552483 58
1790156552649 57
1790156552818 55
1790156552933 57
1790156553099 359
1790156553568 57
1790156553683 56
1790156553849 56
1790156554014 58
1790156554130 55
1790156554291 57
1790156554446 59
1790156554614 57
1790156554729 56
1790156554896 56
1790156555063 57
1790156555183 363
1790156555658 56
1790156555824 58
1790156555940 58
1790156556109 59
1790156556280 57
1790156556396 57
1790156556564 56
1790156556731 58
1790156556847 56
1790156557015 57
1790156616010 402
1790156633140 415
1790156633801 428
1790156634543 434
1790156635181 80
1790156635531 427
1790156636156 76
1790156636389 439
1790156637133 91
1790156637408 452
1790156638186 453
1790156638834 99
1790156639313 452
1790156639895 462
1790156640690 462
1790156641365 75
1790156641745 630
1790156642445 75
1790156642688 486
1790156643389 75
1790156643555 473
1790156644663 72
1790156644788 72
1790156644980 477
1790156645527 72
1790156645668 478
1790156646268 75
1790156646413 484
1790156646965 75
1790156647151 490
1790156647710 73
1790156647855 494
1790156648403 74
1790156648604 496
1790156649171 76
1790156649302 75
1790156649447 500
1790156650073 78
1790156650222 505
1790156650798 75
1790156650944 507
1790156651564 77
1790156651712 519
1790156652303 78
1790156652454 518
1790156653087 77
1790156653234 520
1790156653827 78
1790156653978 78
1790156654186 532
1790156654792 77
1790156654942 78
1790156655079 535
1790156655735 81
1790156655889 539
1790156656503 79
1790156656642 79
1790156656854 547
1790156657474 79
1790156657628 79
1790156657782 550
1790156658458 81
1790156658614 559
1790156659250 79
1790156659408 83
1790156659626 569
1790156660272 81
1790156660430 82
1790156660589 586
1790156661315 83
1790156661474 582
1790156662134 81
1790156662299 83
1790156662523 584
1790156663185 83
1790156663346 83
1790156663506 595
1790156664243 84
1790156664406 601
1790156665085 83
1790156665247 86
1790156665480 606
1790156666166 86
1790156666332 85
1790156666498 621
1790156667201 84
1790156667434 626
1790156668140 85
1790156668305 86
1790156668472 622
1790156669176 85
1790156669408 629
1790156670119 86
1790156670286 86
1790156670455 637
1790156671174 88
1790156671417 641
1790156672141 86
1790156672314 88
1790156672484 648
1790156673218 91
1790156673822 91
1790156674254 647
1790156712473 575
1790156734511 590
1790156835817 665
1790156836616 91
1790156836888 94
1790156841313 93
1790156865153 701
1790156866634 102
1790156866879 95
1790156867273 111
1790156867504 94
1790156867826 108
1790156868113 103
1790156868460 94
1790156869607 103
1790156870356 96
1790156871367 106
1790156874468 102
1790156874748 105
1790156876752 107
1790156885303 685
1790156887208 104
1790156895302 96
1790156895635 97
1790156895927 98
1790156896204 109
1790156896510 96
1790156896810 110
1790156897139 685
1790156898051 97
1790156901409 95
1790156916855 727
1790156923771 113
1790156924036 95
1790156924249 110
1790156924507 96
1790156924766 96
1790156925019 96
1790156925251 98
1790156925479 115
1790156925747 95
1790156925982 99
1790156952300 669
1790156953120 97
1790156953479 677
1790156954343 109
1790156954590 98
1790156955070 710
1790156956032 98
1790156956288 705
1790156957465 718
1790156958321 101
1790156958541 114
1790156958826 719
1790156960052 739
1790156960978 102
1790156961278 104
1790156961938 755
1790156962950 108
1790156963189 112
1790156963721 863
1790156964770 179
1790156965139 106
1790156965450 778
1790156966350 104
1790156966656 127
1790156966887 104
1790156967085 108
1790156967435 136
1790156970808 124
1790156971463 126
1790156978009 131
1790156981174 779
1790156988301 119
1790156988568 138
1790156988840 108
1790156989113 807
1790156990107 111
1790156990545 111
1790156990869 121
1790156991208 109
1790156991497 842
1790156992522 113
1790156993029 110
1790156993341 110
1790156993658 110
1790156994023 139
1790156994322 113
1790156994576 115
1790156994897 116
1790156995242 141
1790156995553 832
1790156996610 155
1790156997085 144
1790156997419 142
1790156997764 151
1790156998108 838
1790156999163 116
1790156999440 116
1790156999683 122
1790156999991 130
1790157000326 166
1790157000740 115
1790157001005 820
1790157002233 115
1790157002577 114
1790157002837 115
1790157003078 125
1790157003410 868
1790157004485 115
1790157004848 130
1790157005219 117
1790157005558 118
1790157005827 131
1790157006289 858
1790157007328 117
1790157007666 126
1790157007991 132
1790157008345 121
1790157008661 152
1790157008968 890
1790157010086 120
1790157010422 120
1790157010703 120
1790157011014 148
1790157011664 907
1790157012743 145
1790157013081 180
1790157013526 131
1790157013806 163
1790157014171 123
1790157014465 133
1790157014749 927
1790157015888 145
1790157016193 126
1790157016485 127
1790157017045 169
1790157017377 960
1790157018468 143
1790157018845 133
1790157019213 138
1790157019559 156
1790157020130 130
1790157020426 129
1790157020835 172
1790157032673 179
1790157033020 134
1790157033563 132
1790157033916 943
1790157035034 148
1790157035386 175
1790157070934 1005
1790157072189 151
1790157072658 144
1790157073041 160
1790157073479 138
1790157073872 144
1790157074519 152
1790157074907 141
1790157076724 992
1790157077960 137
1790157078288 189
1790157078693 139
1790157079092 190
1790157079507 157
1790157079923 143
1790157080253 146
1790157080639 144
1790157080902 141
1790157081246 998
1790157082462 153
1790157082812 157
1790157084632 171
1790157085187 146
1790157085766 142
1790157086572 150
1790157118794 1012
1790157121226 139
1790157125698 148
1790157126206 145
1790157126547 147
1790157126817 148
1790157127162 144
1790157127601 145
1790157362885 985
1790157364002 135
1790157364266 134
1790157364529 135
1790157364795 135
1790157365060 990
1790157366164 133
1790157366429 134
1790157366693 135
1790157366959 134
1790157367338 998
1790157368467 138
1790157368738 136
1790157369006 137
1790157369277 140
1790157369551 1010
1790157370693 136
1790157371467 135
1790157371738 138
1790157372507 136
1790157373403 136
1790157374171 135
1790157374442 136
1790157374837 135
1790157387808 1017
1790157389075 139
1790157389348 140
1790157389620 138
1790157389894 1032
1790157391063 141
1790157391338 139
1790157391611 139
1790157391887 140
1790157392110 1033
1790157393380 141
1790157393657 143
1790157393935 142
1790157394191 1044
1790157395369 141
1790157395648 142
1790157395925 144
1790157396169 140
1790157396449 143
1790157397514 1062
1790157399354 141
1790157400287 144
1790157400960 147
1790157401247 140
1790157402044 149
1790157402837 141
1790157403637 142
1790157403904 143
1790157404188 143
1790157405251 142
1790157437145 1060
1790157438852 143
1790157439131 143
1790157439933 144
1790157440198 193
1790157441057 193
1790157441391 193
1790157441990 191
1790157442302 192
1790157443025 140
1790157443944 192
1790157444670 192
1790157445262 142
1790157445540 144
1790157445952 142
1790157446619 141
1790157447285 141
1790157447896 141
1790157448572 142
1790157449251 141
1790157449909 142
1790157450570 142
1790157451376 142
1790157452055 143
1790157452729 142
1790157453400 139
1790157454069 140
1790157454748 141
1790157469406 1052
1790157810055 1117
1790157811414 167
1790157811898 230
1790157812418 170
1790157812884 164
1790157813106 162
1790157813386 163
1790157813764 167
1790157814332 194
1790157833093 1084
1790157834449 161
1790157834893 163
1790157835318 187
1790157835862 185
1790157836410 181
1790157836803 183
1790157844004 179
1790157844625 184
1790157844999 220
1790157846031 175
1790157846500 176
1790157847066 216
1790157847580 177
1790157848059 186
1790157848711 178
1790157849545 178
1790157849926 158
1790157850442 175
1790157851127 213
1790157851744 1134
1790157858323 175
1790157900746 1134
1790157903376 176
1790157903828 178
1790157905862 210
1790157906249 154
1790157906705 188
1790157907150 175
1790157907595 176
1790157907968 176
1790157908401 175
1790157908777 176
1790157909219 178
1790157909625 172
1790157909997 1140
1790157911399 177
1790157911920 183
1790157912691 176
1790157913011 177
1790157913430 219
1790157913850 180
1790157914863 183
1790157918470 170
1790158178527 1089
1790158179797 174
1790158180232 162
1790158180610 220
1790158181094 175
1790158181664 192
1790158182120 162
1790158182462 164
1790158182871 162
1790158183351 161
1790158183755 159
1790158184530 162
1790158184943 161
1790158185611 202
1790158186011 186
1790158186904 180
1790158187332 233
1790158188012 232
1790158188532 219
1790158189579 220
1790158682673 1235
1790158684108 256
1790158684585 197
1790158968322 1218
1790158969776 213
1790158970372 204
1790158970915 222
1790158971686 218
1790158972177 258
1790158973092 228
1790158973684 194
1790158974283 213
1790158974750 223
1790158975281 201
1790158976019 196
1790158976419 232
1790158977168 201
1790158977950 197
1790158978383 211
1790158978908 198
1790158979615 208
1790159853383 1637
1790159855405 267
1790159856016 227
1790159856477 225
1790159857723 452
1790159858563 245
1790159859252 224
1790159860243 256
1790159861485 240
1790159862157 270
1790161300510 1378
1790161302302 217
1790161302865 332
1790161304013 339
1790161304642 226
1790161305052 230
1790163130463 1607
1790163132573 447
1790163148649 294
1790163159858 1543
1790163536905 1533
1790163538841 289
1790163539279 287
1790163539983 298
1790163540648 452
1790163541530 297
1790163547649 298
1790164512382 1573
1790165521983 1627
1790165527678 315
1790166108257 1744
1790166110452 335
1790166111290 327
1790166114341 528
1790166116143 364
1790166118105 332
1790166121118 313
1790166123340 511
1790166126450 318
1790166165087 1890
1790166167336 330
1790166168369 329
1790166211923 1849
1790166347382 1721
1790166397256 1723
1790166570831 1642
1790166572718 324
1790166573215 508
1790166574245 326
1790166574989 533
1790166576080 322
1790166576662 522
1790166577892 551
1790166578987 326
1790166579805 312
1790166580651 327
1790166581461 325
1790166582225 328
1790166583402 312
1790166584118 315
1790166584819 320
1790166590341 312
1790167809924 1160
1790167989729 1024
1790171049631 1788
1790171051708 487
1790171052485 304
1790171053218 324
1790171054081 324
1790171054727 306
1790171055657 304
1790171056257 503
1790171056876 493
1790171057680 309
1790171058610 302
1790171059213 305
1790171060671 305
1790171061295 322
1790171062769 323
1790171063394 324
1790171064426 340
1790171065097 308
1790171065728 310
1790171067202 506
1790171067971 321
1790171069138 325
1790171069778 318
1790171070909 315
1790171071897 307
1790171073311 482
1790171074052 490
1790171076275 329
1790171077218 1967
1790171079765 341
1790171080681 1812
1790171082951 506
1790171084896 1833
1790171087302 315
1790171087935 349
1790171088857 517
1790171089944 2051
1790171092566 335
1790171094214 1831
1790171096536 525
1790171097532 2084
1790171100328 520
1790171102399 331
1790171103168 1935
1790171105933 523
1790171106871 359
1790171107679 370
1790171108648 326
1790171109778 353
1790171110576 1896
1790171113271 340
1790171114114 322
1790171115767 343
1790171116793 352
1790171117484 1882
1790171120009 354
1790171121009 343
1790171122064 1897
1790171124594 338
1790171126117 1904
1790171128620 354
1790177351828 1230
1790177391814 1485
1790187512848 1451
1790194071766 1947
1790194904048 1769
1790195574171 1770
1790195582116 981
1790195583686 2847
1790195588115 2849
1790195591536 974
1790195594065 2893
1790199033837 2519
1790206947462 1845
1790207014766 1779
1790217703441 1767
1790217740181 1779
1790237150823 1949
1790237155570 1461
1790237339498 1525
1790249236260 1749
1790249306672 2055
1790261989279 1844
1790269877583 2669
1790271193514 2366
1790271846795 2326
1790286210606 2275
1790286283500 2232
1790299365424 1485
