# timestamp_ms rss_kb
1785806067504 12364
1785806068400 13160
1785806068467 73940
1785806068533 136864
1785806068604 164456
1785806068674 192108
1785806068745 196716
1785806068878 214132
1785806068952 260520
1785806069028 301024
1785806069116 335400
1785806069202 342696
1785806069918 365788
1785806072867 378156
1785806073777 398076
1785806073864 434132
1785806074691 444372
1785806075344 456660
1785806076580 466900
1785806147553 471752 (true peak, below trigger threshold; snapshot is in peaks/peak.smaps)
