1790736112099 46732 29
1790736112324 48724 21
1790736113262 49016 21
1790736114255 49096 24
1790736114338 57612 21
1790736114429 67052 22
1790736114521 112216 23
1790736114636 159364 20
1790736114723 177840 19
1790736115138 177848 20
1790736115566 178076 21
1790736115646 186720 24
1790736115743 191812 22
1790736115841 199380 23
1790736115937 201640 22
1790736116418 217032 23
1790736116519 245492 24
1790736116620 251580 24
1790736116718 255960 24
1790736116808 262440 24
1790736116906 266828 24
1790736116995 273140 25
1790736117096 277312 26
1790736117189 281428 27
1790736117291 290224 25
1790736117460 298496 27
1790736117565 306952 26
1790736117733 315284 28
1790736117837 321528 27
1790736118010 331844 27
1790736118114 338096 29
1790736118293 348464 28
1790736118396 352692 27
1790736118489 356816 27
1790736118596 365144 28
1790736118705 643740 34
1790736118860 1283516 50
1790736119103 1746200 56
1790736120335 1747296 58
1790736121603 1863032 57
1790736121873 1910000 58
1790736122620 1938572 57
1790736123347 1994296 57
1790736123612 2050032 58
1790736123894 2130904 59
1790736125340 2136304 60
1790736127206 2145828 59
1790736128334 2175860 59
1790736128628 2628984 60
1790736129820 2674412 62
1790736130064 3002148 61
1790736130353 3286756 61
1790736131640 3296480 60
1790736133028 3297716 59
1790736134252 3297856 62
1790736135757 3298584 60
1790736137139 3300388 63
1790736138494 3302336 61
1790736139816 3303424 62
1790736141087 3303916 60
1790736142393 3304076 58
1790736144637 3304260 63
1790736146110 3304320 60
1790736147417 3304960 61
1790736148795 3305184 61
1790736150042 3308120 62
1790736151327 3309124 62
1790736152872 3311820 62
1790736156423 3313868 62
1790736157919 3366080 63
1790736158201 3764572 63
1790736190797 3798720 66
1790736224568 3810380 68
1790736258558 3819348 64
1790736292055 3843800 65
1790736393785 3864988 71
1790736427419 3878732 65
