# timestamp_ms rss_kb
1787028850589 149908
1787028850638 204328
1787028850684 254900
1787028850736 260468
1787028851854 267536
1787028852299 328696
1787028852400 340376
1787028852459 370696
1787028852518 386452
1787028852576 402844
1787028852635 419228
1787028852694 435624
1787028852755 464540
1787028852815 482112
1787028852871 497312
1787028852929 512960
1787028852993 529336
1787028853059 541116
1787028853124 559000
1787028853189 574968
1787028853250 592320
1787028853317 607560
1787028853384 622968
1787028853444 638328
1787028853506 653688
1787028853568 669296
1787028853685 694376
1787028853754 710832
1787028853823 728720
1787028853892 745800
1787028853963 761384
1787028854036 777772
1787028854161 805420
1787028854291 832796
1787028854365 849788
1787028854500 876664
1787028854637 902780
1787028854769 930624
1787028854910 957116
1787028855053 986704
1787028855198 1012680
1787028855338 1041788
1787028855486 1065372
1787028855626 1095940
1787028855773 1122656
1787028855928 1153380
1787028856086 1180424
1787028856242 1209696
1787028856391 1234216
1787028856530 1260252
1787028856679 1288524
1787028856842 1316480
1787028857005 1347280
1787028857246 1385440
1787028857467 1425080
1787028857697 1464676
1787028857952 1504168
1787028858204 1544164
1787028858462 1585152
1787028858705 1621864
1787028858970 1662540
1787028859225 1703936
1787028859498 1743840
1787028859781 1785608
1787028871375 1829388
1787028875865 1866000
1787028876342 1911032
1787028876457 1970672
1787028877160 2033996
1787028877283 2079376
1787028914163 2131132
