1787341685461 11564 17
1787341685533 62376 11
1787341685598 113480 12
1787341685665 163660 12
1787341685734 208232 13
1787341685805 236552 13
1787341685878 264092 13
1787341686388 264152 14
1787341691732 264240 12
1787341691888 270724 13
1787341692411 272596 13
1787341692499 332560 14
1787341692626 353888 15
1787341692705 371828 15
1787341692930 376860 15
1787341693194 380956 16
1787341693524 385056 16
1787341693767 389152 15
1787341694045 393248 16
1787341694315 397348 16
1787341694585 401444 16
1787341694870 405540 16
1787341695144 409644 16
1787341695541 415788 17
1787341695931 421936 17
1787341696333 428084 17
1787341696733 433712 17
1787341697054 438332 17
1787341697468 444488 17
1787341697740 456968 17
1787341697829 465028 17
1787341698223 471172 18
1787341698666 477316 18
1787341699091 483460 18
1787341699492 489604 18
1787341699906 495752 19
1787341700340 501896 18
1787341700763 508040 19
1787341701168 514184 19
1787341701599 520328 19
1787341702242 526472 20
1787341702655 532616 19
1787341703069 541700 19
1787341703510 547844 20
1787341703937 553988 21
1787341704389 560132 20
1787341704819 566276 20
1787341705234 572420 20
1787341705671 578564 21
1787341706092 584708 21
1787341706528 590852 21
1787341706952 596996 21
1787341707385 603140 21
1787341707808 609284 22
1787341708226 617416 24
1787341708825 625608 23
1787341709381 633800 22
1787341709927 641992 22
1787341710506 650184 22
1787341711006 656328 23
1787341711538 662668 24
1787341712045 670664 24
1787341712608 677096 24
1787341713063 684556 24
1787341713542 693012 24
1787341714125 701204 23
1787341714615 707348 25
1787341715241 715540 25
1787341715824 723732 25
1787341716397 731924 25
1787341716987 740116 25
1787341717541 747288 24
1787341718010 755860 25
1787341718586 764052 26
1787341719156 772244 27
1787341719725 780436 27
1787341720294 788628 27
1787341720855 796820 27
1787341721432 805012 27
1787341722070 813204 26
1787341722636 821724 26
1787341723210 829916 26
1787341723812 838108 28
1787341724402 846300 26
1787341724994 854492 28
1787341725587 862684 30
1787341726214 870876 29
1787341726900 881116 29
1787341727576 891296 29
1787341728312 901536 29
1787341729011 911776 31
1787341729776 922016 30
1787341730503 932260 30
1787341731221 942500 31
1787341731919 952544 31
1787341732658 962784 31
1787341733406 973024 31
1787341734159 983264 32
1787341734922 993504 31
1787341735673 1003808 33
1787341736353 1013708 33
1787341737083 1023952 34
1787341737823 1034192 35
1787341738567 1044432 34
1787341739315 1054672 33
1787341740002 1064484 35
1787341740730 1074724 35
1787341741489 1084964 35
1787341742256 1095204 36
1787341743028 1105444 37
1787341743808 1115700 37
1787341744680 1127356 37
1787341745457 1137596 37
1787341746351 1149888 38
1787341747126 1160128 37
1787341747981 1171384 38
1787341748824 1181624 39
1787341749699 1193912 39
1787341750607 1206200 40
1787341751528 1218548 40
1787341752400 1229692 40
1787341753330 1241980 40
1787341754258 1254268 41
1787341755199 1266640 44
1787341756187 1279832 45
1787341757133 1292120 43
1787341758073 1304408 45
1787341759096 1317576 44
1787341760067 1329868 43
1787341761024 1342156 44
1787341761993 1354444 44
1787341763016 1367608 45
1787341763994 1379896 47
1787341764974 1392184 47
1787341766048 1405232 45
1787341767049 1417520 47
1787341768056 1429808 51
1787341769112 1442740 48
1787341770113 1455028 48
1787341771146 1467316 50
1787341772316 1482232 52
1787341773512 1496568 51
1787341774581 1508856 51
1787341775622 1521728 51
1787341776664 1534016 51
1787341777715 1546804 52
1787341778910 1561140 52
1787341779971 1573428 54
1787341781172 1588224 54
1787341782376 1602560 54
1787341783629 1617300 55
1787341784817 1632044 55
1787341786051 1646380 55
1787341787182 1659040 57
1787341788372 1673376 57
1787341789608 1688032 58
1787341790856 1702672 58
1787341792107 1717008 58
1787341793358 1731620 60
1787341794691 1746216 59
1787341795899 1760820 61
1787341797181 1775552 61
1787341798467 1790180 64
1787341799109 1823096 63
1787341801480 1828088 64
1787341803535 1828092 65
1787341827448 1830128 64
1787341828158 1849892 63
1787341829679 1853176 64
1787341831446 1853180 62
1787341833530 1855008 64
1787341834467 1873928 63
1787341835084 1901236 65
1787341835307 1984156 67
1787341835534 2004920 69
1787341836209 2086332 72
1787341837711 2090284 71
1787341839215 2091768 70
1787341840724 2092744 72
1787341841373 2121528 74
1787341856369 2122376 74
1787341871151 2138000 71
1787341872725 2138020 72
1787342114590 2138276 75
1787342145333 2138532 72
1787342844214 2138536 76
1787343354871 2138544 78
1787343552131 2138548 75
1787343553988 2138564 70
1787343555565 2138572 75
1787343560116 2138576 71
1787343572863 2138580 72
1787343585641 2138584 72
1787343592735 2138588 72
1787343596972 2138592 77
1787343600365 2138596 73
1787343604085 2138600 80
1787343607469 2138604 72
1787345200399 2138832 3
