# timestamp_ms rss_kb
1787166191027 257824
1787166191304 265180
1787166191642 273496
1787166192028 282900
1787166192441 293040
1787166193298 302424
1787166195642 309484
1787166196310 316040
1787166196806 326656
1787166197376 348540
1787166198275 372552
1787166198384 387724
1787166198500 414680
1787166198616 433116
1787166198733 460936
1787166199168 484728
1787166199282 506956
1787166199394 543820
1787166200488 580376
1787166200604 609752
1787166200731 672004
1787166200849 723204
1787166200973 749828
1787166202225 765028
1787166202549 785812
1787166203177 814068
1787166203294 833804
1787166203419 862912
1787166203623 891892
1787166204385 935676
1787166212608 960676
1787166212729 987300
1787166214820 1029704
1787166332285 1044236 (true peak, below trigger threshold; snapshot is in peaks/peak.smaps)
