1787166191027 60
1787166191139 56
1787166191233 33
1787166191304 57
1787166191411 33
1787166191481 54
1787166191572 32
1787166191642 57
1787166191748 34
1787166191820 33
1787166192028 56
1787166192298 36
1787166192370 35
1787166192441 54
1787166192544 35
1787166192615 30
1787166193298 59
1787166195544 60
1787166195642 58
1787166195750 35
1787166195847 36
1787166195922 34
1787166195997 36
1787166196072 36
1787166196146 56
1787166196240 31
1787166196310 58
1787166196419 56
1787166196512 35
1787166196587 34
1787166196661 35
1787166196735 32
1787166196806 56
1787166196912 34
1787166196987 32
1787166197058 35
1787166197133 35
1787166197207 57
1787166197303 33
1787166197376 59
1787166197487 34
1787166197562 34
1787166197638 33
1787166197710 55
1787166198275 56
1787166198384 58
1787166198500 62
1787166198616 61
1787166198733 59
1787166199068 60
1787166199168 57
1787166199282 56
1787166199394 62
1787166200388 59
1787166200488 58
1787166200604 60
1787166200731 61
1787166200849 69
1787166200973 65
1787166201092 35
1787166201166 36
1787166201244 37
1787166201320 33
1787166201421 33
1787166201494 58
1787166201593 33
1787166201667 35
1787166201742 36
1787166201818 34
1787166201893 35
1787166201970 35
1787166202046 59
1787166202146 38
1787166202225 37
1787166202317 34
1787166202393 35
1787166202472 35
1787166202549 61
1787166202665 37
1787166202744 36
1787166202823 38
1787166202901 36
1787166203005 37
1787166203080 60
1787166203177 58
1787166203294 63
1787166203419 59
1787166203623 63
1787166204009 61
1787166204385 61
1787166205040 60
1787166205430 38
1787166205712 64
1787166208549 62
1787166208654 37
1787166208906 37
1787166208985 37
1787166209614 68
1787166212197 63
1787166212302 36
1787166212608 65
1787166212729 64
1787166212852 35
1787166212926 36
1787166213005 38
1787166213208 36
1787166213286 60
1787166213388 36
1787166213463 35
1787166213539 34
1787166213615 37
1787166213694 33
1787166213768 34
1787166213843 66
1787166213949 35
1787166214026 37
1787166214104 37
1787166214182 37
1787166214261 39
1787166214343 37
1787166214423 64
1787166214529 39
1787166214609 37
1787166214714 34
1787166214820 63
1787166314048 66
1787166329580 68
1787166329719 42
1787166332179 64
1787166332285 38
