1785799824942 261072 20
1785799825096 264544 19
1785799825526 268080 19
1785799825835 271792 19
1785799826225 284204 18
1785799826627 286160 19
1785799826932 290080 19
1785799827078 294072 20
1785799827160 299160 22
1785799827439 430740 23
1785799827549 479976 22
1785799827656 492004 23
1785799827763 542648 24
1785799827872 581088 24
1785799827980 592836 26
1785799828092 618404 26
1785799828205 637668 26
1785799828319 651444 24
1785799828432 679472 24
1785799828549 693564 24
1785799828668 722932 26
1785799828789 741728 25
1785799828910 753016 26
1785799829009 762184 27
1785799829126 775324 27
1785799829326 803380 26
1785799829449 858284 25
1785799829582 913196 25
1785799829711 931360 27
1785799829820 981732 30
1785799829958 1023116 28
1785799830085 1036628 29
1785799830201 1057764 29
1785799830338 1085244 26
1785799830476 1111848 27
1785799830615 1137368 26
1785799831148 1147636 29
1785799831318 1179548 26
1785799831567 1196492 29
1785799831876 1212240 29
1785799832156 1227220 32
1785799832414 1241048 32
1785799832725 1256024 30
1785799835937 1301428 33
1785799836066 1724776 32
1785799836184 1759004 33
1785799836290 1904412 30
1785799836414 2101020 30
1785799836952 2184420 32
1785799837077 2465584 29
1785799837334 2565648 34
1785799841691 2646728 35
1785799841826 2821668 38
1785799841966 2892516 36
1785799842115 3026860 36
