# timestamp_ms rss_kb
1785826663554 209868
1785826665290 217700
1785826665389 224312
1785826722204 246640
1785826722531 259152
1785826722631 289548
1785826722821 303704
1785826723064 324236
1785826723174 361176
1785826723281 378128
1785826723392 413272
1785826723503 437924
1785826723618 464892
1785826723733 485372
1785826723845 520960
1785826723956 540708
1785826724087 565776
1785826724201 586260
1785826724321 626572
1785826724517 647860
1785826724761 708552
1785826724877 762508
1785826724997 783564
1785826725186 843288
1785826725306 984600
1785826725589 1005528
1785826726858 1038556
1785826727246 1060204
1785826727337 1139884
1785826727684 1172636
1785826728353 1214220
1785826728605 1247048
1785826728858 1301572
1785826729540 1339348
1785826729910 1378960
1785826730468 1426192
1785826730722 1462164
1785826730848 1510824
1785826731482 1594948
1785826731861 1638772
1785826732685 1694956
1785826733412 1759192
1785826733614 1800984
1785826733743 1839664
1785826734290 1895920
1785826734756 1937668
1785826735381 1986840
1785826735925 2033864
1785826736058 2100828
1785826736329 2143644
1785826736804 2187244
1785826736934 2235728
1785826737401 2389396
1785826737536 2518432
1785826737785 2612320
1785826738004 2820568
1785826738621 2930796
1785826738762 3083384
1785826738900 3208512
1785826739154 3283084
1785826739373 3408048
1785826739514 3487904
1785826739853 3614888
1785826739995 3721412
1785826740350 3854528
1785826740497 3932368
1785826765509 4022312
1785826767461 4109228
1785826770264 4193532
1785826772503 4297644
1785826773172 4406876
1785826782363 4511548
1785826782832 4632952
1785826793648 4727412
1785826826204 4826868
1785826869115 4840520 (true peak, below trigger threshold; snapshot is in peaks/peak.smaps)
