1785826446730 209656 19
1785826448411 211024 19
1785826448514 224160 19
1785826449182 224364 21
1785826450181 224700 20
1785826451494 224716 20
1785826453568 224720 19
1785826504372 224736 20
1785826504485 227940 20
1785826504597 242520 20
1785826505115 259044 24
1785826505247 339316 23
1785826505561 350464 23
1785826505697 394132 21
1785826505834 420604 23
1785826505969 459508 23
1785826506105 509196 26
1785826506249 550420 26
1785826506396 615296 24
1785826506542 671676 24
1785826506688 702076 25
1785826506838 740244 25
1785826506983 786936 29
1785826507135 819356 27
1785826507284 845920 26
1785826507433 968016 28
1785826507584 1156432 27
1785826509590 1192172 28
1785826509941 1220248 26
1785826510220 1254964 31
1785826510486 1296524 27
1785826510827 1311476 28
1785826511156 1329912 27
1785826511404 1387696 27
1785826511683 1427100 27
1785826511833 1456680 29
1785826512268 1472700 28
1785826512490 1493032 28
1785826512639 1532704 28
1785826512899 1550108 28
1785826513034 1591532 31
1785826513404 1609416 29
1785826513640 1669400 28
1785826513953 1716800 29
1785826514486 1788272 30
1785826514706 1830688 31
1785826515125 1862436 29
1785826515416 1910976 31
1785826515911 1930588 30
1785826516152 1955832 29
1785826516412 1983596 31
1785826516783 2018924 30
1785826517279 2049028 31
1785826517660 2088640 30
1785826517987 2112344 32
1785826518620 2159408 30
1785826518780 2210016 31
1785826519205 2362880 31
1785826519364 2493956 32
1785826519527 2598080 31
1785826519685 2673224 32
1785826519847 2892360 34
1785826520291 2924760 33
1785826520538 3010808 33
1785826520699 3063012 33
1785826520838 3145964 33
1785826521004 3221720 33
1785826521170 3330300 34
1785826521336 3403012 34
1785826521499 3495180 34
1785826521659 3596576 34
1785826521825 3694908 34
1785826521990 3774772 36
1785826522156 3856716 36
1785826522324 3934772 36
1785826523109 3938000 36
1785826523918 3947340 38
1785826524780 3948432 37
1785826525656 3948964 38
1785826526531 3949260 38
1785826527418 3949448 38
1785826528297 3949648 38
1785826529172 3949816 39
1785826530084 3949900 38
1785826530875 3950036 37
1785826531753 3950252 37
1785826532549 3950420 38
1785826533426 3950568 37
1785826534199 3950700 37
1785826535089 3950800 38
1785826535982 3950908 38
1785826536862 3951036 39
1785826537778 3951148 39
1785826538673 3951232 38
1785826539561 3951324 39
1785826540468 3951384 39
1785826541303 3951452 37
1785826542074 3951580 38
1785826542961 3951716 38
1785826543841 3965440 38
1785826544733 3965684 38
1785826545622 3965876 38
1785826546502 3980116 40
1785826547181 4022312 38
1785826547971 4024140 40
1785826548503 4066600 40
1785826549217 4133156 42
1785826550259 4154548 40
1785826551704 4198464 41
1785826552582 4217832 43
1785826553483 4237272 41
1785826553937 4292716 43
1785826554398 4341428 41
1785826554833 4393796 43
1785826556250 4419500 40
1785826557812 4422764 42
1785826563397 4430280 43
1785826563937 4492864 43
1785826565517 4520616 43
1785826572716 4542108 45
1785826581456 4573080 45
1785826589883 4573940 46
1785826598381 4585928 44
1785826606858 4585960 43
1785826623450 4590616 46
1785826640146 4597808 46
1785826641506 4597824 44
