# timestamp_ms rss_kb
1786707229351 23552
1786707229421 25128
1786707229487 34160
1786707229558 52988
1786707229640 61176
1786707229716 93188
1786707229793 98484
1786707229872 107436
1786707229954 113636
1786707230034 118288
1786707230117 123228
1786707230217 127728
1786707230381 131488
1786707230465 138656
1786707230660 142032
1786707230933 147500
1786707231019 150488
1786707231108 158052
1786707231201 164816
1786707231294 177720
1786707231395 270368
1786707231504 279348
1786707231755 286040
1786707231864 293864
1786707232162 301088
1786707232299 313808
1786707232422 326164
1786707232548 334064
1786707232783 344344
1786707233099 351680
1786707233300 362344
1786707233869 370052
1786707234847 561060
1786707240908 573360
1786707241812 603332
1786707241961 634164
1786707242135 758672
1786707242305 844748
1786707242481 944188
1786707242648 981252
1786707244046 1002680
1786707244214 1049784
1786707244389 1094840
1786707244558 1139896
1786707244724 1180856
1786707244895 1221816
1786707245066 1268920
1786707245236 1316024
1786707245400 1361080
1786707245567 1404088
1786707245733 1578260
1786707245908 1838508
1786707247307 1943264
1786707247499 2348176
1786707264608 2376108 (true peak, below trigger threshold; snapshot is in peaks/peak.smaps)
