1785433499003 38
1785433499085 37
1785433499152 31
1785433499214 33
1785433499277 35
1785433499341 32
1785433499402 30
1785433499462 33
1785433499539 34
1785433499601 33
1785433499664 31
1785433499724 31
1785433499784 32
1785433499846 31
1785433499906 34
1785433499981 32
1785433500073 33
1785433500137 32
1785433500212 33
1785433500277 31
1785433500338 31
1785433500402 37
1785433500480 32
1785433500543 30
1785433500605 33
1785433500670 32
1785433500748 33
1785433500828 39
1785433500918 39
1785433501013 40
1785433501104 41
1785433501200 41
1785433501296 39
1785433501388 40
1785433501464 41
1785433501559 39
1785433501654 39
1785433501730 41
1785433501824 41
1785433501922 40
1785433502018 49
1785433502104 40
1785433502200 44
1785433502301 43
1785433502402 38
1785433502476 49
1785433502560 39
1785433502657 43
1785433502737 45
1785433502847 44
1785433502957 48
1785433503070 48
1785433503186 44
1785433503297 45
1785433503408 50
1785433503526 50
1785433503647 48
1785433503768 50
1785433505786 38
1785433505860 37
1785433505947 36
1785433506018 34
1785433506100 35
1785433506171 37
1785433506258 38
1785433506330 37
1785433506415 39
1785433506488 35
1785433506573 38
1785433506648 35
1785433508243 37
1785433508333 37
1785433508403 34
1785433508485 39
1785433508556 34
1785433508639 36
1785433508707 36
1785433508794 38
1785433508864 33
1785433508945 36
1785433509013 38
1785433509100 39
1785433509172 37
1785433509257 35
1785433509326 38
1785433509412 39
1785433509484 40
1785433509572 34
1785433509638 34
