1790720302242 13622668 119
1790720302988 14835084 118
1790720303866 16932236 119
1790720304749 19033484 121
1790720305622 21128588 119
1790720306481 23231884 118
1790720307333 25335180 121
1790720308171 27434380 122
1790720308961 29533580 123
1790720309753 31628684 123
1790720310546 33731980 122
1790720311328 35818892 123
1790720312129 37932428 123
1790720312928 40033676 124
1790720313717 42126732 125
1790720314526 44230028 125
1790720315305 46323084 125
1790720316104 48424332 120
1790720316893 50527628 125
1790720317692 52620684 127
1790720318496 54730124 119
1790720322384 55133592 120
1790720323292 55744288 124
1790720327859 55995308 134
1790720336487 56286892 138
1790720343420 56287988 144
