1785395834648 13059104 120
1785395835491 14840864 119
1785395836414 16913440 116
1785395837334 19020832 116
1785395838217 21109792 116
1785395839126 23217184 116
1785395840022 25324576 118
1785395840894 27427872 123
1785395841701 29518880 118
1785395842513 31613984 123
1785395843324 33717280 125
1785395844131 35808288 123
1785395844961 37919776 138
1785395845813 40008736 118
1785395846612 42107936 125
1785395847442 44203040 119
1785395848253 46306336 119
1785395849056 48399392 121
1785395849854 50492448 125
1785395850675 52585504 119
1785395851488 54682656 126
1785395855415 55155264 120
1785395856542 55712208 127
1785395861516 55979804 142
1785395870887 56284976 145
1785395878261 56286068 141
