# timestamp_ms rss_kb
1785347803058 90208
1785347803163 134948
1785347803261 178544
1785347803361 223664
1785347803461 266768
1785347803566 313044
1785347803666 358552
1785347803772 404200
1785347803871 446156
1785347803977 492416
1785347804076 536016
1785347804180 580108
1785347804288 627808
1785347804389 672952
1785347857892 690656
1785347858017 706380
1785347858145 722424
1785347858622 738216
1785347877832 756460
1785347878079 782424
1785347878325 808600
1785347897098 824900
1785347897350 851720
1785347897596 878456
1785347897841 900600
1785347917334 928336
1785347917592 954556
1785347917842 981688
1785347937399 1003692
1785347937657 1030616
1785347937920 1057208
1785347958628 1079772
1785347958899 1108732
1785347959166 1137516
1785347978667 1172984
1785347978946 1202848
1785347998978 1235120
1785347999250 1267468
1785347999538 1299564
1785348018925 1329244
1785348019455 1367872
1785348037950 1408340
1785348038464 1453436
1785348038623 1468680 (true peak, below trigger threshold; snapshot is in peaks/peak.smaps)
