1785347803058 64
1785347803163 57
1785347803261 60
1785347803361 59
1785347803461 62
1785347803566 57
1785347803666 65
1785347803772 58
1785347803871 64
1785347803977 59
1785347804076 62
1785347804180 64
1785347804288 60
1785347804389 61
1785347857775 77
1785347857892 71
1785347858017 72
1785347858145 75
1785347858274 78
1785347858622 33
1785347877716 77
1785347877832 76
1785347877964 75
1785347878079 74
1785347878209 75
1785347878325 72
1785347878450 34
1785347878559 70
1785347878666 36
1785347897098 78
1785347897231 79
1785347897350 70
1785347897477 78
1785347897596 72
1785347897726 76
1785347897841 33
1785347917100 78
1785347917220 75
1785347917334 75
1785347917469 81
1785347917592 78
1785347917729 75
1785347917842 82
1785347937271 86
1785347937399 77
1785347937536 82
1785347937657 79
1785347937798 83
1785347937920 80
1785347938063 38
1785347938354 37
1785347938433 37
1785347958496 90
1785347958628 80
1785347958771 83
1785347958899 80
1785347959036 84
1785347959166 81
1785347959308 36
1785347959390 34
1785347978420 83
1785347978543 79
1785347978667 80
1785347978813 89
1785347978946 80
1785347979084 83
1785347979211 41
1785347979337 36
1785347998978 85
1785347999123 86
1785347999250 85
1785347999401 89
1785347999538 82
1785347999688 38
1785348018787 91
1785348018925 88
1785348019082 38
1785348019324 84
1785348019455 85
1785348019608 87
1785348037814 90
1785348037950 92
1785348038113 41
1785348038243 37
1785348038325 91
1785348038464 90
1785348038623 90
