# timestamp_ms rss_kb
1787122449762 656092
1787122455916 721636
1787122456096 810572
1787122456209 839172
1787122456324 869124
1787122456443 900716
1787122456565 933904
1787122456687 967200
1787122456810 999188
1787122456938 1033192
1787122457064 1066168
1787122457193 1102672
1787122457325 1138540
1787122457458 1175324
1787122457594 1212504
1787122457735 1245516
1787122457875 1286184
1787122458017 1326912
1787122458165 1367256
1787122458314 1414624
1787122458465 1453752
1787122458619 1503564
1787122458776 1549564
1787122461558 1592204
1787122469737 1624156
1787122487689 1626288 (true peak, below trigger threshold; snapshot is in peaks/peak.smaps)
