1786573720061 42176 18
1786573720132 51912 14
1786573720195 71680 14
1786573720260 79600 14
1786573720326 84472 14
1786573720392 90876 15
1786573720458 94780 12
1786573720521 121560 14
1786573720747 131544 14
1786573720941 133808 15
1786573721003 135308 12
1786573721376 135628 14
1786573722625 135648 13
1786573723035 135656 13
1786573723454 135716 12
1786573723885 135748 14
1786573724291 136544 14
1786573724616 136732 14
1786573724763 138124 14
1786573725070 138184 13
1786573725126 139652 13
1786573725411 139892 14
1786573725597 141316 14
1786573725903 141372 14
1786573726002 143036 14
1786573726311 143088 13
1786573726498 144548 15
1786573726803 145264 14
1786573727116 146272 14
1786573727454 147736 16
1786573727685 149412 15
1786573728024 149476 14
1786573728336 150916 15
1786573728524 152588 15
1786573728856 152652 15
1786573729178 154092 17
1786573729367 155764 16
1786573729701 155824 17
1786573730063 157284 15
1786573730208 158944 15
1786573730545 159008 15
1786573730913 160452 16
1786573731016 162072 16
1786573731385 162180 16
1786573731745 163636 16
1786573731890 165300 16
1786573732222 165364 16
1786573732580 166812 16
1786573732781 168488 18
1786573733187 169960 18
1786573733613 171648 16
1786573733942 173024 17
1786573734307 173164 16
1786573734670 174864 17
1786573735055 176324 17
1786573735434 178032 18
1786573735858 179504 18
1786573736226 181204 19
1786573736688 182676 16
1786573737024 184360 16
1786573737391 185852 20
1786573737856 187536 19
1786573738261 187592 18
1786573738648 189036 18
1786573739041 189056 18
1786573739439 190748 19
1786573739824 192208 18
1786573740270 192220 19
1786573740678 193896 19
1786573741132 195248 20
1786573741568 195380 19
1786573742000 197052 20
1786573742433 197108 17
1786573742857 198544 18
1786573743231 200220 20
1786573743636 200264 21
1786573744216 201724 19
1786573744633 201928 22
1786573745088 203448 20
1786573745680 204916 20
1786573746090 206592 23
1786573746595 206652 19
1786573747029 208104 20
1786573747498 209784 21
1786573747935 209840 20
1786573748391 211276 20
1786573748854 212956 21
1786573749294 213012 21
1786573749807 214452 23
1786573750290 216144 20
1786573750720 216188 20
1786573751182 217640 21
1786573751612 219316 21
1786573752074 219584 20
1786573752537 220820 21
1786573753003 222496 22
1786573753468 223872 21
1786573753892 224000 21
1786573754135 227056 26
1786573754212 239020 24
1786573801384 241816 34
1786573801532 348144 30
1786573801629 359152 36
1786573801739 436692 30
1786573802144 448188 41
1786573802276 458768 33
1786573802393 473324 39
1786573802528 527868 32
1786573802744 535964 33
1786573803175 541756 36
1786573803474 548412 36
1786573803978 562708 62
1786573804141 601432 37
1786573804529 614384 33
1786573804889 628872 48
1786573805032 707144 44
1786573805172 752116 33
1786573805876 754756 44
1786573806090 768912 35
1786573811233 777596 36
1786573811433 795608 33
1786573811571 812284 35
1786573813368 813592 40
1786573813822 833924 35
1786573814058 845476 41
1786573814186 897492 35
1786573814349 962716 44
1786573814497 1005412 62
1786573814694 1040304 38
1786573815448 1057684 39
1786573815581 1077472 38
1786573820970 1089668 45
1786573821524 1101528 39
1786573821880 1207132 45
1786573822108 1267384 63
1786573822321 1340956 44
1786573822697 1372912 46
1786573828176 1377956 49
1786573828707 1396640 42
1786573828862 1459056 43
1786573829046 1488868 43
1786573830128 1501616 43
1786573860914 1503524 47
1786573862055 1509036 45
1786573863112 1521324 50
1786573863290 1555168 58
1786573863478 1582844 49
1786573869813 1584932 64
1786573870137 1619308 49
1786573870329 1677528 50
1786573874733 1684776 45
1786573874986 1731672 49
1786573875181 1762596 47
1786573879156 1782064 63
1786573879657 1831088 45
1786573910437 1843732 55
1786573911591 1881016 46
1786573917839 1890216 48
1786573918254 1924476 45
1786573922960 1945108 53
1786573923129 1973624 52
1786573927637 1984692 67
1786573928090 2007776 46
1786573961827 2013156 52
1786573962720 2037624 57
1786573969610 2046072 56
1786573974540 2061292 56
1786573975288 2082928 51
1786573978868 2085996 56
1786573979492 2109888 53
1786574013552 2109904 49
1786574014583 2117528 57
1786574021126 2118076 52
1786574025857 2129432 59
1786574030306 2140264 47
1786574062032 2145824 59
1786574069127 2160616 61
1786574074313 2169108 57
1786574078652 2173712 56
1786574113257 2176856 48
1786574114275 2188892 48
1786574120428 2191744 50
1786574125556 2195464 63
1786574129877 2199624 58
1786574155514 2201120 50
1786574162451 2211780 49
1786574167357 2216712 57
1786574171726 2223748 65
1786574205281 2228960 59
1786574213226 2230464 62
1786574218267 2231896 75
1786574222577 2238396 61
1786574257947 2241540 55
1786574265439 2251928 62
1786574270347 2256576 73
1786574274574 2260612 62
1786574308401 2267728 63
1786574314932 2270928 69
1786574319477 2272816 69
1786574323917 2277004 71
1786574358239 2278220 52
1786574365354 2287632 69
1786574370136 2289232 62
1786574371809 2291336 63
1786574374314 2292812 60
1786574376606 2295692 69
1786574376793 2321096 63
