# timestamp_ms rss_kb
1785388462533 251004
1785388462847 256960
1785388463321 262608
1785388463655 268036
1785388463730 279944
1785388464159 285908
1785388464385 314452
1785388464491 411088
1785388464607 473920
1785388464723 514820
1785388464840 534368
1785388464957 558756
1785388465076 584252
1785388465292 611504
1785388465410 632508
1785388465527 662004
1785388465743 683628
1785388465863 697872
1785388465984 715168
1785388466104 735332
1785388466404 751404
1785388466500 774984
1785388466630 807964
1785388466760 878996
1785388466895 922328
1785388467032 963604
1785388467173 995436
1785388467316 1023608
1785388467456 1055788
1785388467605 1088948
1785388467755 1118564
1785388468149 1142092
1785388468350 1185232
1785388468586 1220564
1785388468825 1250520
1785388472122 1303696
1785388472256 1578128
1785388472393 1705104
1785388472599 1817156
1785388472732 2019908
1785388473388 2069612
1785388473514 2128540
1785388477703 2216320
1785388485733 2264164
1785388486084 2329700
1785388486322 2382948
1785388545735 2457552
1785388557748 2491240 (true peak, below trigger threshold; snapshot is in peaks/peak.smaps)
