# timestamp_ms rss_kb
1790718319329 184340
1790718319357 253972
1790718319384 323604
1790718319412 397332
1790718319440 471060
1790718319468 544788
1790718319495 616468
1790718319523 692244
1790718319550 763924
1790718319577 835604
1790718319605 911380
1790718319632 985108
1790718319660 1060884
1790718319689 1138708
1790718319717 1212436
1790718319745 1286164
1790718319773 1361940
1790718319800 1437716
1790718319829 1513492
1790718319857 1589268
1790718319885 1662996
1790718319914 1738772
1790718319942 1816596
1790718319970 1890324
1790718319999 1966100
1790718320028 2041876
1790718320056 2103316
1790718320166 2189332
1790718320194 2263060
1790718320221 2334740
1790718320249 2406420
1790718320276 2476052
1790718320304 2549780
1790718320333 2623508
1790718320360 2695188
1790718320388 2768916
1790718320415 2838548
1790718320444 2914324
1790718320475 2994196
1790718320503 3067924
1790718320532 3141652
1790718320560 3215380
1790718320589 3289108
1790718320617 3360788
1790718320645 3432468
1790718320672 3504148
1790718320701 3577876
1790718320730 3655700
1790718320759 3729428
1790718320788 3805204
1790718320838 3934228
1790718320888 4065300
1790718320938 4194324
1790718321095 4306964
1790718321145 4435988
1790718321194 4560916
1790718321243 4685844
1790718321293 4812820
1790718321343 4937748
1790718321392 5064724
1790718321442 5191700
1790718321491 5316628
1790718321541 5445652
1790718321591 5574676
1790718321641 5701652
1790718321690 5828628
1790718321740 5957652
1790718321790 6082580
1790718321839 6207508
1790718321995 6357012
1790718322066 6537236
1790718322139 6721556
1790718322211 6907924
1790718322284 7092244
1790718322357 7280660
1790718322429 7464980
1790718322501 7649300
1790718322572 7829524
1790718322644 8011796
1790718322716 8196116
1790718322788 8380436
1790718322947 8558612
1790718323019 8744980
1790718323094 8939540
1790718323166 9123860
1790718323237 9308180
1790718323330 9547796
1790718323405 9742356
1790718323498 9984020
1790718323591 10227732
1790718323684 10467348
1790718323884 10717204
1790718323979 10962964
1790718324072 11204628
1790718324168 11452436
1790718324264 11698196
1790718324357 11935764
1790718324453 12177428
1790718324551 12431380
1790718324753 12718100
1790718324870 13023252
1790718324988 13326356
1790718325106 13629460
1790718325223 13926420
1790718325340 14227476
1790718325459 14534676
1790718325685 14852116
1790718325803 15155220
1790718325944 15511572
1790718326086 15869972
1790718326229 16238612
1790718326353 16564244
1790718326565 16930836
1790718326698 17272852
1790718326840 17641492
1790718326983 18014228
1790718327127 18393108
1790718327274 18784276
1790718327513 19200020
1790718327679 19638292
1790718327847 20082708
1790718328019 20535316
1790718328188 20981780
1790718328359 21438484
1790718328530 21899284
1790718328702 22362132
1790718328887 22861844
1790718329144 23326740
1790718331230 23809948
1790718356934 24291112
1790718372374 24412520 (true peak, below trigger threshold; snapshot is in peaks/peak.smaps)
