1790758140886 66
1790758141005 52
1790758141093 57
1790758141186 33
1790758141268 33
1790758141337 57
1790758141430 55
1790758141520 33
1790758141602 32
1790758141669 33
1790758141832 33
1790758141901 59
1790758141997 33
1790758142079 31
1790758142146 31
1790758142213 60
1790758142309 36
1790758142381 30
1790758142449 55
1790758142540 37
1790758142625 35
1790758149289 70
1790758149404 37
1790758149489 71
1790758153120 78
1790758153330 42
1790758153445 72
1790758153561 71
1790758153676 74
1790758153793 41
1790758153879 38
1790758153960 72
1790758154075 69
1790758154205 71
1790758155673 72
1790758155788 70
1790758155902 69
1790758156014 71
1790758156128 71
1790758156274 70
1790758160413 74
1790758160567 78
1790758167334 94
1790758167474 45
1790758167566 84
1790758167696 44
1790758167807 42
1790758168201 84
1790758168331 43
1790758168444 85
1790758168614 84
1790758171662 84
1790758171791 42
1790758171881 83
1790758172010 41
1790758172121 84
1790758172252 43
1790758172345 86
