# timestamp_ms rss_kb
1790721569813 12632
1790721570754 41428
1790721570780 55788
1790721570806 69592
1790721570889 105012
1790721570914 136980
1790721570962 184124
1790721571048 190012
1790721571191 200468
1790721571244 206452
1790721571291 234020
1790721571321 250800
1790721571373 275964
1790721571411 292740
1790721571471 326296
1790721571503 343180
1790721571563 376628
1790721571592 389372
1790721571631 402092
1790721571668 438716
1790721571731 466952
1790721571763 502456
1790721571831 531896
1790721571872 561152
1790721571946 590340
1790721571999 625696
1790721572081 658012
1790721572184 680744
1790721572300 708892
1790721572353 729568
1790721572448 750572
1790721572498 785812
1790721572558 808812
1790721572628 849444
1790721577302 902232
1790721577434 935616
1790721577586 971996
1790721577726 1004680
1790721577865 1036296
1790721577921 1072456
1790721577993 1099716
1790721578068 1136588
1790721579101 1170924
1790721579166 1199248
1790721653865 1203672 (true peak, below trigger threshold; snapshot is in peaks/peak.smaps)
