# timestamp_ms rss_kb
1786754094620 129260
1786754094709 151820
1786754094753 217468
1786754094799 285128
1786754094845 350772
1786754094890 418468
1786754094935 452392
1786754095123 520572
1786754095213 622324
1786754095263 1318644
1786754095323 2137844
1786754095388 3032820
1786754095459 4019956
1786754095537 5089012
1786754095621 6254324
1786754095714 7532276
1786754095817 8939252
1786754095929 10473204
1786754096052 12166900
1786754096188 14040820
1786754096337 16078580
1786754096500 18306804
1786754096674 19451636
1786754097168 20776716
1786754097353 21656964
