# timestamp_ms rss_kb
1785370981304 259356
1785370981682 264836
1785370981936 275692
1785370982304 281684
1785370982555 288804
1785370982635 326160
1785370982752 420340
1785370982869 474612
1785370982986 513080
1785370983100 533680
1785370983214 573716
1785370983333 594624
1785370983452 619960
1785370983571 634416
1785370983689 649512
1785370983807 676556
1785370984007 695232
1785370984128 710676
1785370984354 730228
1785370984579 748296
1785370984805 772332
1785370984928 794472
1785370985063 844136
1785370985200 898520
1785370985340 936964
1785370985478 966868
1785370985616 1008060
1785370985758 1045812
1785370985901 1075052
1785370986044 1100412
1785370986474 1132684
1785370986868 1182760
1785370987110 1219472
1785370987344 1248720
1785370991294 1335736
1785370991431 1683896
1785370991577 2047268
1785370992476 2108468
1785370992604 2363812
1785370992740 2530708
1785370998618 2550508 (true peak, below trigger threshold; snapshot is in peaks/peak.smaps)
