1785370981304 259356 24
1785370981595 262936 21
1785370981757 265780 20
1785370981936 275692 21
1785370982218 278856 20
1785370982304 281684 21
1785370982469 286352 20
1785370982635 326160 26
1785370982752 420340 26
1785370982869 474612 26
1785370982986 513080 22
1785370983100 533680 24
1785370983214 573716 25
1785370983333 594624 26
1785370983452 619960 27
1785370983571 634416 27
1785370983689 649512 27
1785370983807 676556 27
1785370984007 695232 24
1785370984128 710676 26
1785370984249 722620 26
1785370984354 730228 26
1785370984474 739888 28
1785370984579 748296 27
1785370984700 758976 27
1785370984805 772332 27
1785370984928 794472 30
1785370985063 844136 31
1785370985200 898520 29
1785370985340 936964 29
1785370985478 966868 27
1785370985616 1008060 26
1785370985758 1045812 29
1785370985901 1075052 29
1785370986044 1100412 27
1785370986180 1119736 32
1785370986474 1132684 32
1785370986683 1144324 31
1785370986868 1182760 30
1785370987002 1203088 29
1785370987110 1219472 29
1785370987240 1237432 33
1785370987441 1254920 34
1785370991294 1335736 34
1785370991431 1683896 37
1785370991577 2047268 33
1785370992476 2108468 33
1785370992604 2363812 35
1785370992740 2530708 34
1785370998618 2550508 42
