1790761134682 62
1790761134781 30
1790761134847 35
1790761135022 58
1790761135127 30
1790761135193 31
1790761135260 32
1790761135329 31
1790761135395 33
1790761135464 58
1790761135569 56
1790761135671 32
1790761135740 33
1790761135808 31
1790761135876 55
1790761136059 55
1790761140832 57
1790761140938 56
1790761141040 31
1790761142040 57
1790761142146 35
1790761142217 34
1790761142287 33
1790761142358 35
1790761142431 33
1790761142500 54
1790761142591 57
1790761142697 33
1790761142768 33
1790761142838 31
1790761142907 34
1790761143071 57
1790761143657 56
1790761144510 56
