# timestamp_ms rss_kb
1785805217780 12596
1785805218713 31124
1785805218772 69556
1785805218830 72352
1785805218886 128740
1785805218948 144916
1785805219004 189976
1785805219063 194584
1785805219250 212728
1785805219319 249112
1785805219388 286700
1785805219468 329116
1785805219553 342336
1785805220217 361356
1785805221720 368940
1785805223746 378304
1785805224524 401860
1785805224602 435420
1785805225419 445660
1785805225998 455900
1785805227294 468188
1785805227801 472284 (true peak, below trigger threshold; snapshot is in peaks/peak.smaps)
