1785805217780 12596 15
1785805218713 31124 12
1785805218772 69556 12
1785805218830 72352 10
1785805218886 128740 11
1785805218948 144916 11
1785805219004 189976 12
1785805219063 194584 13
1785805219250 212728 13
1785805219319 249112 14
1785805219388 286700 15
1785805219468 329116 15
1785805219553 342336 14
1785805219848 344384 17
1785805220217 361356 13
1785805220619 363404 17
1785805221216 367500 15
1785805221531 367740 18
1785805222007 369980 15
1785805223678 372648 16
1785805223746 378304 15
1785805224057 380608 18
1785805224524 401860 16
1785805224602 435420 18
1785805224991 439516 19
1785805225419 445660 17
1785805225828 449756 18
1785805225998 455900 16
1785805226579 462044 17
1785805226944 464092 18
1785805227596 470236 16
