# timestamp_ms rss_kb
1790743759994 44652
1790743760153 46572
1790743762182 54356
1790743762272 78280
1790743762365 138376
1790743762456 143044
1790743762551 188544
1790743762704 226380
1790743762795 244840
1790743762948 276604
1790743763043 300304
1790743763133 318788
1790743763284 355740
1790743763378 374216
1790743763534 411092
1790743763627 429572
1790743763723 443440
1790743763820 480316
1790743763912 498756
1790743764134 535704
1790743764232 554172
1790743764398 591084
1790743764493 609544
1790743764592 623396
1790743764689 641844
1790743764787 674108
1790743764946 711012
1790743765043 729448
1790743765203 766324
1790743765301 784764
1790743765486 817036
1790743765582 835492
1790743766634 853816
1790743767177 901552
1790743767289 923828
1790743767646 946996
1790743768051 972836
1790743768469 998040
1790743768846 1020868
1790743769277 1047784
1790743769727 1072640
1790743770059 1095480
1790743770491 1122620
1790743770927 1147848
1790743771370 1366792
1790743771508 2092340
1790743771667 3109884
1790743772143 3971044
1790743775505 4127508
1790743777051 4247744
1790743777555 4605960
1790743778070 4849404
1790743778584 5081908
1790743779097 5359972
1790743781208 5690540
1790743781698 5862600
1790743782965 6506368
1790743806463 6741416
1790743808819 7211068
1790743809351 7743792
1790743809874 8447788
1790743975449 8645452
1790743977266 8661452 (true peak, below trigger threshold; snapshot is in peaks/peak.smaps)
