1790744693914 46896 28
1790744694131 48880 20
1790744695034 49304 25
1790744696041 49412 22
1790744696121 53556 20
1790744696207 71868 23
1790744696300 113528 26
1790744696459 146460 24
1790744696615 162004 23
1790744696706 178236 24
1790744697468 178312 25
1790744697655 185468 23
1790744697748 192348 27
1790744697846 199084 24
1790744697943 203584 23
1790744698480 204284 26
1790744698690 208496 23
1790744698850 222544 24
1790744699007 225076 23
1790744699095 230464 22
1790744699928 230548 24
1790744700085 257680 25
1790744700191 284528 25
1790744700698 288884 25
1790744700831 293664 24
1790744701185 300076 26
1790744701747 306764 27
1790744702372 310956 25
1790744702463 318636 26
1790744702564 355804 24
1790744702665 399936 28
1790744702769 407352 28
1790744702954 418292 24
1790744703055 428384 28
1790744703161 448584 27
1790744703333 456268 27
1790744703573 470572 28
1790744703814 478768 27
1790744705270 480824 30
1790744706130 480852 30
1790744707141 480856 30
1790744708573 484928 31
1790744709221 484932 29
1790744711784 485856 29
1790744714946 489028 31
1790744718089 491236 26
1790744719921 495976 28
1790744720017 504724 27
1790744720123 527544 27
1790744721599 529500 28
1790744722297 531644 26
1790744722392 566516 24
1790744722494 582936 26
1790744723103 582972 31
1790744723316 602044 28
1790744725726 604188 29
1790744728004 605672 28
1790744730146 612076 27
1790744739042 613892 28
1790744782592 633060 29
1790744784376 641100 28
1790744784475 741280 28
1790744784886 764960 31
1790744785004 812088 28
1790744785286 853056 30
1790744785402 871488 29
1790744785584 881728 29
1790744785686 918596 30
1790744785801 930884 29
1790744786253 946064 29
1790744786448 965788 30
1790744786562 1133724 32
1790744786890 1145524 28
1790744788166 1146996 30
1790744898534 1218712 31
1790744899286 1220248 30
1790745010540 1225796 33
1790745122484 1231048 32
1790745234467 1233440 32
1790745345421 1245896 30
1790745679501 1251468 32
1790745791427 1253944 33
1790745903056 1256192 33
1790745903164 1273412 32
