1790723438999 448516 25
1790723439120 460940 24
1790723439301 519856 23
1790723439408 613056 26
1790723439780 676148 27
1790723440115 720124 28
1790723440407 728124 27
1790723440523 759936 27
1790723440663 768564 29
1790723440942 786860 27
1790723441077 819628 28
1790723441211 851756 29
1790723441342 879944 28
1790723441475 905016 37
1790723441624 933704 29
1790723442101 1142140 31
1790723442509 1211152 29
1790723442643 1309256 29
1790723442789 1423952 30
1790723454813 1458976 35
1790723456985 1481680 34
1790723459215 1513644 34
1790723463553 1582548 33
1790723468240 1618352 35
1790723470417 1669152 35
1790723471134 1671396 34
