# timestamp_ms rss_kb
1785349437727 67384
1785349437832 110448
1785349437935 151264
1785349438041 196088
1785349438141 237640
1785349438245 276612
1785349438346 319708
1785349438510 364304
1785349438611 405852
1785349438716 448960
1785349438818 492020
1785349438921 534880
1785349439024 579716
1785349439125 621268
1785349439232 666384
1785349550124 684188
1785349569968 703176
1785349589259 719576
1785349589396 737852
1785349609666 768060
1785349629420 784192
1785349629568 800484
1785349648947 822460
1785349668774 839636
1785349668914 859276
1785349669213 864912 (true peak, below trigger threshold; snapshot is in peaks/peak.smaps)
