# timestamp_ms rss_kb
1790190177302 98780
1790190177413 147072
1790190177496 193844
1790190177582 221004
1790190177666 253128
1790190177753 276884
1790190177896 306488
1790190178010 336856
1790190178120 356164
1790190178235 380488
1790190178353 406084
1790190178470 436028
1790190178589 462196
1790190178711 487704
1790190178829 514648
1790190178949 542724
1790190179069 570760
1790190179190 599152
1790190179310 619736
1790190179433 643476
1790190179559 671308
1790190179686 699068
1790190179810 723516
1790190179935 742444
1790190180059 771388
1790190180188 798252
1790190180312 823304
1790190180436 841748
1790190180561 870064
1790190180686 895980
1790190180813 922036
1790190180940 959716
1790190181069 1014168
1790190181198 1061564
1790190181327 1117116
1790190181461 1172632
1790190181595 1234324
1790190181728 1294056
1790190181860 1345580
1790190181992 1399280
1790190182124 1449676
1790190182259 1510312
1790190182393 1567980
1790190182529 1619484
1790190182663 1681284
1790190182797 1733784
1790190182937 1793572
1790190183073 1842952
1790190183215 1904704
1790190183350 1958120
1790190183494 2017840
1790190183626 2071348
1790190183762 2135108
1790190183897 2187612
1790190184031 2251564
1790190184167 2309200
1790190184304 2369968
1790190184444 2425480
1790190184583 2490316
1790190184723 2545844
1790190184865 2601472
1790190185004 2664164
1790190185147 2721712
1790190185290 2779400
1790190185433 2841012
1790190185712 2941744
1790190185858 3005500
1790190186140 3105140
1790190186421 3210084
1790190186573 3277864
1790190186864 3387788
1790190187155 3496792
1790190187448 3605780
1790190187742 3718108
1790190188101 3847284
1790190188570 3940028
1790190189083 4050688
1790190189682 4161332
1790190190123 4271960
1790190190620 4382584
1790190191063 4493220
1790190191605 4603832
1790190192050 4714444
1790190192555 4825056
1790190193008 4935664
1790190193558 5046276
1790190194011 5156892
1790190194637 5269344
1790190195105 5379968
1790190195701 5490584
1790190196179 5601220
1790190196825 5748724
1790190197510 5896216
1790190198166 6043712
1790190198866 6191208
1790190199528 6338692
1790190200235 6486704
1790190200941 6634208
1790190201622 6781700
1790190202302 6929184
1790190202986 7076668
1790190203670 7224148
1790190204360 7371640
1790190205050 7519120
1790190205872 7703484
1790190206634 7887932
1790190207476 8062676
1790190208365 8256644
1790190209141 8441000
1790190210045 8625372
1790190210909 8809728
1790190211625 8994080
1790190212613 9179252
1790190213503 9363620
1790190214652 9584876
1790190215738 9806136
1790190216818 10027368
1790190217830 10248596
1790190218859 10469876
1790190219887 10691144
1790190220953 10912392
1790190221988 11133612
1790190223016 11386528
1790190224337 11649808
1790190225529 11906984
1790190226837 12166052
1790190228028 12424132
1790190229101 12682228
1790190230355 12941356
1790190231829 13236388
1790190233304 13531392
1790190234704 13826376
1790190236062 14121340
1790190237400 14416332
1790190238761 14711332
1790190240083 15006304
1790190241749 15317008
1790190243161 15633140
1790190244563 15965000
1790190246211 16296856
1790190247802 16628716
1790190249545 16974452
1790190251176 17329292
1790190253038 17698036
1790190254952 18066760
1790190256651 18436780
1790190258490 18811392
1790190260102 19194528
1790190261987 19579856
1790190263884 19985440
1790190265884 20391060
1790190267951 20833508
1790190270046 21275980
1790190272047 21716812
1790190330602 22159992
1790190333155 22631028
1790190335440 23110340
1790190337819 23589640
1790190340268 24068960
1790190342777 24585128
1790190345427 25101304
1790190347974 25617460
1790190350645 26132860
1790190353321 26686684
1790190355812 27239736
1790190358620 27792768
1790190361485 28382664
1790190364504 28972588
1790190367402 29562496
1790190370587 30189540
1790190373697 30816316
1790190376868 31443096
1790190380139 32106744
1790190383460 32770660
1790190386839 33434308
1790190390436 34134848
1790190393957 34835368
1790190397482 35535876
1790190401223 36273264
1790190451636 37013460
1790190455726 37787980
1790190459708 38562244
1790190463950 39336752
1790190468136 40147868
1790190472439 40959260
1790190552827 42148704
1790190553656 43028448
1790190555095 44178924
1790190555551 45365780
1790190556511 46530164
1790190557419 47583776
1790190558948 48807576
1790190560013 50144380
1790190561609 51292964
1790190563755 52537280
1790190565176 53647888
1790190566615 54831296
1790190568080 55978204
1790190569553 57112624
1790190570613 58272324
1790190572323 59706084
1790190573574 61139372
1790190575304 62572196
1790190576614 64042560
1790190578365 65439620
1790190579733 66910740
1790190581596 68305408
1790190582955 69778264
1790190585043 71426976
1790190587003 72932276
1790190588454 74402140
1790190590664 76050972
1790190592929 77785680
1790191371210 79501044
1790191375783 81197136
1790191422034 82823980
1790192318918 84481504
1790201937693 86175544
1790226814525 88058104
