# timestamp_ms rss_kb
1786940909471 41448
1786940909553 50136
1786940909627 72780
1786940909699 78128
1786940909773 82740
1786940909849 87996
1786940909920 93964
1786940909993 103088
1786940910066 124676
1786940910283 162132
1786940921802 165400
1786940923079 169972
1786940924389 174916
1786940925716 179540
1786940927350 184272
1786940929597 189040
1786940931856 193784
1786940934116 197752
1786940935675 201748
1786940937886 206508
1786940940195 211252
1786940942553 216224
1786940944725 220784
1786940947092 231024
1786940947186 236344
1786941005435 339300
1786941005540 361828
1786941005649 433228
1786941006116 450784
1786941006235 468996
1786941006363 510084
1786941006583 530804
1786941007456 542868
1786941008018 595396
1786941008704 608936
1786941008860 622108
1786941009004 684844
1786941009157 752224
1786941009868 771076
1786941023204 812904
1786941025603 840744
1786941025761 863720
1786941026027 1019664
1786941026243 1044832
1786941027161 1072032
1786941032876 1097400
1786941033228 1173224
1786941033384 1213888
1786941033607 1332108
1786941034069 1367652
1786941039897 1418428
1786941040078 1484984
1786941067104 1520040
1786941067311 1560848
1786941081545 1602288
1786941081899 1635736
1786941086422 1710160
1786941090598 1773572
1786941116123 1831704
1786941130209 1886688
1786941135305 1929348
1786941138910 1969020
1786941178741 2020608
1786941183778 2063228
1786941212994 2107792
1786941261278 2151456
1786941324690 2196248
1786941407312 2242568
1786941517800 2288508
1786941576117 2329620 (true peak, below trigger threshold; snapshot is in peaks/peak.smaps)
