1786940909471 41448 20
1786940909553 50136 16
1786940909627 72780 16
1786940909699 78128 18
1786940909773 82740 17
1786940909849 87996 16
1786940909920 93964 15
1786940909993 103088 16
1786940910066 124676 16
1786940910283 162132 15
1786940920910 162216 21
1786940921339 163636 19
1786940921734 163744 18
1786940921802 165400 19
1786940922219 166852 20
1786940922669 168580 18
1786940923079 169972 20
1786940923490 170084 20
1786940923803 171788 20
1786940924225 173256 20
1786940924645 174956 20
1786940925098 176424 19
1786940925500 178132 20
1786940925931 179604 21
1786940926359 181312 20
1786940926974 182776 19
1786940927408 184444 20
1786940927857 184496 21
1786940928423 185956 19
1786940928825 185972 23
1786940929309 187672 21
1786940929888 189136 21
1786940930314 190580 20
1786940930860 190864 20
1786940931424 192312 22
1786940931916 193980 22
1786940932395 194032 20
1786940932981 195476 23
1786940933556 197152 23
1786940934116 197752 25
1786940934665 198652 21
1786940935124 200336 20
1786940935553 200380 20
1786940936011 201832 22
1786940936593 203512 23
1786940937104 204676 23
1786940937594 205020 22
1786940938111 206700 22
1786940938596 206756 23
1786940939120 208208 24
1786940939651 209888 22
1786940940195 211252 22
1786940940724 211380 21
1786940941162 213056 23
1786940941679 213640 23
1786940942236 214552 24
1786940942727 216232 24
1786940943256 217608 23
1786940943756 217740 22
1786940944271 219424 35
1786940945074 220912 26
1786940945644 222584 23
1786940946120 222640 24
1786940946698 224096 24
1786940947092 231024 25
1786940947186 236344 25
1786941005328 239048 45
1786941005435 339300 35
1786941005540 361828 28
1786941005649 433228 32
1786941006116 450784 35
1786941006235 468996 34
1786941006363 510084 35
1786941006482 520016 32
1786941006583 530804 35
1786941006973 536480 43
1786941007456 542868 40
1786941007875 551368 36
1786941008018 595396 40
1786941008704 608936 48
1786941008860 622108 43
1786941009004 684844 52
1786941009157 752224 46
1786941009735 761352 42
1786941009868 771076 36
1786941022988 777360 41
1786941023204 812904 37
1786941024950 816524 39
1786941025388 826404 37
1786941025603 840744 34
1786941025761 863720 38
1786941026027 1019664 41
1786941026243 1044832 96
1786941027161 1072032 39
1786941032405 1091112 45
1786941033228 1173224 46
1786941033384 1213888 80
1786941033607 1332108 47
1786941034069 1367652 56
1786941039404 1372204 72
1786941039897 1418428 47
1786941040078 1484984 91
1786941040320 1499868 42
1786941064662 1501792 46
1786941066075 1504892 49
1786941067104 1520040 64
1786941067311 1560848 51
1786941081213 1564440 47
1786941081545 1602288 45
1786941081743 1633140 46
1786941085728 1639508 54
1786941086232 1657872 79
1786941086422 1710160 52
1786941090404 1729644 51
1786941090598 1773572 46
1786941090942 1793052 55
1786941115288 1795940 55
1786941116123 1831704 47
1786941129952 1858376 52
1786941130209 1886688 54
1786941134467 1902812 54
1786941135305 1929348 52
1786941138732 1930880 61
1786941138910 1969020 48
1786941163237 1979044 56
1786941164067 2001836 52
1786941178550 2003276 59
1786941178913 2024760 59
1786941182862 2026740 56
1786941183051 2052984 62
1786941187271 2065788 71
1786941212015 2080904 60
1786941212994 2107792 56
1786941226675 2108464 58
1786941231156 2118620 60
1786941235932 2130964 57
1786941260338 2139184 57
1786941274966 2154640 54
1786941279534 2158112 74
1786941283817 2166504 57
1786941309441 2175208 58
1786941324208 2187116 73
1786941329115 2196972 63
1786941333212 2204904 56
1786941358360 2211592 57
1786941373146 2220240 53
1786941377703 2227076 63
1786941381658 2230692 66
1786941406537 2235172 59
1786941421716 2244008 66
1786941426082 2253360 74
1786941430261 2258524 76
1786941454803 2258952 65
1786941469262 2267048 88
1786941473535 2269020 68
1786941477826 2273284 78
1786941503258 2276260 64
1786941517800 2288508 60
1786941522365 2289684 62
1786941526583 2292500 67
1786941551532 2293892 60
1786941565687 2297124 89
1786941569954 2297728 69
1786941573846 2298880 69
1786941575909 2305328 86
1786941576117 2329620 56
