1790190478636 70
1790190478739 43
1790190478814 45
1790190478891 46
1790190478972 48
1790190479053 48
1790190479138 98
1790190479275 70
1790190479382 72
1790190479490 73
1790190479601 74
1790190479712 75
1790190479825 76
1790190479939 75
1790190480050 76
1790190480163 79
1790190480281 77
1790190480396 76
1790190480510 77
1790190480626 80
1790190480744 79
1790190480861 81
1790190480980 80
1790190481100 78
1790190481218 78
1790190481335 79
1790190481454 83
1790190481577 85
1790190481701 82
1790190481823 84
1790190481946 84
1790190482066 82
1790190482188 86
1790190482314 84
1790190482438 85
1790190482564 86
1790190482689 89
1790190482818 90
1790190482948 84
1790190483073 88
1790190483202 87
1790190483328 88
1790190483457 90
1790190483588 88
1790190483716 90
1790190483847 90
1790190483979 90
1790190484108 91
1790190484240 92
1790190484372 92
1790190484505 94
1790190484641 90
1790190484775 95
1790190484911 95
1790190485048 90
1790190485178 98
1790190485318 92
1790190485451 93
1790190485585 95
1790190485721 92
1790190485853 98
1790190485992 96
1790190486129 98
1790190486267 98
1790190486406 95
1790190486541 99
1790190486681 95
1790190486817 96
1790190486952 101
1790190487085 113
1790190487240 101
1790190487383 101
1790190487515 99
1790190487656 101
1790190487790 100
1790190487932 101
1790190488064 102
1790190488207 101
1790190488341 103
1790190488487 102
1790190488620 103
1790190488764 104
1790190488900 104
1790190489045 104
1790190489219 26
1790190489276 107
1790190489441 28
1790190489511 108
1790190489678 29
1790190489738 28
1790190489823 30
1790190489886 104
1790190490034 29
1790190490093 26
1790190490176 29
1790190490235 112
1790190490408 30
1790190490471 28
1790190490568 109
1790190490709 29
1790190490795 121
1790190491002 32
1790190491077 29
1790190491140 28
1790190491200 113
1790190491399 31
1790190491515 119
1790190491707 30
1790190491772 31
1790190491864 118
1790190492068 26
1790190492190 117
1790190492390 28
1790190492501 107
1790190492677 27
1790190492736 26
1790190492820 106
1790190493010 27
1790190493135 108
1790190493303 27
1790190493361 29
1790190493450 109
1790190493656 29
1790190493768 108
1790190493963 29
1790190494062 30
1790190494125 112
1790190494298 31
1790190494415 114
1790190494575 30
1790190494663 30
1790190494780 117
1790190494985 29
1790190495087 117
1790190495290 29
1790190495352 28
1790190495413 28
1790190495475 116
1790190495663 31
1790190495730 29
1790190495794 29
1790190495855 117
1790190496032 28
1790190496093 30
1790190496197 117
1790190496404 28
1790190496521 115
1790190496709 33
1790190496776 30
1790190496867 118
1790190497075 29
1790190497178 31
1790190497244 119
1790190497425 28
1790190497544 119
1790190497734 29
1790190497796 29
1790190497886 118
1790190498091 29
1790190498208 116
1790190498401 28
1790190498518 125
1790190498731 32
1790190498855 120
1790190499048 29
1790190499111 30
1790190499203 120
1790190499412 30
1790190499502 28
1790190499561 122
1790190499731 30
1790190499793 30
1790190499911 120
1790190500120 31
1790190500241 123
1790190500440 29
1790190500560 124
1790190500776 32
1790190500898 124
1790190501098 29
1790190501220 126
1790190501412 32
1790190501478 30
1790190501571 32
1790190501638 128
1790190501842 31
1790190501936 31
1790190502002 128
1790190502221 31
1790190502341 129
1790190502549 32
1790190502671 128
1790190502890 31
1790190503013 128
1790190503217 32
1790190503344 129
1790190503564 31
1790190503689 128
1790190503897 31
1790190504021 129
1790190504240 32
1790190504362 131
1790190504573 32
1790190504697 133
1790190504923 32
1790190505050 135
1790190505266 33
1790190505393 137
1790190505625 33
1790190505753 135
1790190505967 33
1790190506092 31
1790190506217 135
1790190506416 33
1790190506485 33
1790190506583 32
1790190506694 139
1790190506927 33
1790190507053 32
1790190507178 136
1790190507378 32
1790190507445 32
1790190507528 33
1790190507596 32
1790190507695 136
1790190507926 31
1790190508054 32
1790190508149 138
1790190508396 34
1790190508528 33
1790190508628 36
1790190508703 137
1790190508905 33
1790190509033 33
1790190509148 140
1790190509386 30
1790190509485 33
1790190509555 31
1790190509653 141
1790190509889 33
1790190510000 34
1790190510129 142
1790190510336 32
1790190510405 33
1790190510502 33
1790190510630 140
1790190510821 33
1790190510890 30
1790190510988 31
1790190511116 139
1790190511323 33
1790190511392 30
1790190511488 33
1790190511604 138
1790190511840 33
1790190511940 33
1790190512070 142
1790190512281 33
1790190512350 34
1790190512436 34
1790190512565 148
1790190512811 32
1790190512911 31
1790190512978 33
1790190513046 33
1790190513115 147
1790190513316 33
1790190513381 33
1790190513512 30
1790190513578 32
1790190513645 144
1790190513885 32
1790190513984 33
1790190514054 32
1790190514139 145
1790190514320 34
1790190514421 34
1790190514554 32
1790190514656 148
1790190514871 35
1790190514943 35
1790190515046 35
1790190515164 151
1790190515383 33
1790190515454 33
1790190515556 33
1790190515628 33
1790190515697 34
1790190515769 147
1790190515985 33
1790190516119 36
1790190516240 153
1790190516463 32
1790190516532 31
1790190516599 35
1790190516671 31
1790190516802 154
1790190517024 34
1790190517124 34
1790190517196 31
1790190517311 153
1790190517534 34
1790190517608 32
1790190517709 31
1790190517811 32
1790190517881 151
1790190518104 32
1790190518204 35
1790190518279 32
1790190518369 151
1790190518624 33
1790190518724 33
1790190518795 35
1790190518901 151
1790190519123 35
1790190519197 35
1790190519300 35
1790190519390 36
1790190519463 157
1790190519694 35
1790190519831 35
1790190519935 36
1790190520011 154
1790190520237 34
1790190520341 33
1790190520432 33
1790190520503 155
1790190520761 36
1790190520866 36
1790190521004 158
1790190521235 37
1790190521373 34
1790190521494 159
1790190521725 36
1790190521800 33
1790190521904 33
1790190522005 37
1790190522080 157
1790190522307 34
1790190522412 34
1790190522537 156
1790190522798 37
1790190522906 36
1790190523042 160
1790190523272 35
1790190523345 34
1790190523450 35
1790190523572 33
1790190523677 159
1790190523877 34
1790190523981 34
1790190524088 36
1790190524225 159
1790190524455 34
1790190524529 34
1790190524633 35
1790190524754 36
1790190524859 161
1790190525060 37
1790190525166 35
1790190525270 34
1790190525344 31
1790190525412 34
1790190525485 165
1790190525720 37
1790190525831 37
1790190525956 35
1790190526094 170
1790190526337 34
1790190526479 35
1790190526586 35
1790190526699 35
1790190526775 164
1790190527011 33
1790190527131 37
1790190527242 36
1790190527381 170
1790190527623 36
1790190527697 36
1790190527805 37
1790190527911 37
1790190528057 170
1790190528318 38
1790190528429 36
1790190528575 37
1790190528684 170
1790190528961 35
1790190529071 36
1790190529183 35
1790190529258 35
1790190529353 170
1790190529632 37
1790190529739 38
1790190529848 35
1790190529922 35
1790190530029 177
1790190530279 36
1790190530421 35
1790190530548 40
1790190530661 177
1790190530944 35
1790190531052 36
1790190531161 33
1790190531234 35
1790190531340 174
1790190531591 35
1790190531687 38
1790190531766 33
1790190531874 34
1790190532017 173
1790190532232 37
1790190532309 37
1790190532415 37
1790190532525 37
1790190532671 180
1790190532892 37
1790190532968 38
1790190533102 36
1790190533215 33
1790190533356 178
1790190533607 36
1790190533717 35
1790190533794 36
1790190533867 36
1790190533944 35
1790190534054 183
1790190534312 37
1790190534412 34
1790190534487 37
1790190534601 36
1790190534746 178
1790190535003 38
1790190535147 36
1790190535254 34
1790190535362 176
1790190535579 35
1790190535677 37
1790190535790 36
1790190535933 37
1790190536041 180
1790190536331 39
1790190536447 40
1790190536562 39
1790190536640 39
1790190536757 186
1790190537006 37
1790190537152 37
1790190537267 36
1790190537379 183
1790190537638 36
1790190537713 38
1790190537826 37
1790190537937 37
1790190538086 185
1790190538363 36
1790190538476 35
1790190538619 37
1790190538734 184
1790190539029 37
1790190539143 40
1790190539259 40
1790190539377 37
1790190539454 188
1790190539705 37
1790190539819 37
1790190539970 39
1790190540084 37
1790190540197 189
1790190540503 36
1790190540617 38
1790190540734 36
1790190540847 40
1790190540948 39
1790190541027 194
1790190541299 37
1790190541446 38
1790190541561 36
1790190541676 35
1790190541755 36
1790190541870 190
1790190542137 40
1790190542253 40
1790190542334 38
1790190542434 39
1790190542550 35
1790190542662 39
1790190542742 195
1790190543015 39
1790190543132 40
1790190543250 41
1790190543334 39
1790190543414 37
1790190543494 39
1790190543610 195
1790190543886 37
1790190544024 42
1790190544144 39
1790190544263 38
1790190544379 199
1790190544620 39
1790190544700 40
1790190544782 41
1790190544864 41
1790190544947 39
1790190545064 38
1790190545142 40
1790190545222 39
1790190545342 198
1790190545641 41
1790190545764 37
1790190545883 38
1790190546039 38
1790190546120 37
1790190546199 199
1790190546440 39
1790190546521 40
1790190546641 39
1790190546758 41
1790190546875 40
1790190546958 38
1790190547063 199
1790190547341 40
1790190547461 41
1790190547544 40
1790190547660 36
1790190547774 38
1790190547889 202
1790190548169 41
1790190548254 39
1790190548334 39
1790190548415 39
1790190548497 37
1790190548577 36
1790190548676 40
1790190548796 204
1790190549078 41
1790190549164 40
1790190549249 41
1790190549333 39
1790190549415 39
1790190549570 40
1790190549653 41
1790190549738 203
1790190550025 41
1790190550146 41
1790190550267 41
1790190550374 39
1790190550456 40
1790190550577 207
1790190550865 40
1790190550987 40
1790190551109 40
1790190551228 42
1790190551313 41
1790190551399 205
1790190551688 40
1790190551772 41
1790190551854 40
1790190551973 41
1790190552060 38
1790190552164 40
1790190552288 204
1790190552574 38
1790190552693 37
1790190552813 39
1790190552931 41
1790190553018 39
1790190553101 210
1790190553394 40
1790190553481 42
1790190553565 42
1790190553690 39
1790190553837 39
1790190553959 210
1790190554249 38
1790190554368 40
1790190554490 38
1790190554574 39
1790190554657 41
1790190554778 38
1790190554860 209
1790190555112 42
1790190555196 41
1790190555280 42
1790190555365 40
1790190555449 37
1790190555589 40
1790190555709 217
1790190556006 42
1790190556132 41
1790190556217 42
1790190556303 42
1790190556429 39
1790190556552 214
1790190556849 42
1790190556936 42
1790190557024 41
1790190557149 44
1790190557296 42
1790190557422 44
1790190557550 218
1790190557851 42
1790190557980 41
1790190558106 43
1790190558231 39
1790190558352 41
1790190558478 219
1790190558783 42
1790190558912 43
1790190559065 41
1790190559187 44
1790190559316 39
1790190559441 214
1790190559739 42
1790190559864 41
1790190559989 42
1790190560115 40
1790190560239 43
1790190560364 221
1790190560670 41
1790190560780 42
1790190560870 41
1790190560997 41
1790190561120 41
1790190561207 42
1790190561291 46
1790190561424 220
1790190561730 44
1790190561860 43
1790190561985 42
1790190562116 40
1790190562242 42
1790190562368 224
1790190562663 43
1790190562751 42
1790190562837 43
1790190562964 38
1790190563089 41
1790190563216 43
1790190563344 220
1790190563646 39
1790190563772 42
1790190563899 43
1790190564025 44
1790190564157 44
1790190564269 43
1790190564357 225
1790190564626 44
1790190564714 44
1790190564805 40
1790190564931 41
1790190565055 42
1790190565182 42
1790190565268 42
1790190565357 229
1790190565674 41
1790190565803 42
1790190565932 44
1790190566063 42
1790190566214 43
1790190566343 229
1790190566619 45
1790190566709 44
1790190566799 43
1790190566926 41
1790190567053 41
1790190567179 42
1790190567307 229
1790190567624 44
1790190567757 44
1790190567888 44
1790190568018 43
1790190568133 40
1790190568220 40
1790190568307 231
1790190568626 43
1790190568756 42
1790190568897 41
1790190568985 40
1790190569072 45
1790190569204 42
1790190569333 232
1790190569651 44
1790190569742 46
1790190569837 43
1790190569963 44
1790190570096 46
1790190570213 45
1790190570344 232
1790190570666 42
1790190570796 44
1790190570931 41
1790190571062 43
1790190571189 40
1790190571318 234
1790190571643 43
1790190571775 42
1790190571906 43
1790190572040 196
1790190572040 46
1790190572358 43
1790190572447 45
1790190572537 43
1790190572625 63
1790190572877 78
1790190574720 79
1790190575752 272
1790190594206 261
1790190618406 244
1790190618681 46
1790190618775 46
1790190618871 44
1790190618946 48
1790190619041 43
1790190619133 42
1790190619223 43
1790190619312 46
1790190619406 46
1790190619500 45
1790190619594 44
1790190619687 46
1790190619781 46
1790190619878 46
1790190619974 44
1790190620049 46
1790190620147 43
1790190620221 46
1790190620316 45
1790190620409 47
1790190624040 238
1790190626741 47
1790190626837 43
1790190626928 45
1790190627021 45
1790190627114 45
1790190627206 43
1790190627299 42
1790190627389 44
1790190627481 45
1790190627575 43
1790190627667 45
1790190627759 44
1790190627853 241
1790190628144 43
1790190628235 43
1790190628325 210
1790190628325 47
1790190628620 45
1790190628698 48
1790190628972 46
1790190629050 46
1790190629148 45
1790190629420 258
1790190629729 48
1790190629829 49
1790190629975 50
1790190630120 48
1790190630266 47
1790190630396 50
1790190630542 262
1790190630903 50
1790190631050 47
1790190631196 50
1790190631344 49
1790190631490 50
1790190631638 49
1790190631783 266
1790190632147 48
1790190632294 49
1790190632443 47
1790190632588 47
1790190632721 50
1790190632861 48
1790190633006 262
1790190633370 49
1790190633518 50
1790190633666 49
1790190633814 47
1790190633959 49
1790190634106 49
1790190634251 266
1790190634618 50
1790190634767 52
1790190634918 48
1790190635053 47
1790190635196 49
1790190635340 48
1790190635484 259
1790190635841 47
1790190635941 46
1790190636040 47
1790190636185 47
1790190636330 48
1790190636474 48
1790190636619 48
1790190636764 263
1790190637126 50
1790190637277 50
1790190637412 50
1790190637561 49
1790190637710 50
1790190637860 48
1790190638007 265
1790190638370 49
1790190638516 47
1790190638662 47
1790190638807 47
1790190638952 47
1790190639095 48
1790190639241 265
1790190639604 47
1790190639736 49
1790190639883 49
1790190640033 48
1790190640183 50
1790190640335 50
1790190640486 283
1790190640874 51
1790190641025 50
1790190641177 51
1790190641329 50
1790190641483 52
1790190641638 51
1790190641793 286
1790190642183 52
1790190642322 54
1790190642478 51
1790190642635 52
1790190642792 53
1790190642949 52
1790190643108 285
1790190643498 54
1790190643654 48
1790190643803 50
1790190643957 51
1790190644111 50
1790190644264 51
1790190644419 290
1790190644799 52
1790190644949 51
1790190645103 54
1790190645263 54
1790190645422 53
1790190645580 54
1790190645738 292
1790190646136 53
1790190646295 52
1790190646452 54
1790190646611 52
1790190646769 52
1790190646930 54
1790190647088 300
1790190647478 55
1790190647639 51
1790190647795 52
1790190647954 54
1790190648111 53
1790190648269 52
1790190648426 53
1790190648585 308
1790190648950 55
1790190649063 54
1790190649224 52
1790190649382 54
1790190649540 53
1790190649698 55
1790190649859 53
1790190650017 299
1790190650409 54
1790190650571 53
1790190650730 54
1790190650891 54
1790190651052 51
1790190651209 54
1790190651370 54
1790190651529 303
1790190651939 56
1790190652100 53
1790190652258 52
1790190652418 55
1790190652581 54
1790190652741 53
1790190652900 54
1790190653049 307
1790190653463 54
1790190653628 50
1790190653784 53
1790190653940 51
1790190654098 51
1790190654254 55
1790190654413 53
1790190654570 298
1790190654978 54
1790190655140 53
1790190655303 50
1790190655460 53
1790190655569 52
1790190655677 52
1790190655835 53
1790190655986 55
1790190656146 296
1790190656549 55
1790190656711 54
1790190656870 54
1790190657033 54
1790190657191 54
1790190657351 53
1790190657510 54
1790190657668 304
1790190658079 53
1790190658239 54
1790190658401 53
1790190658561 56
1790190658731 51
1790190658876 54
1790190658986 54
1790190659149 310
1790190659567 52
1790190659725 49
1790190659881 51
1790190659986 52
1790190660144 51
1790190660300 52
1790190660455 52
1790190660612 301
1790190661019 54
1790190661181 55
1790190661342 52
1790190661501 52
1790190661658 54
1790190661806 54
1790190661970 54
1790190662080 54
1790190662190 309
1790190662609 55
1790190662773 54
1790190662937 53
1790190663098 58
1790190663265 55
1790190663429 53
1790190663592 55
1790190663756 306
1790190664169 56
1790190664282 59
1790190664457 53
1790190664621 52
1790190664732 56
1790190664885 56
1790190665049 55
1790190665216 322
1790190665599 54
1790190665762 55
1790190665927 56
1790190666043 53
1790190666205 54
1790190666370 58
1790190666486 58
1790190666657 320
1790190667089 54
1790190667204 59
1790190667376 53
1790190667539 54
1790190667704 56
1790190667858 55
1790190667972 54
1790190668138 54
1790190668304 325
1790190668688 55
1790190668802 54
1790190668915 57
1790190669085 55
1790190669198 58
1790190669366 56
1790190669531 55
1790190669699 55
1790190669813 59
1790190669987 332
1790190670431 57
1790190670548 57
1790190670710 54
1790190670876 56
1790190671032 58
1790190671184 55
1790190671352 56
1790190671499 57
1790190671666 325
1790190672053 54
1790190672165 58
1790190672284 56
1790190672450 56
1790190672598 55
1790190672766 55
1790190672934 56
1790190673051 55
1790190673218 58
1790190673389 331
1790190673781 57
1790190673948 56
1790190674098 56
1790190674255 58
1790190674428 59
1790190674600 58
1790190674720 54
1790190674885 57
1790190675054 333
1790190675450 57
1790190675567 58
1790190675685 55
1790190675853 58
1790190676023 57
1790190676141 56
1790190676308 58
1790190676481 54
1790190676596 337
1790190677048 59
1790190677220 58
1790190677338 57
1790190677487 58
1790190677657 55
1790190677825 58
1790190677944 59
1790190678118 56
1790190678287 336
1790190678683 58
1790190678855 57
1790190679025 60
1790190679145 55
1790190679313 60
1790190679487 59
1790190679608 55
1790190679777 62
1790190679958 343
1790190680365 61
1790190680540 57
1790190680710 56
1790190680866 59
1790190680985 58
1790190681158 58
1790190681329 57
1790190681448 57
1790190681619 57
1790190681737 341
1790190682140 57
1790190682259 58
1790190682432 57
1790190682602 61
1790190682725 58
1790190682900 60
1790190683075 59
1790190683196 59
1790190683370 345
1790190683831 58
1790190683949 58
1790190684121 58
1790190684282 61
1790190684455 57
1790190684573 59
1790190684744 59
1790190684922 58
1790190685042 343
1790190685506 61
1790190685631 60
1790190685808 60
1790190685932 59
1790190686106 57
1790190686280 60
1790190686404 60
1790190686581 58
1790190686759 61
1790190686883 354
1790190687354 58
1790190687528 62
1790190687696 61
1790190687820 59
1790190687998 61
1790190688123 63
1790190688303 59
1790190688426 59
1790190688548 58
1790190688668 57
1790190688786 60
1790190688908 350
1790190689322 58
1790190689493 59
1790190689668 59
1790190689788 55
1790190689961 58
1790190690135 59
1790190690256 58
1790190690433 61
1790190690612 55
1790190690729 359
1790190691208 60
1790190691377 60
1790190691553 60
1790190691676 57
1790190691851 60
1790190692031 56
1790190692152 60
1790190692329 56
1790190692505 60
1790190692626 358
1790190693102 60
1790190693282 58
1790190693401 61
1790190693580 57
1790190693757 59
1790190693880 61
1790190694061 61
1790190694239 61
1790190694364 60
1790190694542 360
1790190695012 59
1790190695191 60
1790190695314 57
1790190695434 61
1790190695558 56
1790190695678 60
1790190695800 59
1790190695923 59
1790190696101 60
1790190696281 62
1790190696400 58
1790190696579 370
1790190697014 61
1790190697194 61
1790190697376 58
1790190697498 61
1790190697679 60
1790190697856 60
1790190697980 59
1790190698160 58
1790190698337 60
1790190698460 372
1790190698938 64
1790190699125 62
1790190699251 61
1790190699431 60
1790190699556 61
1790190699735 62
1790190699861 59
1790190700043 60
1790190700165 62
1790190700348 373
1790190700841 63
1790190700969 58
1790190701152 62
1790190701277 66
1790190701465 62
1790190701649 59
1790190743071 370
1790190743505 61
1790190743630 59
1790190743753 61
1790190743877 61
1790190744003 60
1790190744126 62
1790190744294 62
1790190744478 58
1790190744601 61
1790190744782 61
1790190744908 59
1790190745087 375
1790190745525 61
1790190745708 59
1790190745889 60
1790190746013 62
1790190746195 62
1790190746322 61
1790190746505 62
1790190746687 62
1790190746814 62
1790190746996 381
1790190747440 61
1790190747624 62
1790190747807 59
1790190747929 62
1790190748091 64
1790190748277 61
1790190748403 59
1790190748584 62
1790190748767 62
1790190748892 60
1790190749075 382
1790190749580 62
1790190749707 62
1790190749889 62
1790190750074 62
1790190750201 62
1790190750326 61
1790190750451 62
1790190750578 62
1790190750763 62
1790190750888 62
1790190751071 62
1790190751255 388
1790190751708 62
1790190751896 61
1790190752021 64
1790190752196 62
1790190752382 64
1790190752513 60
1790190752695 62
1790190752822 62
1790190753007 62
1790190753134 63
1790190753322 392
1790190753779 63
1790190753967 64
1790190754097 63
1790190754285 63
1790190754415 61
1790190754599 62
1790190754726 62
1790190754913 62
1790190755041 62
1790190755226 62
1790190755353 390
1790190755870 63
1790190755999 62
1790190756173 64
1790190756365 61
1790190756495 63
1790190756686 63
1790190756815 62
1790190756943 63
1790190757072 62
1790190757200 64
1790190757393 64
1790190757525 393
1790190758041 63
1790190758171 63
1790190758359 62
1790190758486 62
1790190758672 63
1790190758801 62
1790190758988 63
1790190759118 60
1790190759303 63
1790190759433 64
1790190759625 398
1790190760092 62
1790190760282 63
1790190760460 65
1790190760594 62
1790190760782 64
1790190760912 62
1790190761040 65
1790190761173 62
1790190761283 64
1790190761472 63
1790190761601 63
1790190761790 396
1790190762252 65
1790190762446 64
1790190762580 60
1790190762766 65
1790190762898 65
1790190763086 63
1790190763219 64
1790190763411 63
1790190763540 65
1790190763670 63
1790190763799 63
1790190763932 405
1790190764463 63
1790190764595 64
1790190764774 62
1790190764963 64
1790190765094 64
1790190765286 63
1790190765416 63
1790190765607 63
1790190765737 64
1790190765867 67
1790190766002 65
1790190766115 402
1790190766645 62
1790190766773 67
1790190766965 64
1790190767096 63
1790190767288 63
1790190767420 63
1790190767548 68
1790190767685 63
1790190767815 63
1790190767947 63
1790190768137 63
1790190768269 63
1790190768459 407
1790190768934 62
1790190769114 63
1790190769308 62
1790190769437 64
1790190769570 61
1790190769700 64
1790190769832 64
1790190769964 63
1790190770155 63
1790190770287 64
1790190827125 414
1790190839149 407
1790190839710 73
1790190839924 415
1790190840703 422
1790190841257 87
1790190841702 451
1790190842306 76
1790190842696 479
1790190843553 449
1790190844355 484
1790190845047 89
1790190845456 481
1790190846309 477
1790190847025 479
1790190847730 81
1790190847874 480
1790190848433 78
1790190848613 79
1790190848765 81
1790190849321 80
1790190849475 488
1790190850036 79
1790190850188 495
1790190850737 78
1790190850957 498
1790190851529 80
1790190851684 500
1790190852327 507
1790190852910 80
1790190853065 510
1790190853701 81
1790190853835 512
1790190854425 81
1790190854586 513
1790190855241 79
1790190855401 519
1790190855999 85
1790190856161 528
1790190856834 83
1790190856995 530
1790190857605 82
1790190857767 83
1790190857996 546
1790190858623 82
1790190858790 544
1790190859416 87
1790190859654 552
1790190860291 86
1790190860458 554
1790190861099 86
1790190861341 562
1790190861985 87
1790190862155 87
1790190862327 569
1790190863049 89
1790190863202 574
1790190863862 88
1790190864036 87
1790190864282 579
1790190864950 89
1790190865123 88
1790190865298 588
1790190866044 90
1790190866219 594
1790190866899 91
1790190867076 91
1790190867326 603
1790190868015 92
1790190868196 91
1790190868377 612
1790190869155 91
1790190869336 607
1790190870038 93
1790190870223 92
1790190870488 620
1790190871197 90
1790190871378 96
1790190871565 626
1790190872359 94
1790190872545 633
1790190873267 95
1790190873460 93
1790190873642 644
1790190874454 91
1790190874639 637
1790190875367 93
1790190875555 95
1790190875744 651
1790190876572 99
1790190876763 656
1790190877513 98
1790190877708 96
1790190877898 658
1790190878734 100
1790190878927 671
1790190879690 99
1790190879885 98
1790190880084 696
1790190881260 137
1790190884132 104
1790190885975 101
1790190921161 532
1790190942309 483
1790191617950 868
1790191618959 146
1790191619248 144
1790191619526 142
1790191619789 144
1790191620079 910
1790191621133 147
1790191621552 143
1790191621842 147
1790191622136 921
1790191623203 145
1790191623489 145
1790191623779 142
1790191624067 909
1790191625249 143
1790191626094 143
1790191626383 143
1790191627092 146
1790191627809 144
1790191628514 145
1790191628806 144
1790191629516 144
1790191630285 145
1790191630988 139
1790191631274 140
1790191631560 140
1790191632537 143
1790191664457 924
1790191665533 160
1790191666124 165
1790191666439 166
1790191667217 156
1790191667515 139
1790191668215 142
1790191668500 142
1790191669061 140
1790191669744 158
1790191670588 140
1790191671285 146
1790191671970 162
1790191672423 158
1790191673191 160
1790191674594 161
1790191675329 159
1790191676026 158
1790191676708 155
1790191677483 161
1790191678211 946
1790191679717 159
1790191680443 162
1790191681179 166
1790191681782 167
1790191682516 163
1790191697139 899
1790191698573 142
1790192512149 991
1790192513790 186
1790192514635 186
1790192515481 185
1790192516324 179
1790192517003 188
1790192517690 191
1790192518379 183
1790192519227 185
1790192519583 185
1790192520399 164
1790192521225 166
1790192521874 163
1790192522510 169
1790192522829 169
1790192523487 163
1790192523815 164
1790192524617 166
1790192525730 170
1790192526392 165
1790192526721 161
1790192527366 162
1790192528018 991
1790192529338 165
1790192529672 170
1790192530177 164
1790192530513 166
1790192544320 170
1790192544985 1014
1790193443198 1053
1790193444778 178
1790193445480 175
1790193446201 183
1790193460856 1041
1790194392861 1086
1790195333065 1121
1790195350180 201
1790195350980 199
1790196316401 1171
1790196317983 206
1790196318396 203
1790196334038 203
1790196334654 205
1790196335069 205
1790197328873 1177
1790197330265 219
1790197330701 213
1790197331339 214
1790197346455 214
1790198368828 1232
1790198370504 217
1790198385336 219
1790198385997 221
1790199441660 1262
1790199459494 225
1790199460177 222
1790200532038 1225
1790200533501 219
1790200533951 223
1790200534398 223
1790200534849 223
1790200551804 228
1790201603131 1404
1790201620256 230
1790201620948 231
1790202709807 1449
1790202711485 396
1790202712115 387
1790202712971 394
1790202730307 236
1790202731015 1306
1790202811443 711
1790202816821 531
1790202965587 532
1790212358170 785
1790212400573 873
1790221761696 1057
1790225387462 863
1790235821787 1059
1790235863916 924
1790246576639 1088
1790246611310 1293
1790248437289 1898
1790248439585 409
1790248440389 406
1790248441589 412
1790248442403 1877
1790248444637 402
1790248446201 410
1790248447409 414
1790248448215 399
1790248449004 404
1790248450201 412
1790248451418 421
1790248452632 413
1790248454243 417
1790248516357 1953
1790248519127 409
1790248519950 411
1790248521182 400
1790248522365 393
1790248523573 407
1790248524394 413
1790248525625 411
1790248526454 414
1790248526941 414
1790248528179 412
1790248529408 410
1790248530232 414
1790248531528 410
1790248532348 425
1790248533623 415
1790248534438 402
1790248535655 401
1790248536435 406
1790248537640 398
1790248538422 398
1790248539651 411
1790248540934 419
1790248542236 409
1790248543044 402
1790248544255 400
1790248545458 402
1790248546661 401
1790248547885 1931
1790248550996 393
1790248551797 397
1790248577272 426
1790250695627 1902
1790250698346 415
1790255001328 2009
1790255004149 425
1790261645176 1986
1790268307444 2063
1790272987993 1045
1790272990446 718
1790273135497 737
1790284246406 1036
1790284296309 1128
1790295796243 1249
1790299251671 874
1790309373795 1069
1790309420393 916
1790318592873 989
