1786572147741 28888 17
1786572147811 35872 13
1786572147875 55892 13
1786572147940 103764 12
1786572148227 125960 12
1786572148434 134368 13
1786572148724 135244 13
1786572149097 135436 13
1786572150324 135440 13
1786572150751 135492 14
1786572151157 135524 13
1786572151566 135548 13
1786572151995 136504 14
1786572152295 136540 15
1786572152444 137932 12
1786572152708 137988 15
1786572152849 139656 14
1786572153135 139712 15
1786572153282 141124 14
1786572153591 141180 14
1786572153649 142620 16
1786572153980 142896 14
1786572154169 144356 14
1786572154474 144376 14
1786572154531 146032 13
1786572154836 146088 14
1786572155126 147544 14
1786572155347 149220 14
1786572155652 149276 15
1786572155971 150720 16
1786572156202 152396 15
1786572156514 152452 14
1786572156816 153896 16
1786572157045 155572 16
1786572157397 155632 15
1786572157712 157088 16
1786572157899 158752 16
1786572158237 158816 16
1786572158598 160260 17
1786572158746 161924 16
1786572159097 161988 16
1786572159428 163444 16
1786572159572 165108 15
1786572159924 165172 15
1786572160230 166616 16
1786572160425 168288 19
1786572160850 169728 16
1786572161207 169792 18
1786572161531 171496 17
1786572161918 172964 30
1786572162489 176004 16
1786572162855 176140 19
1786572163269 177856 17
1786572163654 179320 18
1786572164034 181028 19
1786572164442 182488 17
1786572164825 184188 16
1786572165251 185664 18
1786572165631 187364 18
1786572166051 188844 18
1786572166441 190536 19
1786572166930 192020 18
1786572167318 193712 19
1786572167711 195180 19
1786572168179 195196 20
1786572168619 196888 18
1786572168992 198308 19
1786572169400 198356 19
1786572169870 200044 18
1786572170246 200088 18
1786572170618 201532 19
1786572171016 201556 20
1786572171424 203248 18
1786572171804 204680 19
1786572172244 204732 18
1786572172649 206420 19
1786572173047 206464 19
1786572173467 207912 21
1786572173976 209592 20
1786572174459 210960 19
1786572174918 211088 19
1786572175371 212764 19
1786572175779 212820 20
1786572176224 214256 21
1786572176655 215932 21
1786572177101 215984 21
1786572177551 217440 21
1786572178013 219116 19
1786572178433 219168 21
1786572178935 220620 38
1786572179726 222328 20
1786572180149 223800 21
1786572180630 223816 20
1786572180769 234912 25
1786572180855 238828 23
1786572301174 241528 32
1786572301330 343020 36
1786572301431 357448 26
1786572301530 435968 30
1786572302217 441924 41
1786572302478 470824 32
1786572302593 501640 40
1786572302777 512216 28
1786572302888 520312 29
1786572303391 525608 34
1786572303952 531092 32
1786572304147 560920 31
1786572304255 568116 41
1786572304383 588812 32
1786572304952 608600 36
1786572305131 639684 43
1786572305264 729876 38
1786572305420 743828 35
1786572306042 755412 32
1786572311677 765992 38
1786572311846 775424 41
1786572311965 790824 30
1786572313866 792396 35
1786572314192 803120 40
1786572314304 813540 35
1786572314453 827680 32
1786572314668 876384 34
1786572314801 959524 43
1786572314937 981036 46
1786572315097 1034984 33
1786572315891 1039040 42
1786572316098 1060880 43
1786572316248 1073320 39
1786572321492 1091268 43
1786572322088 1102880 40
1786572322532 1229020 54
1786572322715 1331124 45
1786572323073 1359076 46
1786572328799 1371676 51
1786572329249 1395412 49
1786572329417 1442200 50
1786572329604 1496788 43
1786572329784 1512928 41
1786572340908 1514972 49
1786572341937 1517660 49
1786572343315 1526420 52
1786572343462 1544864 43
1786572343646 1591900 44
1786572343839 1608292 53
1786572349878 1609196 77
1786572350054 1643312 42
1786572350531 1684400 40
1786572354906 1699792 54
1786572355069 1745832 69
1786572355286 1795432 56
1786572360311 1813240 55
1786572360486 1834916 44
1786572360671 1859672 53
1786572371004 1864916 61
1786572372359 1889408 44
1786572379556 1898188 54
1786572379724 1930764 44
1786572385303 1939768 72
1786572385944 1960500 50
1786572389912 1967908 86
1786572390254 1990524 43
1786572400190 1996480 66
1786572408117 2014044 68
1786572408892 2034192 57
1786572413110 2041552 55
1786572414242 2060196 51
1786572417816 2061732 56
1786572427962 2081256 53
1786572429108 2105604 49
1786572435629 2106788 58
1786572440543 2122188 71
1786572445043 2139316 66
1786572455399 2156184 56
1786572463708 2170480 57
1786572468685 2178044 74
1786572473339 2184284 58
1786572483439 2186656 54
1786572491773 2197812 53
1786572496606 2203832 62
1786572501254 2210360 65
1786572511809 2214172 59
1786572513041 2223024 65
1786572519035 2223696 62
1786572524029 2227564 56
1786572528464 2235100 58
1786572538770 2239464 60
1786572545696 2251112 81
1786572550808 2254104 71
1786572555173 2259544 65
1786572565396 2260872 62
1786572572480 2267076 73
1786572577775 2268360 64
1786572582845 2273336 64
1786572592345 2277180 60
1786572599387 2290520 54
1786572604372 2291408 72
1786572608555 2294740 62
1786572618465 2296792 57
1786572619632 2302936 48
1786572625768 2303352 73
1786572630298 2306172 68
1786572634320 2309500 64
1786572637399 2327952 67
