1790744152984 58
1790744153100 49
1790744153186 29
1790744154059 53
1790744154141 27
1790744154199 30
1790744155063 48
1790744155141 28
1790744156044 50
1790744157048 50
1790744157129 27
1790744157185 50
1790744157274 50
1790744157363 52
1790744157456 53
1790744157549 53
1790744158280 52
1790744158364 51
1790744158455 56
1790744158555 55
1790744158653 58
1790744158962 30
1790744159026 29
1790744159087 29
1790744159151 58
1790744159259 63
1790744159369 57
1790744159463 60
1790744159568 60
1790744159665 57
1790744159769 64
1790744159879 56
1790744159982 31
1790744160051 62
1790744160158 59
1790744160255 58
1790744160360 59
1790744160465 60
1790744160560 59
1790744160667 61
1790744160764 33
1790744160845 59
1790744160952 61
1790744161050 31
1790744161130 60
1790744161236 60
1790744161334 65
1790744161447 62
1790744161545 59
1790744161652 60
1790744161749 63
1790744161860 61
1790744161958 32
1790744162037 65
1790744162148 31
1790744162217 64
1790744162318 63
1790744162427 33
1790744162497 61
1790744162606 64
1790744162717 33
1790744162787 65
1790744162888 68
1790744163004 32
1790744163074 66
1790744163187 67
1790744163291 31
1790744163372 69
1790744163478 31
1790744163559 67
1790744163664 67
1790744163788 81
1790744163958 107
1790744164224 151
1790744164643 100
1790744164975 100
1790744165312 98
1790744165697 99
1790744166011 193
1790744166407 99
1790744167584 99
1790744167882 192
1790744168342 94
1790744168642 98
1790744168941 195
1790744169330 101
1790744169622 198
1790744170130 207
1790744170653 104
1790744171128 97
1790744171594 101
1790744172366 203
1790744172776 99
1790744173073 103
1790744173388 204
1790744173884 201
1790744174682 101
1790744175002 207
1790744175491 100
1790744175887 105
1790744176200 101
1790744176508 98
1790744176809 105
1790744177297 205
1790744177712 96
1790744178016 99
1790744178319 102
1790744178801 104
1790744179115 97
1790744179427 206
1790744179836 101
1790744180134 101
1790744180432 101
1790744180746 99
1790744181050 100
1790744181355 101
1790744181885 210
1790744182300 101
1790744182606 100
1790744182911 102
1790744183210 104
1790744183511 104
1790744183820 102
1790744184130 209
1790744184544 101
1790744185030 103
1790744185349 99
1790744185656 102
1790744185966 103
1790744186444 212
1790744186865 101
1790744187174 105
1790744187481 100
1790744187783 102
1790744188086 103
1790744188728 203
1790744189172 108
1790744189522 103
1790744189836 101
1790744190611 102
1790744190923 205
1790744191328 101
1790744191674 100
1790744191984 101
1790744192292 101
1790744192616 97
1790744192911 101
1790744193267 203
1790744193719 104
1790744194033 104
1790744194708 104
1790744195950 205
1790744196968 102
1790744197285 102
1790744197593 97
1790744199625 206
1790744200206 102
1790744200516 99
1790744200869 211
1790744201396 101
1790744201721 205
1790744202236 105
1790744203059 106
1790744203389 217
1790744203827 102
1790744204152 104
1790744204480 105
1790744205299 103
1790744206291 209
1790744206699 103
1790744207665 108
1790744208618 214
1790744209045 98
1790744211621 213
1790744212232 106
1790744212551 103
1790744212862 101
1790744213168 109
1790744213667 104
1790744220177 213
1790744221120 102
1790744222361 213
1790744223070 100
1790744223565 103
1790744225698 212
1790744229025 211
1790744229448 102
1790744232295 210
1790744232761 109
1790744233087 105
1790744233695 101
1790744234018 104
1790744234346 110
1790744234678 214
1790744235110 106
1790744238226 214
1790744239232 117
1790744239561 100
1790744242112 212
1790744242715 108
1790744243037 99
1790744243345 103
1790744243654 105
1790744244157 105
1790744248389 209
1790744249685 101
1790744250299 100
1790744250793 214
1790744251470 106
1790744251785 103
1790744252234 103
1790744254896 215
1790744257254 214
1790744263529 210
1790744263974 211
1790744373612 222
1790744374173 110
1790744374594 105
