1785366028823 34
1785366028901 33
1785366028963 30
1785366029022 33
1785366029084 30
1785366029155 31
1785366029215 32
1785366029276 29
1785366029336 32
1785366029396 34
1785366029459 33
1785366029532 30
1785366029592 34
1785366029655 32
1785366029715 32
1785366029777 33
1785366029840 31
1785366029911 33
1785366029973 34
1785366030091 34
1785366030154 30
1785366030226 31
1785366030286 30
1785366030345 33
1785366030408 32
1785366030470 32
1785366030533 33
1785366030610 32
1785366030673 31
1785366030735 34
1785366030811 37
1785366030897 37
1785366030986 39
1785366031076 37
1785366031166 35
1785366031252 39
1785366031343 38
1785366031433 42
1785366031527 41
1785366031620 38
1785366031710 37
1785366031782 41
1785366031876 51
1785366031980 39
1785366032055 38
1785366032146 38
1785366032219 38
1785366032312 40
1785366032408 39
1785366032482 40
1785366032577 50
1785366032682 44
1785366032786 44
1785366032893 45
1785366033000 46
1785366033108 42
1785366033214 45
1785366033328 44
1785366033438 45
1785366033547 46
1785366033659 48
1785366033946 39
1785366034039 37
1785366034112 38
1785366034187 37
1785366034277 41
1785366034354 36
1785366034444 39
1785366034520 37
1785366034615 37
1785366036902 37
1785366037008 41
1785366037104 40
1785366037202 40
1785366037333 38
1785366037426 37
1785366037760 40
1785366037836 38
1785366037928 39
1785366038023 41
1785366038121 38
1785366038214 35
1785366041397 45
1785366041482 38
1785366041575 44
1785366041654 38
1785366048181 44
1785366048265 42
1785366048369 43
1785366048453 41
1785366048534 42
1785366048638 41
1785366048719 43
1785366048802 45
