1785799824938 260920 22
1785799825119 264388 20
1785799825546 268440 22
1785799825848 271676 20
1785799826193 284060 20
1785799826666 290556 22
1785799826976 293620 22
1785799827283 314868 21
1785799827398 434764 24
1785799827519 490912 25
1785799827637 502380 24
1785799827757 543468 26
1785799827879 593244 24
1785799828001 615120 26
1785799828133 643852 27
1785799828261 657896 27
1785799828387 683036 26
1785799828515 701724 25
1785799828643 717780 27
1785799828775 748776 27
1785799828909 763596 26
1785799829020 771952 25
1785799829147 786420 27
1785799829269 823472 25
1785799829405 866824 27
1785799829549 923560 27
1785799829689 951860 31
1785799829842 1002864 29
1785799829990 1034040 26
1785799830130 1056736 31
1785799830284 1082368 27
1785799830431 1111628 30
1785799830584 1135032 28
1785799831178 1151152 27
1785799831288 1179760 26
1785799831567 1195552 29
1785799831910 1215908 28
1785799832182 1232804 31
1785799832453 1248936 28
1785799832731 1262376 29
1785799833022 1276740 31
1785799836126 1282260 30
1785799836242 1469004 29
1785799836374 1712716 31
1785799836532 1779712 34
1785799836669 1978368 32
1785799837055 2012276 29
1785799837168 2150364 34
1785799837305 2338780 31
1785799837439 2476584 37
1785799837577 2505308 33
1785799837692 2559472 31
1785799841789 2574892 33
1785799841919 2661484 35
1785799848904 2665420 41
1785799849145 2701640 39
1785799849277 2777092 37
