1790712753397 59
1790712753516 28
1790712753596 50
1790712753681 49
1790712754511 53
1790712754616 29
1790712754676 26
1790712755517 49
1790712755602 57
1790712755700 53
1790712755792 53
1790712755885 53
1790712755978 57
1790712756073 56
1790712756168 55
1790712756262 29
1790712756322 52
1790712756413 52
1790712756505 53
1790712756598 29
1790712756658 52
1790712756753 56
1790712756851 29
1790712756913 53
1790712757006 57
1790712757105 55
1790712757201 28
1790712757262 55
1790712757359 53
1790712757454 31
1790712757517 56
1790712757616 57
1790712757713 28
1790712757773 52
1790712757865 56
1790712757961 58
1790712758060 55
1790712758156 53
1790712758253 58
1790712758354 57
1790712758451 58
1790712758552 30
1790712758612 58
1790712758702 54
1790712758797 55
1790712758893 59
1790712758984 52
1790712759080 56
1790712759478 31
1790712759843 55
1790712759927 32
1790712759994 59
1790712760104 31
1790712760180 59
1790712760474 33
1790712760540 32
1790712760605 62
1790712760720 60
1790712760830 35
1790712760900 66
1790712761004 33
1790712761074 65
1790712761188 35
1790712761262 63
1790712761362 34
1790712761435 33
1790712761506 63
1790712761619 35
1790712761691 63
1790712761791 34
1790712761864 32
1790712761936 68
1790712762070 34
1790712762142 65
1790712762246 36
1790712762319 34
1790712762392 68
1790712762510 35
1790712762580 67
1790712762686 36
1790712762757 65
1790712762873 33
1790712762946 67
1790712763050 35
1790712763125 32
1790712763210 68
1790712763315 35
1790712763390 35
1790712763464 67
1790712763579 34
1790712763651 36
1790712763727 68
1790712763832 33
1790712763904 36
1790712763991 70
1790712764100 33
1790712764173 35
1790712764245 67
1790712764353 31
1790712764438 72
1790712764547 34
1790712764621 34
1790712764694 69
1790712764803 31
1790712764885 75
1790712765002 77
1790712765154 88
1790712765338 110
1790712765734 193
1790712766240 98
1790712766563 96
1790712766891 101
1790712767381 93
1790712767692 91
1790712767983 188
1790712769384 95
1790712769668 191
1790712770232 98
1790712770526 191
1790712770943 96
1790712771224 184
1790712771720 199
1790712772259 206
1790712772795 207
1790712773305 207
1790712773834 212
1790712774357 216
1790712775363 101
1790712775662 99
1790712775957 100
1790712776260 217
1790712776755 217
1790712777680 102
1790712777996 214
1790712778958 102
1790712779254 97
1790712779554 100
1790712779850 101
1790712780328 101
1790712780634 219
1790712781050 100
1790712781351 104
1790712781646 101
1790712781988 97
1790712782289 102
1790712782593 98
1790712782889 102
1790712783372 214
1790712783787 100
1790712784089 99
1790712784383 93
1790712784670 99
1790712785005 104
1790712785308 99
1790712785609 100
1790712786341 211
1790712786753 101
1790712787057 107
1790712787358 101
1790712787949 98
1790712788243 96
1790712788562 102
1790712788859 211
1790712789358 102
1790712789766 99
1790712790067 100
1790712790454 100
1790712790789 101
1790712791091 99
1790712791387 216
1790712791854 103
1790712792335 103
1790712792637 96
1790712793391 101
1790712793698 215
1790712795413 103
1790712795717 97
1790712796016 97
1790712796331 212
1790712796758 98
1790712797164 100
1790712798399 104
1790712799320 217
1790712799740 96
1790712800425 210
1790712800960 221
1790712801489 101
1790712801976 223
1790712802408 101
1790712803555 219
1790712803974 97
1790712804270 225
1790712804804 105
1790712805128 228
1790712805653 103
1790712806266 105
1790712806583 105
1790712806918 103
1790712810905 232
1790712811341 100
1790712811967 101
1790712812450 106
1790712813488 228
1790712813917 100
1790712814486 103
1790712814834 103
1790712815147 103
1790712815665 104
1790712816161 222
1790712817381 101
1790712817786 101
1790712818192 99
1790712818785 228
1790712819678 102
1790712820621 102
1790712820929 104
1790712821410 230
1790712822037 109
1790712822349 100
1790712822862 102
1790712823159 103
1790712824043 222
1790712824573 102
1790712824981 102
1790712825479 102
1790712826859 223
1790712827543 99
1790712827890 101
1790712829014 103
1790712829323 222
1790712829956 100
1790712830450 103
1790712830808 105
1790712832886 224
1790712833911 104
1790712836755 224
1790712837336 101
1790712837637 100
1790712838144 102
1790712838455 104
1790712838776 107
1790712839101 102
1790712839421 235
1790712840158 104
1790712842545 229
1790712843600 106
1790712843915 98
1790712844556 104
1790712845982 225
1790712846712 105
1790712847218 104
1790712847632 102
1790712848042 102
1790712848546 223
1790712856004 228
1790712858779 224
1790712859976 108
1790712864069 228
1790712864505 104
1790712867469 227
1790712867917 103
1790712975034 225
1790712975481 104
1790712975934 108
