# timestamp_ms rss_kb
1785387862393 12296
1785387863301 35452
1785387863373 83616
1785387863441 144880
1785387863513 189940
1785387863586 218392
1785387863663 255548
1785387863738 308840
1785387863811 364172
1785387863883 409296
1785387863958 440048
1785387864035 474840
1785387864110 530176
1785387864193 585508
1785387864269 640844
1785387864347 684000
1785387864424 728852
1785387864505 797432
1785387864983 831908
1785387865071 883384
1785387865173 942104
1785387865282 997592
1785387865404 1058564
1785387865529 1118268
1785387865653 1181184
1785387865795 1256804
1785387865952 1300048
1785387866115 1341936
1785387866299 1420496
1785387866887 1457196
1785387871409 1511368
1785387871575 1555688
1785387871760 1596580
1785387871968 1638812
1785387872169 1709468
1785387872383 1743860
1785387874020 1798128
1785387880259 1846680
1785387882100 1887344
1785387888897 1957556
1785387889168 2039196
1785387890694 2083952
1785387904415 2182548
1785387906012 2237444
1785387912800 2284544
1785387915576 2331004
1785387921841 2381824
1785387929248 2441600
1785387936699 2498944
1785387937557 2879880
