1785387862393 43
1785387863301 37
1785387863373 34
1785387863441 36
1785387863513 37
1785387863586 39
1785387863663 39
1785387863738 37
1785387863811 38
1785387863883 38
1785387863958 40
1785387864035 39
1785387864110 44
1785387864193 40
1785387864269 41
1785387864347 38
1785387864424 42
1785387864505 44
1785387864667 25
1785387864772 31
1785387864856 42
1785387864983 46
1785387865071 49
1785387865173 55
1785387865282 59
1785387865404 65
1785387865529 61
1785387865653 63
1785387865795 78
1785387865952 82
1785387866115 99
1785387866299 97
1785387866488 55
1785387866593 60
1785387866750 84
1785387866887 84
1785387867293 59
1785387867582 89
1785387867940 64
1785387868280 86
1785387868419 50
1785387868521 57
1785387868629 54
1785387871409 79
1785387871575 93
1785387871760 105
1785387871968 101
1785387872169 101
1785387872383 108
1785387872651 69
1785387873719 90
1785387874020 90
1785387874205 56
1785387880259 119
1785387880507 97
1785387880711 76
1785387881054 112
1785387882100 127
1785387882414 118
1785387888676 158
1785387888897 135
1785387889168 136
1785387889440 88
1785387889648 90
1785387889802 138
1785387890694 83
1785387890973 145
1785387891182 91
1785387904289 96
1785387904415 99
1785387904619 60
1785387904799 53
1785387905089 105
1785387905259 56
1785387906012 104
1785387906340 101
1785387907213 60
1785387907393 108
1785387907922 58
1785387908441 105
1785387912800 103
1785387913627 56
1785387914027 101
1785387915057 106
1785387915576 60
1785387916194 104
1785387920543 100
1785387921437 59
1785387921673 104
1785387921841 58
1785387922585 55
1785387922811 101
1785387928100 97
1785387928954 56
1785387929248 101
1785387930103 55
1785387935556 104
1785387936404 56
1785387936699 106
1785387937557 106
