1785396689333 13229436 120
1785396690199 14843260 118
1785396691146 16926076 119
1785396692093 19019132 118
1785396693036 21114236 119
1785396694007 23215484 118
1785396694981 25316732 123
1785396695878 27424124 128
1785396696750 29508988 118
1785396697572 31618428 118
1785396698417 33705340 119
1785396699321 35808636 118
1785396700904 37748092 138
1785396701813 40009084 120
1785396702628 42110332 120
1785396703447 44215676 125
1785396704347 46306684 120
1785396705168 48403836 121
1785396706070 50507132 163
1785396706938 52604284 127
1785396707868 54701436 125
1785396711780 55155612 121
1785396712900 55710824 137
1785396715712 55942940 132
1785396718455 56024076 134
1785396727585 56285332 140
1785396734859 56286412 143
