# timestamp_ms rss_kb
1785826663550 210164
1785826665315 223568
1785826722150 239088
1785826722730 256092
1785826722863 304880
1785826723161 359676
1785826723295 407092
1785826723432 447444
1785826723569 479048
1785826723706 510412
1785826723848 535176
1785826723989 570152
1785826724131 611744
1785826724273 648928
1785826724415 680512
1785826724562 715336
1785826724708 754796
1785826724856 777068
1785826725005 799644
1785826725283 952372
1785826725431 1142836
1785826727483 1185688
1785826727879 1209908
1785826728444 1297852
1785826728965 1323812
1785826729407 1363624
1785826729691 1394512
1785826730151 1446332
1785826730574 1480308
1785826730725 1510208
1785826730967 1542376
1785826731554 1604308
1785826732084 1650756
1785826732565 1689520
1785826732792 1740936
1785826733206 1796164
1785826733817 1859900
1785826734311 1918432
1785826734927 1981952
1785826735575 2032208
1785826735810 2075820
1785826736366 2152384
1785826736881 2202380
1785826737361 2252760
1785826737667 2386776
1785826737831 2517852
1785826737995 2601508
1785826738157 2709404
1785826738321 2926492
1785826739035 3022392
1785826739337 3157572
1785826739504 3253848
1785826739666 3327572
1785826739829 3409500
1785826739995 3501668
1785826740162 3612268
1785826740477 3737212
1785826740647 3812996
1785826740816 3907208
1785826761786 3991396
1785826766960 4077992
1785826767796 4160360
1785826770697 4246332
1785826772632 4334420
1785826773312 4425648
1785826782807 4520988
1785826826207 4618032
1785826860578 4634452 (true peak, below trigger threshold; snapshot is in peaks/peak.smaps)
