# timestamp_ms rss_kb
1790706404182 228500
1790706406521 242380
1790706438955 265660
1790706439491 305408
1790706439532 320860
1790706439576 374880
1790706439620 410040
1790706439667 443520
1790706439714 459720
1790706439764 482200
1790706439813 494204
1790706439863 514448
1790706439912 536476
1790706439959 566048
1790706440039 587904
1790706440091 619012
1790706440172 640716
1790706440221 669352
1790706440270 684272
1790706440352 711968
1790706440399 728544
1790706440451 744168
1790706440536 767760
1790706440588 783932
1790706440639 807508
1790706440688 940628
1790706440736 1073748
1790706441026 1095320
1790706441072 1182396
1790706441120 1321660
1790706441167 1454788
1790706477570 1489552
1790706477894 1523784
1790706477952 1570528
1790706479525 1570896 (true peak, below trigger threshold; snapshot is in peaks/peak.smaps)
