1790759221038 261224 22
1790759221352 270712 23
1790759221683 278140 23
1790759222334 290880 23
1790759222649 294384 26
1790759222926 305924 24
1790759223871 325124 27
1790759224112 470784 24
1790759224608 611936 29
1790759225256 691024 27
1790759225857 747868 28
1790759226363 800740 29
1790759226748 808968 30
1790759227365 816496 28
1790759227478 829892 28
1790759228125 851652 29
1790759228755 856328 28
1790759229046 913576 29
1790759230336 1151420 32
1790759230449 1179384 30
1790759233168 1283144 34
1790759234244 1329280 37
1790759234390 1646720 34
1790759234534 1718400 35
1790759234682 1816116 34
1790759234818 1996340 34
1790759236406 2068100 36
1790759236543 2246276 35
1790759236678 2428548 35
1790759236814 2474192 38
1790759236936 2513468 34
1790759241281 2623944 42
1790759241431 2681864 37
1790759242757 2691976 38
1790759248695 2702568 43
1790759248921 2745576 42
1790759249076 2778344 44
1790759249645 2819128 42
1790759249802 2849848 42
1790759250033 3092920 42
1790759250188 3125688 43
1790759250417 3168696 41
1790759250572 3201464 43
1790759250800 3246520 44
1790759251780 3251392 42
1790759252673 3259252 44
1790759253491 3297512 45
1790759253741 3352808 43
1790759253968 3399912 42
1790759254128 3598468 45
