1786822406252 16520 20
1786822406535 30912 16
1786822406626 80956 17
1786822406713 135724 15
1786822406797 191640 16
1786822407192 205380 17
1786822407282 257336 19
1786822407373 313412 18
1786822430678 314216 23
1786822431213 314344 22
1786822431846 315812 22
1786822432371 317496 22
1786822432829 317540 23
1786822433331 318996 22
1786822433812 320676 23
1786822434333 320720 22
1786822434930 322180 23
1786822435453 323864 23
1786822435975 323916 23
1786822436464 325364 22
1786822436974 327048 24
1786822437488 327100 24
1786822437714 333668 25
1786822437818 338400 22
1786822437986 345676 24
1786822438154 352916 23
1786822438314 359704 24
1786822438414 363900 24
1786822438579 370536 24
1786822438734 377152 24
1786822438837 382124 25
1786822439000 393992 24
1786822439104 409152 27
1786822439211 431204 25
1786822439319 452452 25
1786822439424 472368 24
1786822439530 488912 25
1786822439637 504108 26
1786822439745 519240 27
1786822439853 533296 28
1786822439969 550052 27
1786822440080 571180 29
1786822440198 627328 28
1786822440313 691112 31
1786822440435 769088 32
1786822440565 780140 29
1786822441270 780180 30
1786822441838 795292 30
1786822441948 833212 31
1786822442084 884980 33
1786822442219 957548 34
1786822442366 1006820 32
1786822443192 1010252 33
1786822443400 1044932 35
1786822443543 1090072 37
1786822443696 1138384 36
1786822443850 1202968 35
1786822444010 1233384 35
1786822444483 1245964 38
1786822444717 1262072 37
1786822444981 1280548 38
1786822445243 1298748 39
1786822445480 1315084 38
1786822445735 1332992 38
1786822445972 1349092 39
1786822446229 1383556 41
1786822446404 1414760 38
1786822446580 1452456 40
1786822446756 1491352 40
1786822446925 1530856 41
1786822447097 1569292 44
1786822447284 1609660 43
1786822447470 1648332 45
1786822447650 1681548 45
1786822447845 1715828 44
1786822448038 1749040 45
1786822448197 1775264 44
1786822448380 1807400 45
1786822448527 1832408 45
1786822448729 1863652 48
1786822449553 1886044 50
1786822450040 1916580 51
1786822450360 1969580 49
1786822450554 2080876 48
1786822450748 2261340 52
1786822450948 2409260 51
1786822451284 2469940 50
1786822451479 2496252 50
1786822451752 2578628 51
1786822451950 2690764 50
1786822452144 2969516 52
1786822452345 3018668 52
1786822452796 3101240 51
1786822453484 3152440 50
1786822453787 3211968 53
1786822454067 3259180 51
1786822454261 3296072 50
1786822454536 3343176 50
1786822454733 3378640 51
1786822455009 3425744 52
1786822455208 3464656 51
1786822455487 3511384 51
1786822455682 3637536 51
1786822455879 3792488 52
1786822456075 3956336 53
1786822456275 4096952 54
1786822457860 4129564 54
1786822458144 4178052 54
1786822458441 4229368 53
1786822458718 4276576 56
1786822459032 4338228 55
1786822459317 4385440 53
1786822459636 4447016 53
1786822459915 4493788 56
1786822460230 4553312 54
1786822460508 4600520 53
1786822460820 4661912 53
1786822461100 4709120 53
1786822461411 4768648 54
1786822461803 4833188 56
1786822462112 4894764 56
1786822462542 4980976 57
1786822462941 5049552 55
1786822463256 5109080 54
1786822463682 5195292 55
1786822464075 5256488 56
1786822464393 5318072 57
1786822464788 5389912 56
1786822465213 5467272 55
1786822465642 5553488 56
1786822466039 5627376 55
1786822466355 5687044 56
1786822466747 5756832 56
1786822467058 5816360 56
1786822467453 5892188 55
1786822467655 6056392 58
1786822467861 6184368 55
1786822468057 6301368 57
1786822468224 6378032 57
1786822468427 6544288 58
1786822468629 6691956 58
1786822468835 6839740 60
1786822469044 6959124 57
1786822469360 7179556 60
1786822469564 7322572 60
1786822469739 7416988 61
1786822469946 7537396 59
1786822470246 7713920 59
1786822470421 7802180 60
1786822470629 7947860 61
1786822470804 8042276 59
1786822471012 8173784 61
1786822472297 8254024 62
1786822473618 8254504 60
1786822474941 8254984 62
1786822476272 8255476 62
1786822477595 8255952 63
1786822478909 8256424 62
1786822480229 8256884 62
1786822481569 8257360 63
1786822482788 8382872 61
1786822483116 8587972 61
1786822483295 8684392 63
1786822483508 8838252 61
1786822483835 9077720 62
1786822484163 9289740 64
1786822484339 9386160 61
1786822484548 9521564 63
1786822484872 9734672 63
1786822485051 9833148 66
1786822485267 9982908 62
1786822485594 10213456 66
1786822485925 10463744 64
1786822486234 10698528 71
1786822486813 10849872 73
1786822487570 10968236 73
1786822489605 11031240 74
1786822489978 11157128 77
1786822490577 11337536 78
1786822494064 11450628 81
1786822494880 11570816 84
1786822496607 11655480 85
1786822497947 11803748 89
1786822501562 11854328 88
1786822501996 12016380 87
1786822503594 12225048 94
1786822512030 12234404 87
1786822513232 12382216 90
1786822513989 12542888 95
1786822514971 12676672 98
1786822515543 12827328 99
1786822517675 12867916 100
1786822519215 13002428 99
1786822520907 13203404 100
1786822522648 13484124 115
1786822525716 13606348 105
1786822526171 13813992 104
1786822526527 14007040 103
1786822527056 14340128 107
1786822527592 14663232 111
1786822528138 14985304 109
1786822528678 15245672 108
1786822553407 15400828 115
1786822556361 15465480 112
1786822571054 15552752 116
1786822575354 15585288 118
1786822580049 15692192 118
1786822604739 15762456 118
1786822607224 15813344 116
1786822621168 15849816 118
1786822625321 15861032 122
1786822630162 15930272 114
1786822654841 15935468 119
1786822669421 15961552 117
1786822675386 15994904 126
1786822679826 16016172 120
1786822704709 16025212 119
1786822718864 16043760 123
1786822723323 16054800 125
1786822753284 16090052 118
1786822767464 16100680 118
1786822771851 16108264 132
1786822776317 16121260 119
1786822800853 16126508 123
1786822816256 16140216 121
1786822820666 16143952 125
1786822849925 16166304 122
1786822868590 16177060 128
1786822897719 16188080 122
1786822916104 16196836 125
1786822945457 16204296 120
1786822959005 16215256 122
1786822964825 16226876 126
1786823042686 16244896 123
1786823056747 16248388 122
1786823060976 16252456 125
1786823067470 16292008 125
