# timestamp_ms rss_kb
1790181233107 99544
1790181233223 154240
1790181233308 205584
1790181233395 223900
1790181233482 268684
1790181233572 288624
1790181233708 316708
1790181233824 342660
1790181233940 362472
1790181234059 390940
1790181234178 417152
1790181234297 443932
1790181234417 470852
1790181234539 500588
1790181234661 525936
1790181234784 553696
1790181234907 577936
1790181235031 602504
1790181235156 625316
1790181235279 653160
1790181235404 670616
1790181235529 696344
1790181235654 724980
1790181235781 750008
1790181235908 770772
1790181236032 797632
1790181236159 822220
1790181236285 851412
1790181236414 869460
1790181236544 896956
1790181236672 923480
1790181236802 959060
1790181236933 1015576
1790181237064 1062932
1790181237196 1121008
1790181237325 1170388
1790181237459 1227932
1790181237593 1285140
1790181237727 1336644
1790181237863 1399008
1790181237999 1451492
1790181238135 1510032
1790181238273 1568016
1790181238411 1619228
1790181238550 1678512
1790181238689 1731008
1790181238828 1791252
1790181238967 1842664
1790181239111 1904452
1790181239253 1959916
1790181239394 2021724
1790181239535 2073172
1790181239677 2134400
1790181239819 2188968
1790181239963 2249288
1790181240108 2304848
1790181240253 2367664
1790181240534 2459224
1790181240678 2514740
1790181240823 2576472
1790181240970 2632008
1790181241116 2686036
1790181241265 2748308
1790181241415 2803764
1790181241563 2863392
1790181241711 2922948
1790181241998 3021704
1790181242149 3082300
1790181242438 3183484
1790181242728 3289944
1790181243022 3393712
1790181243317 3499120
1790181243609 3607636
1790181243908 3719956
1790181244271 3846640
1790181244750 3939372
1790181245274 4050028
1790181245910 4160660
1790181246394 4271280
1790181246897 4381912
1790181247343 4492560
1790181247878 4603176
1790181248330 4713788
1790181248874 4824396
1790181249332 4935004
1790181249891 5045612
1790181250359 5156232
1790181251027 5268692
1790181251516 5379316
1790181252073 5489936
1790181252538 5600576
1790181253241 5748080
1790181253930 5895576
1790181254616 6043072
1790181255359 6190560
1790181256030 6338040
1790181256743 6486060
1790181257501 6633564
1790181258185 6781068
1790181258859 6928556
1790181259551 7076036
1790181260259 7223520
1790181261013 7371000
1790181261764 7518492
1790181262616 7702864
1790181263511 7887296
1790181264250 8071652
1790181265113 8256004
1790181265976 8440356
1790181266742 8624724
1790181267670 8809092
1790181268513 8993436
1790181269412 9178620
1790181270319 9362988
1790181271445 9584236
1790181272515 9805488
1790181273531 10026712
1790181274521 10247936
1790181275648 10469200
1790181276739 10690456
1790181277792 10911696
1790181278800 11132924
1790181279996 11391008
1790181281307 11649108
1790181282551 11898488
1790181283702 12165360
1790181284992 12423448
1790181286264 12681540
1790181287555 12940660
1790181289083 13235692
1790181290618 13530704
1790181291985 13825696
1790181293394 14103956
1790181294868 14413320
1790181296372 14710656
1790181297584 15005632
1790181299082 15337456
1790181300727 15669320
1790181302344 16001188
1790181304120 16333060
1790181305857 16664912
1790181307780 17033644
1790181309648 17402396
1790181311433 17771140
1790181313166 18141160
1790181315048 18509880
1790181316953 18907496
1790181318764 19286556
1790181320787 19689812
1790181322767 20095404
1790181324907 20501004
1790181327189 20943452
1790181329232 21385964
1790181331370 21828416
1790181394889 22298332
1790181397317 22777652
1790181399696 23256956
1790181402075 23736268
1790181404503 24215576
1790181407135 24731748
1790181409822 25247932
1790181412494 25764096
1790181415257 26280288
1790181418116 26833316
1790181421024 27386364
1790181424045 27939396
1790181427219 28529300
1790181430494 29119220
1790181433610 29709140
1790181436889 30336184
1790181440071 30962964
1790181443246 31589740
1790181446612 32253388
1790181450223 32917304
1790181453674 33580952
1790181457349 34281472
1790181461058 34981988
1790181464890 35682512
1790181468817 36419892
1790181514875 37160116
1790181519058 37934648
1790181523076 38708896
1790181527344 39483420
1790181531762 40294552
1790181536239 41105940
1790181607597 41957528
1790181609086 43406352
1790181609945 44518812
1790181611412 45971180
1790181612278 46906536
1790181613802 48112008
1790181614724 49145332
1790181615156 50225792
1790181618004 51281836
1790181618938 52357172
1790181620317 53504188
1790181621708 54579508
1790181622707 55690672
1790181624306 57124436
1790181625789 58343136
1790181627441 59741052
1790181628506 60995592
1790181630245 62465196
1790181631507 63863112
1790181633282 65332720
1790181634607 66874012
1790181636490 68343620
1790181637856 69813228
1790181639814 71281780
1790181641248 72739536
1790181643468 74501208
1790181645701 76050092
1790181647198 77627232
1790182078167 79239872
1790182367401 80939392
1790182371482 82663992
1790182375636 84470624
1790182399008 86355736
1790182403269 88198844
1790182407573 90078808
1790182462435 91907272
1790182945505 93859064
1790182994063 95804344
1790185001630 97858052
1790188535958 99823160
1790203055268 102004652
1790203061784 104206836
1790203066893 106395128
1790203074362 108625408
1790215614960 110797932
1790216204938 113017976
1790216789046 115283080
1790217521382 117605524
1790218515610 120545920
1790218669613 122970008
1790218873548 125432804
1790219870316 127943188
