1790181233107 81
1790181233223 50
1790181233308 51
1790181233395 49
1790181233482 51
1790181233572 97
1790181233708 78
1790181233824 79
1790181233940 79
1790181234059 80
1790181234178 80
1790181234297 82
1790181234417 82
1790181234539 83
1790181234661 84
1790181234784 83
1790181234907 85
1790181235031 85
1790181235156 84
1790181235279 85
1790181235404 85
1790181235529 86
1790181235654 87
1790181235781 86
1790181235908 84
1790181236032 87
1790181236159 86
1790181236285 89
1790181236414 89
1790181236544 88
1790181236672 90
1790181236802 90
1790181236933 91
1790181237064 92
1790181237196 87
1790181237325 92
1790181237459 93
1790181237593 92
1790181237727 91
1790181237863 95
1790181237999 96
1790181238135 96
1790181238273 96
1790181238411 97
1790181238550 97
1790181238689 96
1790181238828 98
1790181238967 100
1790181239111 98
1790181239253 99
1790181239394 99
1790181239535 100
1790181239677 100
1790181239819 102
1790181239963 104
1790181240108 102
1790181240253 103
1790181240398 103
1790181240534 102
1790181240678 102
1790181240823 104
1790181240970 105
1790181241116 107
1790181241265 106
1790181241415 105
1790181241563 106
1790181241711 106
1790181241860 108
1790181241998 109
1790181242149 107
1790181242299 108
1790181242438 105
1790181242586 110
1790181242728 108
1790181242879 111
1790181243022 109
1790181243174 110
1790181243317 106
1790181243465 111
1790181243609 111
1790181243764 112
1790181243908 110
1790181244063 113
1790181244208 31
1790181244271 113
1790181244454 31
1790181244517 113
1790181244687 31
1790181244750 31
1790181244850 33
1790181244917 112
1790181245061 30
1790181245123 31
1790181245212 31
1790181245274 115
1790181245458 32
1790181245522 31
1790181245610 30
1790181245673 113
1790181245846 32
1790181245910 31
1790181246010 117
1790181246211 32
1790181246328 34
1790181246394 114
1790181246579 33
1790181246696 116
1790181246897 31
1790181247027 116
1790181247228 31
1790181247343 116
1790181247557 33
1790181247675 118
1790181247878 31
1790181248007 121
1790181248212 33
1790181248330 120
1790181248547 32
1790181248667 121
1790181248874 33
1790181249005 122
1790181249213 33
1790181249332 119
1790181249525 34
1790181249592 31
1790181249684 120
1790181249891 32
1790181250023 125
1790181250234 32
1790181250359 123
1790181250555 31
1790181250619 31
1790181250709 32
1790181250774 123
1790181250958 34
1790181251027 32
1790181251105 33
1790181251172 123
1790181251356 33
1790181251422 31
1790181251516 125
1790181251741 33
1790181251861 126
1790181252073 33
1790181252205 125
1790181252417 32
1790181252538 127
1790181252738 34
1790181252806 32
1790181252899 131
1790181253118 34
1790181253241 129
1790181253472 32
1790181253594 128
1790181253809 32
1790181253930 129
1790181254160 32
1790181254281 127
1790181254496 32
1790181254616 126
1790181254817 33
1790181254884 32
1790181255005 127
1790181255196 31
1790181255263 32
1790181255359 126
1790181255562 33
1790181255685 125
1790181255901 36
1790181256030 132
1790181256244 31
1790181256366 128
1790181256583 33
1790181256678 32
1790181256743 130
1790181256950 32
1790181257016 31
1790181257110 132
1790181257308 35
1790181257378 32
1790181257501 131
1790181257711 33
1790181257837 131
1790181258058 35
1790181258185 126
1790181258391 32
1790181258514 132
1790181258736 33
1790181258859 135
1790181259070 33
1790181259193 135
1790181259425 33
1790181259551 140
1790181259768 37
1790181259900 140
1790181260132 34
1790181260259 137
1790181260478 36
1790181260608 138
1790181260845 32
1790181260944 33
1790181261013 137
1790181261201 39
1790181261278 36
1790181261381 138
1790181261584 39
1790181261661 36
1790181261764 36
1790181261878 139
1790181262110 33
1790181262243 34
1790181262341 142
1790181262519 33
1790181262616 35
1790181262731 141
1790181262937 34
1790181263006 33
1790181263103 33
1790181263171 36
1790181263274 143
1790181263511 33
1790181263625 35
1790181263758 144
1790181263998 35
1790181264124 35
1790181264250 147
1790181264478 37
1790181264612 36
1790181264743 148
1790181264982 35
1790181265113 34
1790181265227 150
1790181265471 35
1790181265600 35
1790181265727 152
1790181265976 35
1790181266091 35
1790181266222 150
1790181266438 36
1790181266511 36
1790181266613 35
1790181266742 148
1790181266970 39
1790181267046 34
1790181267117 35
1790181267189 35
1790181267318 149
1790181267538 37
1790181267670 34
1790181267788 151
1790181268035 37
1790181268167 36
1790181268298 149
1790181268513 35
1790181268631 40
1790181268708 35
1790181268779 35
1790181268846 151
1790181269063 36
1790181269136 35
1790181269237 36
1790181269340 35
1790181269412 152
1790181269646 37
1790181269751 36
1790181269823 35
1790181269894 36
1790181269966 153
1790181270216 36
1790181270319 37
1790181270440 157
1790181270666 36
1790181270739 36
1790181270841 36
1790181270913 35
1790181271014 155
1790181271265 37
1790181271369 38
1790181271445 35
1790181271532 159
1790181271727 36
1790181271800 37
1790181271874 36
1790181271977 37
1790181272110 159
1790181272337 37
1790181272411 37
1790181272515 36
1790181272638 162
1790181272895 38
1790181273031 38
1790181273137 162
1790181273395 37
1790181273531 36
1790181273653 162
1790181273912 38
1790181274019 38
1790181274155 162
1790181274415 38
1790181274521 37
1790181274644 164
1790181274905 38
1790181275011 40
1790181275090 36
1790181275164 37
1790181275237 162
1790181275469 39
1790181275546 36
1790181275648 37
1790181275772 164
1790181276036 38
1790181276142 39
1790181276219 37
1790181276326 163
1790181276557 39
1790181276635 37
1790181276739 36
1790181276861 168
1790181277128 38
1790181277236 37
1790181277373 169
1790181277611 38
1790181277688 37
1790181277792 38
1790181277916 168
1790181278184 37
1790181278292 38
1790181278425 167
1790181278691 37
1790181278800 38
1790181278924 169
1790181279190 38
1790181279331 37
1790181279437 38
1790181279575 169
1790181279813 38
1790181279889 37
1790181279996 37
1790181280122 39
1790181280230 173
1790181280440 36
1790181280548 37
1790181280655 37
1790181280730 36
1790181280836 171
1790181281078 39
1790181281156 37
1790181281231 38
1790181281307 37
1790181281400 40
1790181281480 37
1790181281584 173
1790181281827 41
1790181281907 37
1790181282016 37
1790181282125 38
1790181282201 38
1790181282308 172
1790181282551 38
1790181282646 38
1790181282723 38
1790181282830 37
1790181282906 38
1790181283013 176
1790181283293 39
1790181283403 38
1790181283513 40
1790181283593 37
1790181283702 177
1790181283963 39
1790181284075 39
1790181284154 38
1790181284263 39
1790181284372 178
1790181284590 39
1790181284700 37
1790181284809 37
1790181284885 36
1790181284992 38
1790181285121 186
1790181285379 39
1790181285457 39
1790181285568 39
1790181285677 39
1790181285756 38
1790181285867 180
1790181286119 40
1790181286264 38
1790181286361 38
1790181286439 37
1790181286548 182
1790181286803 41
1790181286885 38
1790181286996 40
1790181287109 39
1790181287255 181
1790181287475 40
1790181287555 40
1790181287652 40
1790181287731 37
1790181287841 39
1790181287952 39
1790181288030 185
1790181288255 40
1790181288335 38
1790181288446 38
1790181288523 38
1790181288635 39
1790181288746 41
1790181288829 182
1790181289083 39
1790181289181 39
1790181289260 38
1790181289370 38
1790181289480 37
1790181289556 185
1790181289813 38
1790181289926 38
1790181290004 38
1790181290121 39
1790181290234 187
1790181290461 38
1790181290539 39
1790181290618 40
1790181290715 41
1790181290863 39
1790181290975 186
1790181291202 38
1790181291314 39
1790181291427 39
1790181291572 40
1790181291718 193
1790181291985 39
1790181292117 39
1790181292264 39
1790181292376 186
1790181292638 39
1790181292718 38
1790181292829 38
1790181292941 38
1790181293019 37
1790181293129 191
1790181293394 39
1790181293492 41
1790181293574 40
1790181293721 39
1790181293834 39
1790181293913 189
1790181294177 39
1790181294292 40
1790181294405 40
1790181294485 40
1790181294600 194
1790181294868 41
1790181294968 41
1790181295051 41
1790181295167 41
1790181295319 198
1790181295592 39
1790181295672 41
1790181295790 39
1790181295904 40
1790181296018 41
1790181296099 195
1790181296372 43
1790181296476 41
1790181296627 40
1790181296743 200
1790181297052 40
1790181297169 41
1790181297319 40
1790181297435 39
1790181297584 196
1790181297875 41
1790181297994 40
1790181298146 42
1790181298268 40
1790181298383 200
1790181298697 41
1790181298815 40
1790181298965 40
1790181299082 40
1790181299219 202
1790181299498 41
1790181299581 40
1790181299698 40
1790181299813 41
1790181299894 40
1790181299975 41
1790181300057 39
1790181300173 205
1790181300458 42
1790181300612 39
1790181300727 40
1790181300863 42
1790181300982 207
1790181301230 41
1790181301348 41
1790181301466 39
1790181301583 41
1790181301738 209
1790181302024 41
1790181302142 41
1790181302262 41
1790181302344 40
1790181302447 42
1790181302568 206
1790181302852 44
1790181302939 41
1790181303023 43
1790181303110 41
1790181303194 44
1790181303282 41
1790181303366 42
1790181303449 40
1790181303531 43
1790181303619 208
1790181303869 42
1790181303953 41
1790181304037 42
1790181304120 42
1790181304226 43
1790181304346 45
1790181304470 43
1790181304558 209
1790181304809 44
1790181304897 41
1790181304980 42
1790181305064 39
1790181305146 42
1790181305230 40
1790181305313 44
1790181305401 40
1790181305484 42
1790181305567 210
1790181305857 43
1790181305965 44
1790181306087 41
1790181306171 40
1790181306253 43
1790181306342 43
1790181306429 211
1790181306682 41
1790181306767 44
1790181306855 43
1790181306939 44
1790181307028 43
1790181307113 44
1790181307198 43
1790181307319 43
1790181307404 43
1790181307489 216
1790181307780 44
1790181307927 43
1790181308049 43
1790181308170 42
1790181308255 42
1790181308339 42
1790181308423 215
1790181308717 43
1790181308805 44
1790181308891 43
1790181309014 44
1790181309135 47
1790181309263 219
1790181309561 44
1790181309648 44
1790181309757 44
1790181309880 43
1790181310002 42
1790181310088 43
1790181310209 221
1790181310510 43
1790181310632 42
1790181310754 42
1790181310876 44
1790181310962 42
1790181311084 218
1790181311347 43
1790181311433 43
1790181311577 43
1790181311700 43
1790181311823 43
1790181311945 221
1790181312282 44
1790181312406 43
1790181312529 46
1790181312659 44
1790181312778 42
1790181312864 216
1790181313166 45
1790181313283 45
1790181313410 46
1790181313501 43
1790181313587 43
1790181313674 44
1790181313760 42
1790181313846 220
1790181314109 44
1790181314196 44
1790181314282 44
1790181314373 42
1790181314458 42
1790181314618 43
1790181314741 224
1790181315048 44
1790181315197 44
1790181315323 44
1790181315449 43
1790181315573 44
1790181315660 42
1790181315746 227
1790181316016 44
1790181316105 44
1790181316268 45
1790181316393 43
1790181316517 44
1790181316643 227
1790181316953 44
1790181317065 45
1790181317153 43
1790181317278 44
1790181317403 44
1790181317529 45
1790181317654 47
1790181317748 228
1790181318021 44
1790181318148 47
1790181318242 45
1790181318331 44
1790181318458 45
1790181318548 44
1790181318636 45
1790181318764 47
1790181318882 233
1790181319160 44
1790181319288 45
1790181319417 44
1790181319543 44
1790181319633 44
1790181319721 44
1790181319810 44
1790181319897 230
1790181320172 44
1790181320262 46
1790181320390 46
1790181320481 45
1790181320570 44
1790181320697 45
1790181320787 45
1790181320902 241
1790181321228 44
1790181321357 44
1790181321484 49
1790181321582 44
1790181321671 45
1790181321799 46
1790181321966 234
1790181322284 44
1790181322414 47
1790181322544 44
1790181322672 46
1790181322767 46
1790181322884 45
1790181323013 242
1790181323338 44
1790181323468 44
1790181323556 43
1790181323644 44
1790181323733 43
1790181323820 44
1790181323909 43
1790181323997 43
1790181324085 44
1790181324173 44
1790181324262 240
1790181324548 44
1790181324639 44
1790181324728 44
1790181324817 44
1790181324907 44
1790181325059 44
1790181325188 45
1790181325317 246
1790181325648 45
1790181325739 45
1790181325831 45
1790181325960 48
1790181326056 45
1790181326147 45
1790181326277 47
1790181326371 43
1790181326461 45
1790181326551 242
1790181326840 44
1790181326929 44
1790181327020 45
1790181327189 45
1790181327305 45
1790181327434 44
1790181327564 241
1790181327929 44
1790181328058 45
1790181328189 47
1790181328282 45
1790181328373 46
1790181328504 44
1790181328635 247
1790181328969 44
1790181329100 46
1790181329232 47
1790181329350 48
1790181329445 47
1790181329578 47
1790181329711 248
1790181330046 45
1790181330179 46
1790181330312 45
1790181330444 45
1790181330576 47
1790181330710 252
1790181331049 46
1790181331143 46
1790181331235 47
1790181331370 45
1790181331530 46
1790181331664 46
1790181331796 250
1790181332097 212
1790181332097 47
1790181332411 45
1790181332499 45
1790181332591 58
1790181332846 88
1790181333114 67
1790181333920 63
1790181336200 280
1790181346409 270
1790181383318 253
1790181383621 48
1790181383717 47
1790181383811 47
1790181383907 47
1790181384002 46
1790181384096 46
1790181384191 47
1790181384286 47
1790181384380 46
1790181384476 46
1790181384571 46
1790181384666 46
1790181384761 47
1790181384855 46
1790181384950 47
1790181385046 47
1790181385142 48
1790181385239 47
1790181385334 47
1790181386921 50
1790181391818 259
1790181392126 48
1790181392223 48
1790181392321 47
1790181392417 48
1790181392514 50
1790181392612 49
1790181392694 49
1790181392793 48
1790181392891 48
1790181392988 48
1790181393087 49
1790181393185 49
1790181393284 49
1790181393382 223
1790181393382 50
1790181393713 51
1790181393798 52
1790181394116 51
1790181394203 271
1790181394742 51
1790181394889 50
1790181395022 50
1790181395126 50
1790181395229 51
1790181395378 51
1790181395528 272
1790181395898 54
1790181396049 50
1790181396197 50
1790181396346 53
1790181396494 52
1790181396645 50
1790181396794 273
1790181397167 52
1790181397317 51
1790181397454 52
1790181397604 50
1790181397754 51
1790181397903 51
1790181398053 273
1790181398426 51
1790181398576 51
1790181398726 50
1790181398876 51
1790181399024 50
1790181399174 52
1790181399320 277
1790181399696 51
1790181399832 55
1790181399986 52
1790181400138 54
1790181400293 53
1790181400445 53
1790181400597 282
1790181400979 52
1790181401131 52
1790181401238 52
1790181401344 52
1790181401450 52
1790181401555 52
1790181401661 53
1790181401767 53
1790181401921 54
1790181402075 282
1790181402445 52
1790181402598 53
1790181402752 53
1790181402905 52
1790181403053 52
1790181403204 52
1790181403355 280
1790181403736 53
1790181403888 52
1790181404040 53
1790181404195 53
1790181404349 54
1790181404503 52
1790181404645 288
1790181405035 55
1790181405192 54
1790181405346 54
1790181405501 53
1790181405657 53
1790181405811 54
1790181405967 289
1790181406360 54
1790181406517 53
1790181406671 53
1790181406825 53
1790181406980 54
1790181407135 54
1790181407279 287
1790181407660 53
1790181407816 53
1790181407923 52
1790181408030 52
1790181408137 53
1790181408244 54
1790181408354 53
1790181408510 53
1790181408660 286
1790181409042 53
1790181409197 55
1790181409354 54
1790181409510 54
1790181409666 53
1790181409822 54
1790181409966 293
1790181410363 54
1790181410519 54
1790181410676 55
1790181410834 54
1790181410991 54
1790181411148 54
1790181411306 294
1790181411704 55
1790181411862 55
1790181412021 54
1790181412179 53
1790181412335 55
1790181412494 55
1790181412639 293
1790181413036 54
1790181413193 54
1790181413349 55
1790181413507 56
1790181413666 55
1790181413825 54
1790181413983 294
1790181414381 55
1790181414540 55
1790181414650 54
1790181414760 55
1790181414870 54
1790181414980 55
1790181415090 60
1790181415257 55
1790181415402 56
1790181415556 299
1790181415952 54
1790181416111 54
1790181416270 55
1790181416429 55
1790181416589 55
1790181416748 56
1790181416908 57
1790181417069 300
1790181417473 56
1790181417634 56
1790181417795 55
1790181417956 54
1790181418116 52
1790181418259 56
1790181418421 56
1790181418583 302
1790181418990 56
1790181419103 55
1790181419215 55
1790181419328 55
1790181419483 56
1790181419644 56
1790181419805 56
1790181419966 56
1790181420127 306
1790181420540 56
1790181420702 56
1790181420863 56
1790181421024 56
1790181421167 57
1790181421281 55
1790181421393 56
1790181421507 56
1790181421619 56
1790181421733 306
1790181422145 57
1790181422308 57
1790181422471 57
1790181422634 56
1790181422797 57
1790181422960 57
1790181423125 57
1790181423288 319
1790181423714 58
1790181423879 57
1790181424045 57
1790181424197 58
1790181424363 57
1790181424527 58
1790181424693 57
1790181424857 314
1790181425281 58
1790181425449 57
1790181425616 57
1790181425782 58
1790181425949 58
1790181426116 58
1790181426281 58
1790181426449 330
1790181426888 58
1790181427053 59
1790181427219 58
1790181427367 57
1790181427534 58
1790181427650 58
1790181427767 59
1790181427884 57
1790181428045 58
1790181428164 327
1790181428550 57
1790181428666 58
1790181428782 58
1790181428898 57
1790181429060 56
1790181429224 57
1790181429390 56
1790181429554 57
1790181429720 328
1790181430158 57
1790181430326 57
1790181430494 57
1790181430646 57
1790181430814 58
1790181430984 57
1790181431101 58
1790181431269 324
1790181431706 57
1790181431876 57
1790181432045 57
1790181432213 58
1790181432381 59
1790181432554 58
1790181432671 58
1790181432840 325
1790181433277 57
1790181433444 56
1790181433610 56
1790181433767 60
1790181433940 60
1790181434061 57
1790181434229 58
1790181434397 59
1790181434568 323
1790181434950 58
1790181435121 59
1790181435238 59
1790181435358 61
1790181435479 57
1790181435649 57
1790181435819 59
1790181435992 58
1790181436110 60
1790181436276 330
1790181436716 60
1790181436889 61
1790181437050 59
1790181437170 60
1790181437342 59
1790181437515 61
1790181437635 59
1790181437805 57
1790181437956 329
1790181438396 58
1790181438567 58
1790181438688 60
1790181438859 60
1790181439032 60
1790181439154 59
1790181439327 59
1790181439499 59
1790181439619 339
1790181440071 61
1790181440231 61
1790181440406 59
1790181440527 60
1790181440702 58
1790181440856 60
1790181441031 60
1790181441204 60
1790181441377 335
1790181441826 60
1790181441947 60
1790181442068 61
1790181442188 60
1790181442309 60
1790181442429 61
1790181442603 61
1790181442777 60
1790181442898 60
1790181443072 60
1790181443246 338
1790181443685 61
1790181443807 60
1790181443981 61
1790181444154 60
1790181444275 59
1790181444448 59
1790181444621 60
1790181444741 59
1790181444915 340
1790181445369 60
1790181445544 60
1790181445665 60
1790181445839 60
1790181446014 61
1790181446137 61
1790181446311 62
1790181446489 62
1790181446612 346
1790181447061 61
1790181447184 60
1790181447306 60
1790181447428 61
1790181447602 61
1790181447776 61
1790181447898 61
1790181448075 62
1790181448254 61
1790181448376 61
1790181448498 345
1790181448904 60
1790181449025 62
1790181449149 61
1790181449272 61
1790181449448 61
1790181449623 61
1790181449745 62
1790181449923 61
1790181450100 62
1790181450223 349
1790181450675 61
1790181450851 60
1790181451028 60
1790181451150 61
1790181451326 61
1790181451503 61
1790181451626 61
1790181451803 63
1790181451985 347
1790181452395 61
1790181452573 62
1790181452753 70
1790181452886 62
1790181453065 63
1790181453190 63
1790181453370 61
1790181453549 62
1790181453674 63
1790181453843 354
1790181454316 61
1790181454441 62
1790181454620 62
1790181454745 61
1790181454925 64
1790181455107 61
1790181455231 61
1790181455354 62
1790181455478 62
1790181455602 63
1790181455782 353
1790181456254 62
1790181456378 61
1790181456559 63
1790181456740 62
1790181456864 62
1790181457043 62
1790181457224 60
1790181457349 61
1790181457514 63
1790181457695 359
1790181458117 63
1790181458299 63
1790181458481 63
1790181458608 62
1790181458789 63
1790181458972 63
1790181459099 63
1790181459281 64
1790181459464 64
1790181459591 363
1790181460075 62
1790181460258 62
1790181460382 63
1790181460566 63
1790181460748 63
1790181460874 63
1790181461058 64
1790181461214 63
1790181461400 63
1790181461528 367
1790181462016 65
1790181462202 63
1790181462322 63
1790181462450 64
1790181462578 63
1790181462764 65
1790181462953 64
1790181463082 65
1790181463275 65
1790181463405 65
1790181463592 371
1790181464085 61
1790181464211 62
1790181464395 63
1790181464578 64
1790181464706 63
1790181464890 62
1790181465061 63
1790181465246 61
1790181465375 62
1790181465564 375
1790181466004 63
1790181466189 63
1790181466375 63
1790181466504 63
1790181466688 62
1790181466873 63
1790181467001 63
1790181467187 64
1790181467372 64
1790181467501 378
1790181468002 62
1790181468187 63
1790181468314 65
1790181468503 67
1790181468695 64
1790181468817 64
1790181510924 386
1790181511433 65
1790181511563 64
1790181511692 65
1790181511823 65
1790181512009 66
1790181512140 64
1790181512326 64
1790181512455 66
1790181512644 65
1790181512774 67
1790181512964 383
1790181513412 66
1790181513601 64
1790181513730 65
1790181513918 65
1790181514048 64
1790181514236 65
1790181514367 66
1790181514556 67
1790181514687 65
1790181514875 385
1790181515371 66
1790181515503 67
1790181515692 67
1790181515825 64
1790181516012 64
1790181516141 65
1790181516331 66
1790181516461 65
1790181516649 66
1790181516781 66
1790181516972 389
1790181517426 66
1790181517617 66
1790181517750 66
1790181517941 67
1790181518073 66
1790181518206 66
1790181518338 65
1790181518470 66
1790181518602 66
1790181518735 66
1790181518868 65
1790181519058 66
1790181519237 386
1790181519688 65
1790181519819 68
1790181520013 66
1790181520146 70
1790181520340 67
1790181520474 64
1790181520663 67
1790181520796 66
1790181520986 67
1790181521121 66
1790181521311 394
1790181521772 68
1790181521966 68
1790181522101 66
1790181522292 67
1790181522425 66
1790181522617 66
1790181522750 66
1790181522942 66
1790181523076 63
1790181523249 68
1790181523443 395
1790181523905 67
1790181524097 66
1790181524230 66
1790181524422 67
1790181524556 67
1790181524749 67
1790181524883 66
1790181525018 67
1790181525152 67
1790181525287 67
1790181525481 66
1790181525615 403
1790181526085 69
1790181526222 69
1790181526358 68
1790181526493 69
1790181526686 67
1790181526820 68
1790181527014 68
1790181527150 67
1790181527344 68
1790181527528 68
1790181527663 68
1790181527800 68
1790181527936 403
1790181528407 68
1790181528544 68
1790181528740 68
1790181528876 68
1790181529073 67
1790181529209 67
1790181529407 70
1790181529548 66
1790181529742 68
1790181529879 70
1790181530077 413
1790181530560 67
1790181530759 67
1790181530896 66
1790181531092 68
1790181531229 68
1790181531426 70
1790181531564 68
1790181531762 70
1790181531951 70
1790181532090 71
1790181532231 69
1790181532370 420
1790181532860 69
1790181533058 67
1790181533194 68
1790181533392 67
1790181533528 68
1790181533725 68
1790181533862 69
1790181534061 67
1790181534198 67
1790181534395 68
1790181534532 419
1790181535083 70
1790181535223 70
1790181535425 69
1790181535563 69
1790181535763 70
1790181535902 69
1790181536100 69
1790181536239 68
1790181536426 68
1790181536623 67
1790181536761 68
1790181536960 423
1790181537452 68
1790181537651 69
1790181537789 72
1790181537998 69
1790181538137 68
1790181538336 69
1790181538476 70
1790181538616 70
1790181538757 69
1790181538896 70
1790181596216 420
1790181607597 434
1790181608417 454
1790181609086 463
1790181609945 448
1790181610730 477
1790181611412 475
1790181612278 471
1790181613152 496
1790181613802 96
1790181614086 516
1790181614724 83
1790181615156 497
1790181615943 87
1790181616199 83
1790181616439 514
1790181617025 102
1790181617288 84
1790181617428 83
1790181617707 82
1790181618004 82
1790181618227 498
1790181618780 84
1790181618938 498
1790181619578 499
1790181620156 85
1790181620317 514
1790181620975 511
1790181621563 86
1790181621708 86
1790181621940 523
1790181622541 86
1790181622707 521
1790181623353 88
1790181623520 542
1790181624140 87
1790181624306 541
1790181624995 542
1790181625617 88
1790181625789 547
1790181626483 90
1790181626656 551
1790181627268 90
1790181627441 89
1790181627685 562
1790181628331 91
1790181628506 570
1790181629231 93
1790181629407 576
1790181630067 92
1790181630245 91
1790181630495 583
1790181631164 95
1790181631327 92
1790181631507 588
1790181632257 94
1790181632439 589
1790181633117 95
1790181633282 94
1790181633541 606
1790181634236 95
1790181634421 95
1790181634607 617
1790181635393 99
1790181635584 627
1790181636302 97
1790181636490 100
1790181636742 639
1790181637474 99
1790181637665 98
1790181637856 655
1790181638685 98
1790181638877 649
1790181639620 99
1790181639814 99
1790181640090 669
1790181640853 102
1790181641051 101
1790181641248 672
1790181642100 102
1790181642298 677
1790181643072 101
1790181643271 100
1790181643468 883
1790181644533 108
1790181644719 679
1790181645498 104
1790181645701 104
1790181645991 699
1790181646788 105
1790181646991 106
1790181647198 705
1790181648087 105
1790181648342 726
1790181649607 108
1790181651390 126
1790181652524 107
1790181685886 575
1790181708240 521
1790182076784 930
1790182077863 150
1790182078167 148
1790182078660 145
1790182078872 147
1790182079177 158
1790182079482 171
1790182081410 236
1790182081912 146
1790182082216 1000
1790182083345 147
1790182083748 147
1790182085438 163
1790182085777 145
1790182086085 149
1790182086414 149
1790182086691 152
1790182087224 165
1790182087599 149
1790182087969 926
1790182089060 147
1790182089338 237
1790182089718 145
1790182092895 146
1790182367401 930
1790182368614 148
1790182368912 148
1790182369209 148
1790182369508 943
1790182370601 147
1790182370898 150
1790182371201 148
1790182371482 152
1790182371915 939
1790182373005 150
1790182373308 152
1790182373612 152
1790182373916 151
1790182374222 958
1790182375335 151
1790182375636 152
1790182376076 150
1790182376374 949
1790182377474 150
1790182377773 150
1790182378073 150
1790182378376 150
1790182379112 151
1790182379413 150
1790182380291 957
1790182381874 151
1790182382747 151
1790182383050 151
1790182397877 976
1790182399008 153
1790182399448 152
1790182399754 154
1790182400063 981
1790182401199 154
1790182401509 153
1790182401818 153
1790182402127 987
1790182403269 157
1790182403707 155
1790182404017 153
1790182404325 1019
1790182405497 153
1790182405806 157
1790182406120 157
1790182406435 981
1790182407573 158
1790182408020 158
1790182408336 157
1790182408652 1010
1790182410571 161
1790182411326 153
1790182412223 155
1790182412827 154
1790182413109 154
1790182414008 156
1790182414756 157
1790182415360 155
1790182415665 154
1790182415975 154
1790182417025 155
1790182450303 988
1790182451444 247
1790182452141 248
1790182452593 249
1790182453417 249
1790182453872 155
1790182455351 153
1790182455641 154
1790182456239 248
1790182457224 155
1790182457973 153
1790182458573 250
1790182459123 249
1790182459526 247
1790182460226 247
1790182460630 250
1790182461329 247
1790182461731 248
1790182462435 248
1790182463366 249
1790182463771 249
1790182464470 247
1790182464872 246
1790182465572 249
1790182465976 247
1790182466672 249
1790182467662 1108
1790182469073 248
1790182469629 256
1790182470192 250
1790182470744 255
1790182471309 255
1790182471724 255
1790182472438 253
1790182473297 253
1790182487829 998
1790182489277 154
1790182489884 155
1790182925655 1116
1790182927185 270
1790182927619 269
1790182928043 270
1790182928495 265
1790182928923 271
1790182929282 167
1790182929543 166
1790182930051 270
1790182930902 1120
1790182932193 166
1790182932423 165
1790182932774 169
1790182933086 184
1790182945505 183
1790182984918 1027
1790182986314 184
1790182986669 170
1790182987003 288
1790182987543 273
1790182988018 275
1790182988493 291
1790182989022 167
1790182989359 171
1790182989731 1037
1790182990855 276
1790182991482 186
1790182991865 278
1790182992318 291
1790182992859 275
1790182993323 280
1790182993806 167
1790182994063 278
1790182994798 283
1790182995264 1069
1790182996502 171
1790182996745 172
1790182997113 282
1790182997583 186
1790182997854 168
1790182998352 174
1790182998661 177
1790182999295 286
1790182999810 285
1790183000270 1065
1790183001428 176
1790183968219 1112
1790183969441 317
1790183969958 203
1790183970355 205
1790183971091 207
1790183971949 206
1790183972368 204
1790183972848 210
1790184999846 1326
1790185001630 345
1790185002461 205
1790185002888 206
1790185003312 223
1790185003612 353
1790185004407 205
1790185004811 353
1790185005382 205
1790185005668 221
1790185006124 1180
1790185007746 207
1790185008422 353
1790185008846 352
1790186124151 1202
1790186125638 229
1790186126362 371
1790186126897 235
1790186128261 373
1790186129428 218
1790187278991 1278
1790187280336 248
1790187281059 231
1790187281520 245
1790187282278 405
1790187282940 246
1790188530239 1336
1790188532305 243
1790188532823 430
1790188533301 259
1790188533632 257
1790188534171 241
1790188534666 241
1790188534965 257
1790188535958 241
1790188541936 243
1790192453252 1455
1790192455290 273
1790192455682 289
1790193592926 1400
1790194741168 1417
1790194743135 267
1790194743490 270
1790195316762 873
1790195449455 845
1790203021357 1051
1790203049239 1568
1790203051115 305
1790203051506 306
1790203052150 304
1790203052870 1585
1790203054610 291
1790203055268 305
1790203056346 1575
1790203058049 291
1790203058726 297
1790203059172 545
1790203059863 1540
1790203061784 296
1790203062584 313
1790203063010 1607
1790203064760 325
1790203065211 299
1790203065853 299
1790203066240 305
1790203066893 1600
1790203069138 559
1790203069764 310
1790203070181 300
1790203070621 1614
1790203072611 312
1790203073338 303
1790203073951 298
1790203074362 1598
1790203076388 299
1790203077027 301
1790203077645 303
1790203078018 314
1790203078636 311
1790203079013 308
1790203079615 312
1790203080241 309
1790203080864 308
1790203081482 1113
1790209754399 1134
1790215303075 1782
1790215317365 371
1790215319149 352
1790215319891 348
1790215320586 349
1790215321455 353
1790215324044 357
1790215325159 350
1790215329347 342
1790215333730 1714
1790215337658 333
1790215341122 353
1790215341547 338
1790215342259 354
1790215342976 336
1790215345821 367
1790215346622 363
1790215347422 353
1790215349779 352
1790215353565 344
1790215359299 357
1790215362601 1773
1790215365900 357
1790215368520 352
1790215368960 344
1790215370382 332
1790215371137 360
1790215371888 370
1790215372621 344
1790215382794 356
1790215385844 352
1790215391525 1772
1790215393727 355
1790215398192 618
1790215399531 340
1790215403853 366
1790215408830 354
1790215413482 351
1790215414227 344
1790215417071 352
1790215420677 1763
1790215424351 357
1790215425083 356
1790215425812 354
1790215426559 355
1790215427276 366
1790215428471 352
1790215430163 358
1790215439449 347
1790215447088 359
1790215449265 1790
1790215451130 343
1790215453351 354
1790215454085 357
1790215454810 375
1790215455293 366
1790215459738 355
1790215467618 358
1790215471649 354
1790215474166 358
1790215478089 1683
1790215480111 335
1790215487458 359
1790215487879 354
1790215488664 353
1790215491088 355
1790215493352 353
1790215498291 348
1790215501045 353
1790215501477 356
1790215503259 357
1790215503991 344
1790215504694 339
1790215509217 1780
1790215511358 360
1790215518099 350
1790215522017 357
1790215524319 355
1790215524730 360
1790215525446 333
1790215529551 355
1790215531766 366
1790215532847 370
1790215533600 358
1790215535221 353
1790215535630 360
1790215536827 648
1790215537904 1762
1790215545984 345
1790215546682 364
1790215552610 360
1790215554073 347
1790215554864 369
1790215555956 653
1790215556997 353
1790215561388 351
1790215563939 354
1790215572246 1795
1790215586587 359
1790215588799 367
1790215589512 372
1790215590241 634
1790215591643 344
1790215592665 348
1790215594600 359
1790215596786 373
1790215609912 1773
1790215612045 371
1790215612826 357
1790215613531 657
1790215614960 337
1790215616010 334
1790215617387 358
1790215622212 356
1790215622655 351
1790215623706 362
1790215641479 1780
1790215643936 342
1790215644392 344
1790215645101 345
1790215645832 640
1790215646553 379
1790215648453 352
1790215651528 655
1790215657356 339
1790215666291 357
1790215669386 359
1790215670471 1805
1790215672790 358
1790215673515 358
1790215675297 358
1790215676027 378
1790215676772 375
1790215679969 354
1790215682123 372
1790215683980 358
1790215685881 375
1790215686693 371
1790215690146 358
1790215690861 357
1790215693440 337
1790215695347 335
1790215696040 345
1790215699313 2056
1790215702174 351
1790215706016 371
1790215706764 357
1790215709610 351
1790215712379 338
1790215715253 359
1790215717137 369
1790215720329 367
1790215722841 352
1790215723626 373
1790215725065 334
1790215725806 337
1790215728066 1789
1790215730589 357
1790215731309 373
1790215733171 373
1790215734333 354
1790215735430 359
1790215746737 357
1790215747189 354
1790215748995 355
1790215752947 350
1790215754155 353
1790215755957 335
1790215759871 1771
1790215765889 361
1790215766627 664
1790215775226 338
1790215779388 346
1790215779789 336
1790215780217 355
1790215780635 343
1790215781068 343
1790215781483 344
1790215781913 344
1790215784466 359
1790215786682 358
1790215787768 343
1790215793109 1781
1790215798057 356
1790215799949 373
1790215801091 359
1790215807801 339
1790215811271 660
1790215813925 359
1790215819616 358
1790215824473 1777
1790215827370 380
1790215832205 336
1790215832889 340
1790215839059 357
1790215840942 356
1790215843095 354
1790215844529 356
1790215845264 359
1790215847582 357
1790215861827 2109
1790215864713 361
1790215866225 340
1790215866617 344
1790215868603 358
1790215869714 671
1790215870767 658
1790215872608 663
1790215878758 338
1790215887354 354
1790215892352 1788
1790215895928 356
1790215897012 376
1790215897756 377
1790215898503 353
1790215899635 349
1790215901073 354
1790215902098 341
1790215903640 342
1790215905718 339
1790215906461 664
1790215916135 358
1790215917676 358
1790215918411 358
1790215919132 372
1790215919585 360
1790215922211 2101
1790215925104 360
1790215929792 355
1790215930841 344
1790215931551 372
1790215935931 360
1790215940000 363
1790215947752 341
1790215950761 338
1790215951892 1800
1790215954105 374
1790215955289 356
1790215955752 373
1790215956903 348
1790215958768 356
1790215959500 358
1790215960233 359
1790215961418 356
1790215963288 358
1790215967336 347
1790215976389 374
1790215976848 375
1790215977288 377
1790215981442 1807
1790215985493 352
1790215986649 362
1790215987124 669
1790215988635 356
1790215989755 662
1790216002943 642
1790216004313 367
1790216005103 669
1790216008444 361
1790216009187 374
1790216010444 1795
1790216014187 362
1790216014624 357
1790216015707 361
1790216016140 357
1790216020297 339
1790216020692 340
1790216024125 360
1790216027513 349
1790216029723 365
1790216034980 360
1790216035929 349
1790216040540 1709
1790216049588 373
1790216050664 361
1790216055613 356
1790216056380 358
1790216057492 360
1790216060764 360
1790216061856 356
1790216063998 336
1790216064738 356
1790216065459 354
1790216065898 373
1790216067799 359
1790216068550 1799
1790216071495 345
1790216074098 376
1790216083897 354
1790216084335 338
1790216085738 341
1790216086785 343
1790216094182 361
1790216096366 355
1790216100611 1798
1790216104889 375
1790216107606 344
1790216115712 351
1790216116453 349
1790216117171 375
1790216118771 347
1790216119852 349
1790216120594 372
1790216122056 656
1790216123486 352
1790216124186 350
1790216124599 372
1790216126419 640
1790216127126 346
1790216130634 1781
1790216136984 381
1790216141204 358
1790216147700 360
1790216150791 351
1790216151487 342
1790216153682 357
1790216169062 1766
1790216171544 346
1790216172595 361
1790216173310 361
1790216174769 348
1790216175519 362
1790216177005 361
1790216177809 349
1790216178236 350
1790216182345 361
1790216184182 358
1790216184616 363
1790216193608 345
1790216195556 359
1790216199454 1743
1790216203819 340
1790216204526 343
1790216204938 342
1790216208173 345
1790216215504 358
1790216223532 359
1790216224694 368
1790216225798 353
1790216226544 363
1790216227307 1799
1790216230572 377
1790216231354 365
1790216232096 363
1790216233573 379
1790216236239 675
1790216238884 376
1790216239711 377
1790216242305 356
1790216243038 342
1790216248416 358
1790216250296 372
1790216258173 1783
1790216260990 355
1790216261697 349
1790216263105 341
1790216264188 342
1790216265609 352
1790216277921 360
1790216280809 364
1790216283167 345
1790216283941 343
1790216284693 343
1790216285393 343
1790216292517 1819
1790216294430 367
1790216295152 351
1790216296727 365
1790216303132 359
1790216303874 363
1790216306805 341
1790216308451 364
1790216312307 361
1790216330074 1812
1790216332329 365
1790216334947 380
1790216335781 365
1790216336582 678
1790216338462 360
1790216346947 343
1790216348471 341
1790216349511 347
1790216350965 367
1790216352184 359
1790216353654 365
1790216354775 377
1790216355248 359
1790216359553 1804
1790216364430 650
1790216366971 671
1790216368677 345
1790216372424 375
1790216373521 372
1790216378665 354
1790216384354 376
1790216385335 352
1790216386175 357
1790216386904 364
1790216387637 359
1790216390138 1769
1790216393756 362
1790216395573 363
1790216396691 374
1790216397484 366
1790216407249 367
1790216407689 366
1790216408444 364
1790216412368 361
1790216417001 344
1790216417412 347
1790216418934 1803
1790216423373 377
1790216423806 366
1790216424536 370
1790216425662 352
1790216432275 355
1790216435850 361
1790216440567 363
1790216444224 368
1790216446400 355
1790216450227 1777
1790216452087 353
1790216453197 362
1790216461004 369
1790216466609 353
1790216467325 352
1790216468858 363
1790216471978 345
1790216478903 1774
1790216483204 344
1790216487579 367
1790216488019 384
1790216495441 356
1790216496901 355
1790216500517 369
1790216501736 373
1790216502521 354
1790216503645 356
1790216506743 346
1790216507475 1825
1790216509695 354
1790216513746 360
1790216515957 355
1790216516678 652
1790216519737 362
1790216520501 365
1790216524000 379
1790216524471 377
1790216527774 363
1790216530740 344
1790216532199 370
1790216533765 356
1790216535594 351
1790216538380 1853
1790216546365 363
1790216548304 362
1790216549908 374
1790216550641 664
1790216554316 344
1790216555067 358
1790216563316 373
1790216566244 349
1790216566989 356
1790216567752 362
1790216569276 1831
1790216574765 363
1790216575504 361
1790216576984 363
1790216577446 355
1790216578183 342
1790216580833 383
1790216583453 366
1790216586615 362
1790216589738 366
1790216595447 675
1790216601357 1774
1790216605972 385
1790216614405 364
1790216615143 671
1790216615900 366
1790216618919 369
1790216619367 678
1790216620419 377
1790216622691 359
1790216626758 344
1790216627477 361
1790216628588 369
1790216629330 363
1790216630560 1842
1790216632461 356
1790216637270 354
1790216641642 364
1790216649293 356
1790216650462 384
1790216651986 390
1790216654650 358
1790216655070 370
1790216658726 343
1790216660735 1825
1790216665559 363
1790216666357 376
1790216669008 365
1790216670206 354
1790216672150 346
1790216673547 377
1790216675377 360
1790216679897 364
1790216682448 360
1790216684663 382
1790216685791 366
1790216691833 1837
1790216694430 346
1790216695148 373
1790216696904 346
1790216697981 358
1790216701521 366
1790216709945 381
1790216714644 370
1790216715380 381
1790216716161 349
1790216717013 345
1790216718925 372
1790216724202 1836
1790216726791 383
1790216730324 368
1790216731858 369
1790216732946 359
1790216739235 344
1790216739937 351
1790216740674 357
1790216741411 364
1790216742162 357
1790216748039 372
1790216748800 355
1790216749245 348
1790216753054 383
1790216763405 1842
1790216774656 368
1790216775399 363
1790216777693 359
1790216778136 361
1790216783580 348
1790216784635 345
1790216788301 368
1790216789046 367
1790216792241 372
1790216793037 1857
1790216797660 370
1790216798950 385
1790216801915 643
1790216806346 351
1790216810806 370
1790216815548 365
1790216827231 1805
1790216829404 358
1790216830134 360
1790216831366 364
1790216834847 347
1790216835894 366
1790216837074 373
1790216838207 353
1790216838944 365
1790216839685 383
1790216840817 685
1790216845098 366
1790216847359 360
1790216848134 362
1790216850453 355
1790216853377 687
1790216854490 367
1790216860642 1835
1790216868374 370
1790216869188 388
1790216872165 356
1790216872578 366
1790216873505 347
1790216880252 367
1790216884067 345
1790216884842 389
1790216887879 372
1790216889483 369
1790216890592 1850
1790216892564 351
1790216894691 687
1790216896617 380
1790216897389 369
1790216898148 367
1790216903843 682
1790216905306 344
1790216906353 353
1790216907425 362
1790216911465 376
1790216919582 381
1790216921954 2165
1790216925349 366
1790216934055 377
1790216935196 374
1790216935645 349
1790216937523 347
1790216940072 370
1790216940860 359
1790216942338 372
1790216944319 389
1790216946616 361
1790216949971 379
1790216950757 380
1790216951549 370
1790216952675 1859
1790216954909 363
1790216955667 357
1790216956412 356
1790216960625 671
1790216967633 363
1790216968417 370
1790216975685 352
1790216986750 1873
1790216991034 375
1790216991887 674
1790216992953 388
1790216993754 685
1790216998908 369
1790217003167 391
1790217003952 691
1790217005017 657
1790217006611 348
1790217007700 364
1790217008458 368
1790217009641 368
1790217010831 370
1790217015547 373
1790217015991 368
1790217016746 1847
1790217020515 372
1790217022191 370
1790217032448 373
1790217033261 372
1790217035505 367
1790217039178 379
1790217044454 352
1790217045292 354
1790217047955 1785
1790217050563 378
1790217053177 348
1790217053969 379
1790217056631 371
1790217059674 387
1790217060131 374
1790217062051 367
1790217062796 370
1790217063551 370
1790217068482 350
1790217068893 354
1790217069733 349
1790217073551 372
1790217093765 1852
1790217097680 376
1790217105230 388
1790217105975 391
1790217106744 388
1790217109969 351
1790217111670 368
1790217112448 376
1790217117867 389
1790217120144 370
1790217120868 372
1790217128203 1818
1790217130488 347
1790217131537 357
1790217135925 369
1790217139184 353
1790217144865 374
1790217145598 373
1790217156228 372
1790217159651 1866
1790217165712 351
1790217180472 355
1790217182324 354
1790217183080 350
1790217187331 356
1790217189437 2066
1790217192932 356
1790217197616 354
1790217200030 356
1790217204316 367
1790217204819 388
1790217212954 372
1790217217402 371
1790217218962 1876
1790217255192 1863
1790217259714 369
1790217262966 363
1790217263670 351
1790217264757 352
1790217267266 687
1790217268344 423
1790217272135 685
1790217272876 370
1790217273607 372
1790217274356 373
1790217275127 365
1790217276647 349
1790217278568 374
1790217281179 374
1790217290469 1879
1790217299963 374
1790217302185 389
1790217309732 354
1790217329409 1869
1790217332413 366
1790217339679 687
1790217340743 369
1790217341173 389
1790217341635 376
1790217345285 391
1790217346511 373
1790217348357 374
1790217348787 375
1790217351041 365
1790217353380 375
1790217360555 1819
1790217370428 373
1790217371533 689
1790217372274 371
1790217377587 373
1790217395032 1860
1790217404037 369
1790217405475 368
1790217408330 388
1790217412230 373
1790217417012 374
1790217419584 378
1790217420398 375
1790217421182 375
1790217423780 373
1790217426061 1848
1790217428262 354
1790217429319 351
1790217430059 355
1790217433415 376
1790217434588 371
1790217435338 373
1790217441318 373
1790217442756 688
1790217453323 364
1790217454547 369
1790217457159 2208
1790217477298 377
1790217478045 376
1790217488485 1875
1790217491097 372
1790217491834 371
1790217494729 381
1790217496223 353
1790217499082 371
1790217500233 375
1790217503364 372
1790217504829 377
1790217511880 683
1790217512948 371
1790217513699 371
1790217517376 363
1790217518088 364
1790217521382 1769
1790217528185 374
1790217536471 373
1790217537286 372
1790217551638 1873
1790217555506 375
1790217556255 373
1790217558162 378
1790217560672 352
1790217570859 391
1790217572027 377
1790217574319 375
1790217576857 390
1790217584643 1835
1790217586515 395
1790217592562 390
1790217594029 378
1790217597708 381
1790217598461 375
1790217600293 374
1790217608110 371
1790217609556 375
1790217618819 1868
1790217623181 690
1790217629302 391
1790217630783 377
1790217633925 374
1790217638652 372
1790217646069 351
1790217646561 356
1790217652399 1888
1790217655002 694
1790217661006 374
1790217666240 379
1790217670592 370
1790217672401 388
1790217679204 372
1790217681455 395
1790217691723 1788
1790217694937 370
1790217696493 693
1790217697968 371
1790217698419 374
1790217702543 373
1790217718137 367
1790217720450 1886
1790217723557 691
1790217725539 388
1790217731562 373
1790217732299 387
1790217737128 355
1790217740281 357
1790217742503 378
1790217743641 367
1790217745532 381
1790217751941 1878
1790217757544 356
1790217772615 363
1790217777389 377
1790217778845 368
1790217781403 392
1790217785176 1907
1790217788873 353
1790217794713 377
1790217795479 392
1790217796663 376
1790217806376 379
1790217809124 377
1790217810218 378
1790217811108 378
1790217816328 1910
1790217820363 374
1790217820798 360
1790217829285 397
1790217836859 375
1790217844544 390
1790217848767 1900
1790217851399 392
1790217852217 374
1790217853877 371
1790217856472 377
1790217863573 701
1790217871293 378
1790217873148 379
1790217877749 381
1790217878182 377
1790217880757 1891
1790217883339 354
1790217884383 355
1790217884788 367
1790217885206 373
1790217885633 674
1790217896237 374
1790217896655 357
1790217902947 357
1790217910103 360
1790217911651 1804
1790217920814 372
1790217921617 378
1790217924162 367
1790217927435 368
1790217929744 359
1790217930793 362
1790217931917 360
1790217934429 370
1790217941315 1876
1790217944986 380
1790217945738 382
1790217955521 356
1790217960270 369
1790217962187 367
1790217963592 379
1790217965248 383
1790217975248 1808
1790217981875 377
1790217990004 366
1790217994338 365
1790217996528 380
1790217998740 372
1790217999661 355
1790218005255 1870
1790218008943 383
1790218019468 376
1790218022723 359
1790218024152 377
1790218025650 378
1790218026407 392
1790218027243 380
1790218028712 379
1790218033346 374
1790218039281 1808
1790218041442 352
1790218045126 364
1790218045654 661
1790218047792 390
1790218048633 394
1790218049070 379
1790218049828 378
1790218053764 380
1790218054536 382
1790218061314 698
1790218071323 1882
1790218074440 359
1790218081250 379
1790218082739 380
1790218085707 376
1790218087919 360
1790218089145 361
1790218092693 685
1790218093928 378
1790218111028 1788
1790218115477 706
1790218117306 378
1790218119465 390
1790218119959 394
1790218123644 378
1790218127047 355
1790218132271 368
1790218133019 679
1790218135103 372
1790218138600 378
1790218141652 1892
1790218147571 391
1790218149566 378
1790218154023 358
1790218154721 369
1790218156526 378
1790218158097 396
1790218161221 370
1790218164908 378
1790218165666 374
1790218170158 368
1790218171605 379
1790218176668 1833
1790218178909 358
1790218188113 363
1790218189250 377
1790218191146 382
1790218191908 378
1790218193806 380
1790218210540 2214
1790218214969 386
1790218217546 359
1790218218253 361
1790218218961 372
1790218220128 373
1790218227831 381
1790218230884 375
1790218236205 378
1790218238454 352
1790218239153 357
1790218240899 1899
1790218242851 377
1790218268384 381
1790218298298 1893
1790218303114 391
1790218307463 358
1790218311855 382
1790218312599 703
1790218314753 383
1790218326602 358
1790218331937 1886
1790218333861 379
1790218334624 380
1790218335386 383
1790218339519 375
1790218340282 399
1790218341790 382
1790218343701 373
1790218345174 400
1790218347880 373
1790218356120 380
1790218363865 2234
1790218370180 360
1790218372129 362
1790218380571 382
1790218398436 1897
1790218402936 396
1790218407750 386
1790218431780 1899
1790218436168 377
1790218437624 383
1790218446604 379
1790218513727 1518
1790218515610 669
1790218516716 695
1790218517799 2194
1790218520116 388
1790218520875 377
1790218521628 383
1790218522403 381
1790218522847 399
1790218523684 383
1790218524459 1962
1790218526831 721
1790218527650 390
1790218530100 406
1790218535056 734
1790218631796 1926
1790218652650 373
1790218653498 730
1790218654874 392
1790218656659 416
1790218657544 394
1790218659988 380
1790218660512 692
1790218661670 697
1790218662508 1938
1790218665072 424
1790218669613 393
1790218670965 734
1790218671863 402
1790218674039 721
1790218675167 720
1790218676014 744
1790218677316 403
1790218677860 420
1790218679035 407
1790218680114 400
1790218680676 418
1790218681997 408
1790218683406 723
1790218684279 700
1790218685482 693
1790218686672 712
1790218687853 389
1790218689041 408
1790218689854 415
1790218690333 396
1790218691097 393
1790218691882 395
1790218692669 394
1790218693476 1946
1790218695826 395
1790218696296 395
1790218697259 388
1790218698062 387
1790218698861 403
1790218699681 394
1790218700145 398
1790218700941 395
1790218701773 392
1790218702273 390
1790218703094 390
1790218703941 404
1790218704941 378
1790218705472 403
1790218705977 724
1790218707095 379
1790218707852 382
1790218708296 379
1790218709068 381
1790218709835 370
1790218710585 367
1790218711334 383
1790218712123 385
1790218712944 389
1790218713746 385
1790218714578 390
1790218715040 392
1790218716323 394
1790218717553 387
1790218718363 385
1790218719316 391
1790218719778 389
1790218720595 393
1790218721059 392
1790218721878 379
1790218722675 389
1790218723514 391
1790218724350 392
1790218724867 1960
1790218727296 395
1790218728122 389
1790218728930 406
1790218729736 410
1790218730212 386
1790218730667 372
1790218731429 366
1790218732188 371
1790218732951 367
1790218733713 370
1790218734463 371
1790218735240 399
1790218736027 383
1790218736484 388
1790218737305 392
1790218738175 395
1790218738640 381
1790218739425 395
1790218740267 388
1790218741079 394
1790218741890 392
1790218742737 393
1790218743563 389
1790218744848 394
1790218745670 388
1790218746477 390
1790218747276 382
1790218748067 394
1790218749347 390
1790218750186 393
1790218750649 392
1790218751471 390
1790218751935 394
1790218752781 388
1790218753548 388
1790218754318 367
1790218755073 369
1790218755888 374
1790218756708 1852
1790218758984 392
1790218759769 389
1790218760557 391
1790218761409 389
1790218762205 395
1790218762992 387
1790218763439 397
1790218764264 377
1790218765106 402
1790218765682 387
1790218766221 386
1790218767128 391
1790218767941 392
1790218768753 387
1790218769186 392
1790218770038 392
1790218770912 396
1790218771766 391
1790218772988 383
1790218773815 392
1790218774661 391
1790218775134 394
1790218775930 385
1790218776731 401
1790218777562 393
1790218778375 381
1790218779156 380
1790218779930 380
1790218780714 378
1790218781466 370
1790218781968 369
1790218782705 386
1790218783561 392
1790218784379 390
1790218784849 392
1790218785693 393
1790218786536 1954
1790218788547 391
1790218789428 405
1790218789962 376
1790218790738 391
1790218791579 392
1790218792468 395
1790218793357 389
1790218793817 395
1790218794686 393
1790218795539 392
1790218796387 390
1790218797191 391
1790218797962 394
1790218798748 379
1790218799532 714
1790218800640 713
1790218801412 723
1790218802527 406
1790218803766 394
1790218804574 699
1790218805656 719
1790218806770 400
1790218807556 714
1790218808341 718
1790218809960 406
1790218811201 715
1790218812326 712
1790218813102 410
1790218813933 711
1790218814716 719
1790218815833 710
1790218816934 408
1790218817751 2266
1790218820088 711
1790218821204 719
1790218822355 410
1790218823570 716
1790218824683 708
1790218825760 677
1790218826501 676
1790218827920 386
1790218829115 710
1790218830290 409
1790218831569 718
1790218832693 408
1790218833169 406
1790218834020 392
1790218834846 395
1790218835652 394
1790218836446 394
1790218837240 390
1790218838487 392
1790218839279 393
1790218839746 391
1790218840536 394
1790218841011 390
1790218841852 395
1790218842670 392
1790218843894 397
1790218844356 723
1790218845140 388
1790218845993 389
1790218846451 391
1790218847293 380
1790218848124 369
1790218848885 1865
1790218851144 371
1790218851891 370
1790218852632 389
1790218853074 390
1790218853844 387
1790218854648 390
1790218855110 390
1790218855925 392
1790218857083 390
1790218857876 393
1790218858679 393
1790218859468 391
1790218859941 394
1790218860745 394
1790218861922 395
1790218862760 396
1790218863944 389
1790218864718 388
1790218865917 389
1790218867083 393
1790218867542 390
1790218868318 391
1790218869123 393
1790218869940 394
1790218870808 381
1790218871577 384
1790218872343 371
1790218873112 371
1790218873548 372
1790218874694 366
1790218875120 388
1790218875920 391
1790218876792 390
1790218877949 384
1790218878761 1966
1790218880772 398
1790218881643 390
1790218882484 722
1790218884380 723
1790218885915 391
1790218886697 722
1790218887560 393
1790218888478 392
1790218889266 726
1790218890832 389
1790218891639 723
1790218892430 722
1790218893916 370
1790218894680 371
1790218895445 371
1790218896227 371
1790218896984 374
1790218897432 380
1790218898256 392
1790218899056 393
1790218899883 390
1790218900715 394
1790218901522 391
1790218902321 394
1790218903134 394
1790218903915 390
1790218904696 392
1790218905507 394
1790218905968 393
1790218906760 393
1790218907637 394
1790218908449 409
1790218909266 396
1790218910062 393
1790218910902 1975
1790218913701 725
1790218915596 714
1790218917491 697
1790218919310 678
1790218921143 723
1790218923014 716
1790218924906 392
1790218926434 394
1790218927247 389
1790218928060 394
1790218928847 392
1790218930003 393
1790218930781 390
1790218931964 390
1790218932752 394
1790218934307 390
1790218935832 387
1790218936661 391
1790218937823 387
1790218939029 380
1790218940491 368
1790218941677 388
1790218942432 390
1790218943936 1955
1790218947057 394
1790218947512 392
1790218948998 395
1790218950665 393
1790218952175 391
1790218952927 395
1790218957164 402
1790218958314 407
1790218959090 411
1790218960233 411
1790218961040 414
1790218962195 412
1790218963002 411
1790218964514 408
1790218966382 413
1790218967190 408
1790218969067 409
1790218969851 407
1790218970991 411
1790218971568 409
1790218972362 409
1790218973645 405
1790218974200 409
1790218974993 410
1790218975791 1965
1790218978180 408
1790218979375 409
1790218980962 409
1790218981734 406
1790218982503 403
1790218983991 397
1790218984499 396
1790218985605 398
1790218988032 408
1790218988830 407
1790218990344 409
1790218991126 408
1790218991916 409
1790218993439 409
1790218994291 409
1790218995451 406
1790218996323 407
1790218997863 410
1790218999403 407
1790219000243 405
1790219002195 406
1790219003349 407
1790219005282 410
1790219006460 398
1790219007964 1953
1790219010673 408
1790219013383 409
1790219014593 411
1790219015066 412
1790219017009 406
1790219018671 402
1790219019814 407
1790219020645 408
1790219021805 404
1790219023314 411
1790219024152 407
1790219026086 404
1790219026915 412
1790219029677 391
1790219030448 404
1790219031634 407
1790219033233 407
1790219034077 404
1790219036031 405
1790219037187 404
1790219037960 408
1790219039140 1969
1790219043000 416
1790219044141 408
1790219046067 409
1790219047428 404
1790219050075 397
1790219052047 405
1790219052844 408
1790219053646 406
1790219055614 405
1790219056897 409
1790219057698 408
1790219059216 405
1790219060749 408
1790219061530 406
1790219062677 404
1790219065007 408
1790219065883 412
1790219067054 406
1790219069802 396
1790219071336 1874
1790219073599 403
1790219074761 405
1790219075920 405
1790219077474 403
1790219079425 410
1790219080208 409
1790219080983 412
1790219082508 413
1790219083698 410
1790219084837 406
1790219087658 411
1790219089925 409
1790219091459 418
1790219092666 414
1790219093139 397
1790219094350 396
1790219095131 398
1790219095700 403
1790219097293 409
1790219098442 396
1790219102289 1955
1790219104670 414
1790219105816 407
1790219109550 409
1790219110348 409
1790219111486 410
1790219113006 396
1790219115249 399
1790219117144 398
1790219118265 396
1790219119452 395
1790219121844 392
1790219123397 404
1790219125010 407
1790219128114 409
1790219128915 409
1790219130499 414
1790219132104 407
1790219132902 405
1790219134549 1981
1790219137485 404
1790219138711 407
1790219139557 404
1790219140758 415
1790219141231 396
1790219142055 398
1790219143597 386
1790219145120 394
1790219146614 388
1790219147786 402
1790219148574 410
1790219149046 409
1790219150244 408
1790219151940 412
1790219152783 407
1790219154353 406
1790219155661 407
1790219156873 408
1790219158108 410
1790219159699 412
1790219160502 409
1790219162318 386
1790219164718 384
1790219166220 1965
1790219168960 409
1790219170460 412
1790219171243 411
1790219173940 413
1790219175874 398
1790219177426 412
1790219179080 408
1790219179881 408
1790219180662 408
1790219182609 397
1790219184501 398
1790219185609 402
1790219186815 409
1790219187998 407
1790219188778 409
1790219189913 405
1790219191418 406
1790219192559 409
1790219193714 409
1790219195268 407
1790219196453 410
1790219197692 1985
1790219200158 395
1790219201659 398
1790219203179 414
1790219204710 398
1790219207275 404
1790219208468 409
1790219209679 408
1790219210455 407
1790219212047 410
1790219214780 408
1790219215934 408
1790219216839 407
1790219218055 406
1790219219585 407
1790219220743 403
1790219222265 409
1790219223061 406
1790219223845 384
1790219226783 382
1790219227869 400
1790219228726 405
1790219229865 1987
1790219232988 406
1790219234923 410
1790219236883 407
1790219238805 403
1790219239633 412
1790219240779 404
1790219241986 410
1790219244013 412
1790219245166 400
1790219246292 398
1790219247790 388
1790219248888 402
1790219249666 405
1790219250443 408
1790219252371 405
1790219253199 404
1790219254415 406
1790219255292 407
1790219257712 403
1790219258856 402
1790219259703 406
1790219260536 408
1790219261680 1982
1790219265882 411
1790219267043 406
1790219267950 409
1790219269605 411
1790219271618 406
1790219272772 413
1790219275313 408
1790219275780 407
1790219276250 408
1790219276823 408
1790219278021 408
1790219280319 410
1790219281512 406
1790219282672 405
1790219283523 403
1790219284351 403
1790219286672 406
1790219288546 411
1790219289329 414
1790219290497 384
1790219291334 382
1790219292118 381
1790219295443 1891
1790219297690 388
1790219298832 392
1790219301083 385
1790219302536 387
1790219303298 391
1790219304452 387
1790219304895 383
1790219307383 388
1790219308477 389
1790219308924 388
1790219310785 385
1790219312279 389
1790219314100 386
1790219315259 387
1790219316475 387
1790219316918 388
1790219318431 386
1790219319613 392
1790219320737 389
1790219322559 390
1790219324106 414
1790219324991 405
1790219326891 1994
1790219330057 412
1790219331225 394
1790219333079 394
1790219334597 402
1790219336551 393
1790219337317 383
1790219338119 392
1790219339247 394
1790219340084 401
1790219340864 398
1790219341647 398
1790219343596 400
1790219346340 397
1790219347853 410
1790219348683 402
1790219350219 406
1790219352559 417
1790219353726 412
1790219354937 398
1790219356444 398
1790219357193 389
1790219359417 1911
1790219362046 403
1790219363241 412
1790219364425 407
1790219365590 411
1790219367519 410
1790219369029 388
1790219370527 407
1790219371305 409
1790219372077 398
1790219373987 409
1790219375888 400
1790219377405 414
1790219378191 411
1790219379414 402
1790219381316 402
1790219382463 398
1790219384334 409
1790219386222 409
1790219387153 409
1790219388651 394
1790219389763 1925
1790219392849 398
1790219395171 409
1790219396019 406
1790219397209 412
1790219397989 408
1790219399610 399
1790219401514 400
1790219402272 401
1790219403107 396
1790219404266 398
1790219405399 396
1790219406534 413
1790219408608 409
1790219409075 408
1790219411341 402
1790219411797 396
1790219412338 408
1790219414061 399
1790219416290 408
1790219417449 408
1790219418959 403
1790219420156 408
1790219422142 1982
1790219425244 398
1790219426431 413
1790219427958 413
1790219430381 412
1790219431620 407
1790219432446 408
1790219434008 407
1790219436097 408
1790219437252 406
1790219438157 411
1790219439054 412
1790219440208 407
1790219443222 409
1790219444878 402
1790219445780 391
1790219446524 387
1790219447265 384
1790219449741 386
1790219451243 416
1790219452836 408
1790219454129 1981
1790219458028 410
1790219459890 407
1790219460687 406
1790219463409 406
1790219465674 408
1790219466848 411
1790219468072 402
1790219468975 408
1790219470153 390
1790219470909 390
1790219472053 405
1790219473187 402
1790219474824 402
1790219476037 409
1790219477220 408
1790219478382 405
1790219479681 407
1790219480882 404
1790219482415 402
1790219484721 410
1790219485190 407
1790219487125 1922
1790219489425 405
1790219490200 397
1790219491717 405
1790219492508 408
1790219494032 407
1790219494806 406
1790219495681 407
1790219496837 410
1790219498460 407
1790219499700 413
1790219500858 410
1790219502035 408
1790219503695 407
1790219504830 405
1790219506346 407
1790219507838 401
1790219509167 385
1790219510331 407
1790219512201 408
1790219514925 407
1790219517251 396
1790219518071 1971
1790219520466 406
1790219521622 410
1790219522757 408
1790219523695 409
1790219524879 409
1790219526176 398
1790219527071 404
1790219528642 396
1790219529850 384
1790219531002 413
1790219531886 411
1790219533097 408
1790219534296 405
1790219535414 404
1790219537669 404
1790219538796 406
1790219540714 411
1790219541966 405
1790219542437 406
1790219543983 400
1790219544852 408
1790219545631 408
1790219547548 410
1790219549062 398
1790219551335 1940
1790219553654 407
1790219555607 410
1790219556404 410
1790219557200 407
1790219558824 409
1790219560400 407
1790219561177 412
1790219562820 404
1790219563969 405
1790219564765 408
1790219566302 404
1790219568608 398
1790219569403 388
1790219570163 388
1790219571300 389
1790219572467 407
1790219573267 411
1790219574051 410
1790219576143 408
1790219576613 409
1790219577759 408
1790219579169 409
1790219580790 410
1790219582075 409
1790219582538 1973
1790219585266 410
1790219588249 399
1790219589073 407
1790219589854 395
1790219591394 392
1790219592915 414
1790219593865 411
1790219595011 403
1790219596159 401
1790219597399 408
1790219599424 408
1790219600567 410
1790219603257 407
1790219605301 401
1790219606855 409
1790219607655 392
1790219608815 410
1790219610038 411
1790219611968 395
1790219612744 397
1790219613510 381
1790219614605 1961
1790219616681 404
1790219618651 408
1790219619519 409
1790219620748 404
1790219621261 405
1790219622822 410
1790219624730 407
1790219626624 404
1790219627421 407
1790219628264 412
1790219630901 394
1790219632143 405
1790219634040 410
1790219635998 414
1790219636926 414
1790219638088 395
1790219638852 414
1790219640077 405
1790219641007 409
1790219642556 406
1790219643694 412
1790219644502 411
1790219647511 1947
1790219649514 408
1790219650725 404
1790219652316 407
1790219653581 410
1790219654465 413
1790219655357 408
1790219656492 412
1790219657288 397
1790219659929 409
1790219660726 408
1790219661892 408
1790219663029 411
1790219664559 411
1790219665342 404
1790219667684 407
1790219669195 406
1790219670353 409
1790219671892 410
1790219672674 407
1790219674784 396
1790219675912 408
1790219677422 385
1790219678214 382
1790219680537 1985
1790219682589 408
1790219683764 402
1790219685332 408
1790219686471 405
1790219688736 404
1790219689868 407
1790219691432 408
1790219692669 402
1790219695126 410
1790219695924 410
1790219698309 402
1790219699241 408
1790219700399 406
1790219701955 413
1790219703588 404
1790219704494 404
1790219705723 411
1790219706562 409
1790219708602 404
1790219710174 410
1790219711759 405
1790219713321 1973
1790219716126 409
1790219716926 408
1790219717757 414
1790219718958 411
1790219719432 411
1790219722479 408
1790219725649 395
1790219727547 409
1790219728363 396
1790219730754 409
1790219732355 406
1790219733885 408
1790219735796 415
1790219736646 409
1790219738625 388
1790219740197 397
1790219740656 389
1790219743030 411
1790219744966 1979
1790219747519 415
1790219750738 398
1790219751619 410
1790219754381 413
1790219755746 405
1790219758234 401
1790219759492 401
1790219759955 411
1790219761869 413
1790219763838 404
1790219765003 399
1790219768223 405
1790219769780 396
1790219770954 414
1790219773255 413
1790219774913 413
1790219776645 1959
1790219779017 401
1790219780538 409
1790219782582 410
1790219783757 413
1790219784917 413
1790219786438 406
1790219791466 411
1790219792671 411
1790219794661 1373
1790219794661 413
1790219797411 426
1790219798707 407
1790219807357 424
1790219808659 409
1790219810790 433
1790219812664 406
1790219818019 419
1790219819327 406
1790219820399 411
1790219822366 1744
1790219827935 397
1790219831373 400
1790219832408 404
1790219833669 399
1790219834909 383
1790219836142 412
1790219838236 400
1790219843281 402
1790219844579 408
1790219846680 398
1790219847957 414
1790219849235 1733
1790219851826 399
1790219853709 401
1790219856384 419
1790219857405 411
1790219858394 404
1790219859665 406
1790219860719 425
1790219862842 402
1790219864127 424
1790219866307 405
1790219868185 404
1790219870316 415
1790219872428 418
1790219873418 399
1790219874711 425
1790219877103 1742
1790219880204 424
1790219881484 405
1790219883566 423
1790219884856 424
1790219886143 409
1790219889178 409
1790219890445 423
1790219893872 406
1790219895701 426
1790219896781 401
1790219897810 439
1790219902660 425
1790219904776 1754
1790219907364 431
1790219909236 419
1790219910550 420
1790219911600 411
1790219912841 435
1790219916157 399
1790219917446 425
1790219919571 406
1790219921578 410
1790219922666 417
1790219923937 420
1790219925246 425
1790219926525 409
1790219927837 426
1790219931435 1735
1790219934793 405
1790219937478 423
1790219938799 407
1790219940060 423
1790219941368 405
1790219942554 407
1790219943849 422
1790219945734 405
1790219948572 402
1790219949807 384
1790219951030 389
1790219952805 381
1790219954028 402
1790219955255 395
1790219957081 401
1790219958212 1735
1790219960801 405
1790219962322 408
1790219963691 423
1790219965006 410
1790219965994 429
1790219969017 420
1790219972003 428
1790219974391 413
1790219975662 392
1790219976814 423
1790219978965 425
1790219981730 407
1790219984327 410
1790219986187 1724
1790219988780 419
1790219990059 420
1790219991336 423
1790219993337 406
1790219996616 392
1790219998831 412
1790219999847 393
1790220001108 405
1790220002178 406
1790220003156 425
1790220004416 426
1790220005561 423
1790220009587 402
1790220010584 404
1790220012681 1702
1790220015112 414
1790220016386 402
1790220017659 424
1790220018976 420
1790220020250 407
1790220021496 417
1790220023322 420
1790220025420 399
1790220028661 412
1790220029927 396
1790220031663 416
1790220033765 426
1790220035895 429
1790220037117 413
1790220040751 1746
1790220043364 406
1790220045215 410
1790220046175 404
1790220047422 406
1790220050162 419
1790220052059 408
1790220054228 409
1790220055258 426
1790220056533 403
1790220057803 395
1790220058828 380
1790220060054 398
1790220061296 390
1790220062557 408
1790220064369 393
1790220066140 423
1790220067436 1740
1790220070079 426
1790220072431 407
1790220073886 439
1790220074954 409
1790220077608 417
1790220078916 429
1790220080603 406
1790220081892 396
1790220083123 399
1790220084365 385
1790220087165 413
1790220088444 417
1790220089487 407
1790220090762 406
1790220093857 409
1790220095175 1743
1790220097565 421
1790220099719 425
1790220101815 425
1790220102876 408
1790220105008 423
1790220108421 399
1790220109645 378
1790220110857 420
1790220112152 426
1790220113450 408
1790220116802 425
1790220118110 418
1790220120203 425
1790220121507 404
1790220122554 1746
1790220125160 422
1790220126254 423
1790220127551 407
1790220128824 406
1790220130934 410
1790220132136 410
1790220133404 397
1790220134671 411
1790220135913 420
1790220137210 408
1790220138515 425
1790220141633 407
1790220292499 1747
1790220295204 413
1790220296477 397
1790220297741 394
1790220298999 423
1790220301513 407
1790220302825 423
1790220304742 409
1790220306056 419
1790220307082 406
1790220309256 423
1790220310553 407
1790220311852 424
1790220313161 408
1790220315209 409
1790220316499 421
1790220317782 410
1790220319669 1712
1790220322116 416
1790220323375 418
1790220324672 421
1790220325978 410
1790220326948 423
1790220327894 423
1790220330064 408
1790220331897 422
1790220334909 422
1790220336207 409
1790220337631 437
1790220339985 396
1790220341245 397
1790220342532 411
1790220343799 417
1790220345868 1769
1790220348526 407
1790220349535 424
1790220350847 407
1790220352148 423
1790220353457 406
1790220355590 423
1790220356903 433
1790220359067 407
1790220363179 412
1790220364684 410
1790220367058 406
1790220367871 408
1790220368683 408
1790220370271 409
1790220371487 411
1790220372330 418
1790220374763 1737
1790220378149 409
1790220378975 407
1790220382216 412
1790220383035 406
1790220384243 408
1790220385886 401
1790220387081 398
1790220389454 407
1790220393719 403
1790220394526 409
1790220395344 410
1790220398951 408
1790220399766 409
1790220401381 1741
1790220407077 396
1790220407860 398
1790220427401 1331
1790227917730 1456
1790227981261 1219
1790236281495 1302
1790236305723 1102
1790253689158 1269
1790253692782 977
1790253819920 955
1790261350678 1224
1790261412976 1259
1790271892075 1542
1790280618148 2040
1790281738086 1738
1790282360668 1707
1790295075758 1847
1790295151397 1581
1790306599230 995
