1790181233107 99544 50
1790181233223 154240 21
1790181233308 205584 21
1790181233395 223900 21
1790181233482 268684 21
1790181233572 288624 66
1790181233708 316708 46
1790181233824 342660 47
1790181233940 362472 47
1790181234059 390940 48
1790181234178 417152 49
1790181234297 443932 49
1790181234417 470852 50
1790181234539 500588 50
1790181234661 525936 51
1790181234784 553696 50
1790181234907 577936 51
1790181235031 602504 50
1790181235156 625316 51
1790181235279 653160 51
1790181235404 670616 52
1790181235529 696344 52
1790181235654 724980 53
1790181235781 750008 53
1790181235908 770772 50
1790181236032 797632 53
1790181236159 822220 53
1790181236285 851412 54
1790181236414 869460 55
1790181236544 896956 55
1790181236672 923480 55
1790181236802 959060 56
1790181236933 1015576 56
1790181237064 1062932 57
1790181237196 1121008 55
1790181237325 1170388 57
1790181237459 1227932 58
1790181237593 1285140 59
1790181237727 1336644 59
1790181237863 1399008 60
1790181237999 1451492 61
1790181238135 1510032 61
1790181238273 1568016 61
1790181238411 1619228 61
1790181238550 1678512 61
1790181238689 1731008 62
1790181238828 1791252 62
1790181238967 1842664 65
1790181239111 1904452 64
1790181239253 1959916 63
1790181239394 2021724 64
1790181239535 2073172 64
1790181239677 2134400 65
1790181239819 2188968 67
1790181239963 2249288 68
1790181240108 2304848 67
1790181240253 2367664 67
1790181240398 2414948 68
1790181240534 2459224 66
1790181240678 2514740 68
1790181240823 2576472 69
1790181240970 2632008 69
1790181241116 2686036 70
1790181241265 2748308 70
1790181241415 2803764 69
1790181241563 2863392 70
1790181241711 2922948 71
1790181241860 2978512 72
1790181241998 3021704 72
1790181242149 3082300 71
1790181242299 3141396 72
1790181242438 3183484 70
1790181242586 3244668 74
1790181242728 3289944 72
1790181242879 3346500 74
1790181243022 3393712 74
1790181243174 3453364 75
1790181243317 3499120 72
1790181243465 3558276 75
1790181243609 3607636 75
1790181243764 3667392 75
1790181243908 3719956 75
1790181244063 3772668 76
1790181244271 3846640 77
1790181244517 3902488 77
1790181244917 3976252 76
1790181245274 4050028 77
1790181245673 4123784 78
1790181246010 4197532 81
1790181246394 4271280 78
1790181246696 4345032 80
1790181247027 4418784 79
1790181247343 4492560 80
1790181247675 4566304 81
1790181248007 4640052 83
1790181248330 4713788 82
1790181248667 4787524 83
1790181249005 4861264 83
1790181249332 4935004 82
1790181249684 5008740 84
1790181250023 5082480 87
1790181250359 5156232 85
1790181250774 5231808 85
1790181251172 5305572 85
1790181251516 5379316 89
1790181251861 5453060 87
1790181252205 5526828 87
1790181252538 5600576 88
1790181252899 5674328 92
1790181253241 5748080 91
1790181253594 5821816 91
1790181253930 5895576 92
1790181254281 5969336 91
1790181254616 6043072 92
1790181255005 6116820 90
1790181255359 6190560 91
1790181255685 6264300 88
1790181256030 6338040 93
1790181256366 6411776 93
1790181256743 6486060 93
1790181257110 6559812 94
1790181257501 6633564 93
1790181257837 6707320 93
1790181258185 6781068 92
1790181258514 6854816 95
1790181258859 6928556 96
1790181259193 7002296 98
1790181259551 7076036 100
1790181259900 7149776 99
1790181260259 7223520 101
1790181260608 7297260 100
1790181261013 7371000 100
1790181261381 7444744 97
1790181261878 7555368 99
1790181262341 7648588 103
1790181262731 7739744 102
1790181263274 7850428 104
1790181263758 7961040 104
1790181264250 8071652 107
1790181264743 8182260 107
1790181265227 8292876 110
1790181265727 8403488 113
1790181266222 8514100 109
1790181266742 8624724 108
1790181267318 8735344 109
1790181267788 8845960 110
1790181268298 8956568 108
1790181268846 9067972 110
1790181269412 9178620 111
1790181269966 9289244 112
1790181270440 9399868 116
1790181271014 9510492 114
1790181271532 9612120 118
1790181272110 9731732 118
1790181272638 9842364 120
1790181273137 9952972 119
1790181273653 10063584 119
1790181274155 10174200 120
1790181274644 10284804 120
1790181275237 10395428 120
1790181275772 10506068 121
1790181276326 10616692 120
1790181276861 10727328 125
1790181277373 10837944 126
1790181277916 10948568 124
1790181278425 11059176 124
1790181278924 11169796 125
1790181279575 11317272 126
1790181280230 11433428 130
1790181280836 11575352 128
1790181281584 11722868 129
1790181282308 11870364 129
1790181283013 12017860 131
1790181283702 12165360 133
1790181284372 12308236 133
1790181285121 12460316 142
1790181285867 12607804 136
1790181286548 12755276 138
1790181287255 12902756 136
1790181288030 13051296 140
1790181288829 13198820 139
1790181289556 13346328 142
1790181290234 13491404 144
1790181290975 13630740 142
1790181291718 13788828 148
1790181292376 13936308 142
1790181293129 14083784 146
1790181293913 14231260 146
1790181294600 14378772 147
1790181295319 14526280 152
1790181296099 14673780 149
1790181296743 14821280 154
1790181297584 15005632 151
1790181298383 15189980 154
1790181299219 15374324 156
1790181300173 15558704 158
1790181300982 15720400 160
1790181301738 15890564 161
1790181302568 16074932 159
1790181303619 16259300 162
1790181304558 16443688 162
1790181305567 16628040 163
1790181306429 16796000 162
1790181307489 16996772 168
1790181308423 17181140 167
1790181309263 17365504 170
1790181310209 17549896 172
1790181311084 17734256 170
1790181311945 17918624 172
1790181312864 18104288 172
1790181313846 18288652 172
1790181314741 18473008 174
1790181315746 18684192 178
1790181316643 18878608 177
1790181317748 19099872 179
1790181318882 19321120 183
1790181319897 19526232 182
1790181320902 19726680 192
1790181321966 19947912 184
1790181323013 20169156 192
1790181324262 20390392 191
1790181325317 20611612 196
1790181326551 20832844 193
1790181327564 21054080 192
1790181328635 21275324 196
1790181329711 21496576 196
1790181330710 21717804 200
1790181331796 21941840 199
1790181332097 21943732 197
1790181336200 21950332 204
1790181346409 21950336 202
1790181383318 21951076 200
1790181391818 21976276 203
1790181393382 22008552 206
1790181394203 22203588 215
1790181395528 22445824 215
1790181396794 22703912 216
1790181398053 22962000 217
1790181399320 23220088 219
1790181400597 23478164 222
1790181402075 23736268 221
1790181403355 23994348 221
1790181404645 24252444 229
1790181405967 24510532 230
1790181407279 24768620 226
1790181408660 25026720 225
1790181409966 25284800 231
1790181411306 25542884 233
1790181412639 25800968 233
1790181413983 26059052 233
1790181415556 26354028 239
1790181417069 26648976 239
1790181418583 26943924 239
1790181420127 27238884 244
1790181421733 27533840 242
1790181423288 27828792 256
1790181424857 28123736 253
1790181426449 28418696 265
1790181428164 28712996 262
1790181429720 29008612 264
1790181431269 29303568 260
1790181432840 29598524 265
1790181434568 29930352 259
1790181436276 30262448 265
1790181437956 30594268 266
1790181439619 30926096 273
1790181441377 31257912 269
1790181443246 31589740 273
1790181444915 31921572 274
1790181446612 32253388 280
1790181448498 32583956 279
1790181450223 32917304 282
1790181451985 33249128 282
1790181453843 33617820 287
1790181455782 33986520 286
1790181457695 34355212 292
1790181459591 34723908 294
1790181461528 35092596 299
1790181463592 35461300 304
1790181465564 35829984 307
1790181467501 36198676 311
1790181510924 36422488 317
1790181512964 36791432 312
1790181514875 37160116 314
1790181516972 37565684 318
1790181519237 37971516 315
1790181521311 38377076 323
1790181523443 38782636 324
1790181525615 39188464 330
1790181527936 39594032 331
1790181530077 39999600 337
1790181532370 40405424 346
1790181534532 40810984 345
1790181536960 41253416 349
1790181596216 41588828 345
1790181607597 41957528 356
1790181608417 42767644 361
1790181609086 43406352 355
1790181609945 44518812 367
1790181610730 45381584 373
1790181611412 45971180 376
1790181612278 46906536 385
1790181613152 47657420 387
1790181614086 48713268 397
1790181615156 50225792 410
1790181616439 50821992 411
1790181618227 51819504 411
1790181618938 52357172 411
1790181619578 52894840 415
1790181620317 53504188 425
1790181620975 54041848 423
1790181621940 55117168 434
1790181622707 55690672 433
1790181623520 56479240 452
1790181624306 57124436 450
1790181624995 57697944 450
1790181625789 58343136 456
1790181626656 59203392 460
1790181627685 60350400 468
1790181628506 60995592 476
1790181629407 61855848 480
1790181630495 63002856 487
1790181631507 63863112 491
1790181632439 64723372 494
1790181633541 65906224 507
1790181634607 66874012 517
1790181635584 67698424 527
1790181636742 68878184 538
1790181637856 69813228 552
1790181638877 70708856 547
1790181640090 71892180 566
1790181641248 72739536 567
1790181642298 73576348 573
1790181643468 74501208 571
1790181644719 75333208 572
1790181645991 76659080 591
1790181647198 77627232 599
1790181648342 78807744 595
1790181685886 66255400 560
1790181708240 50751964 501
1790182076784 78990724 770
1790182082216 79904456 757
1790182087969 80717540 777
1790182367401 80939392 780
1790182369508 81855100 790
1790182371915 82995804 785
1790182374222 84028552 802
1790182376374 84987000 795
1790182380291 85871956 802
1790182397877 86134964 820
1790182400063 87092560 827
1790182402127 87978744 829
1790182404325 88972648 862
1790182406435 89865800 826
1790182408652 90853036 849
1790182450303 91348136 830
1790182467662 92061392 852
1790182487829 92315020 838
1790182925655 92410216 847
1790182930902 93345408 849
1790182984918 93905832 857
1790182989731 94900140 863
1790182995264 95985596 879
1790183000270 96975448 890
1790183968219 97189524 921
1790184999846 97693568 971
1790185006124 98685440 973
1790186124151 98899860 985
1790187278991 99111788 1045
1790188530239 99478072 1077
1790192453252 99947220 1177
1790193592926 100144364 1130
1790194741168 100145912 1126
1790195316762 89992784 860
1790195449455 86121900 832
1790203021357 74028500 1034
1790203049239 100262376 1246
1790203052870 101358684 1280
1790203056346 102632940 1280
1790203059863 103776756 1243
1790203063010 104982800 1293
1790203066893 106395128 1272
1790203070621 107478524 1305
1790203074362 108625408 1296
1790203081482 88036632 1100
1790209754399 76185868 1100
1790215303075 109648996 1407
1790215333730 109753444 1363
1790215362601 109847192 1418
1790215391525 109932780 1412
1790215420677 110027880 1392
1790215449265 110150760 1410
1790215478089 110294120 1346
1790215509217 110430872 1422
1790215537904 110533736 1411
1790215572246 110673004 1422
1790215609912 110754924 1419
1790215641479 110877804 1418
1790215670471 110990444 1430
1790215699313 111113324 1390
1790215728066 111225964 1416
1790215759871 111338608 1416
1790215793109 111492868 1405
1790215824473 111564848 1415
1790215861827 111710872 1442
1790215892352 111805080 1429
1790215922211 111965300 1432
1790215951892 112034932 1425
1790215981442 112158260 1438
1790216010444 112290932 1433
1790216040540 112393332 1369
1790216068550 112526452 1448
1790216100611 112628568 1437
1790216130634 112752824 1422
1790216169062 112835224 1413
1790216199454 113007736 1389
1790216227307 113099896 1436
1790216258173 113233016 1432
1790216292517 113386620 1443
1790216330074 113478780 1435
1790216359553 113632380 1443
1790216390138 113703928 1406
1790216418934 113849468 1441
1790216450227 113939096 1423
1790216478903 114062464 1412
1790216507475 114185344 1457
1790216538380 114318464 1468
1790216569276 114441344 1466
1790216601357 114564228 1422
1790216630560 114668676 1466
1790216660735 114786968 1458
1790216691833 114912388 1465
1790216724202 114994308 1451
1790216763405 115186328 1470
1790216793037 115311752 1468
1790216827231 115392680 1446
1790216860642 115561112 1467
1790216890592 115680392 1475
1790216921954 115782792 1482
1790216952675 115920012 1481
1790216986750 115999884 1476
1790217016746 116198540 1479
1790217047955 116245644 1429
1790217093765 116448396 1463
1790217128203 116561040 1447
1790217159651 116622480 1473
1790217189437 116694160 1409
1790217218962 116827280 1490
1790217255192 116837520 1488
1790217290469 117001360 1493
1790217329409 117032580 1489
1790217360555 117185684 1446
1790217395032 117247124 1482
1790217426061 117349524 1470
1790217457159 117441684 1511
1790217488485 117472884 1482
1790217521382 117605524 1412
1790217551638 117648024 1490
1790217584643 117749728 1462
1790217618819 117841048 1490
1790217652399 117963928 1491
1790217691723 118066328 1434
1790217720450 118148248 1493
1790217751941 118260888 1499
1790217785176 118314136 1508
1790217816328 118424728 1510
1790217848767 118514328 1507
1790217880757 118581912 1509
1790217911651 118693020 1446
1790217941315 118783132 1492
1790217975248 118885532 1447
1790218005255 118987932 1483
1790218039281 119041708 1448
1790218071323 119172256 1501
1790218111028 119245984 1430
1790218141652 119327904 1512
1790218176668 119407776 1452
1790218210540 119446168 1511
1790218240899 119540896 1506
1790218298298 119573664 1517
1790218331937 119681688 1503
1790218363865 119743128 1526
1790218398436 119766176 1512
1790218431780 119786660 1520
1790218513727 119810808 1501
1790218517799 121016844 1506
1790218524459 122289248 1552
1790218631796 122584004 1532
1790218662508 122897820 1545
1790218693476 123486180 1549
1790218724867 123846584 1565
1790218756708 124217792 1482
1790218786536 124555208 1560
1790218817751 124863436 1547
1790218848885 125164504 1490
1790218878761 125494244 1573
1790218910902 125817836 1577
1790218943936 126035944 1564
1790218975791 126105572 1552
1790219007964 126175204 1544
1790219039140 126246884 1558
1790219071336 126316516 1490
1790219102289 126377960 1539
1790219134549 126443504 1568
1790219166220 126515184 1555
1790219197692 126572528 1575
1790219229865 126638064 1577
1790219261680 126707700 1569
1790219295443 126775280 1502
1790219326891 126846972 1577
1790219359417 126912508 1516
1790219389763 126973948 1528
1790219422142 127037436 1582
1790219454129 127111164 1569
1790219487125 127172604 1530
1790219518071 127234052 1562
1790219551335 127305732 1539
1790219582538 127367172 1560
1790219614605 127430660 1558
1790219647511 127492104 1536
1790219680537 127553544 1573
1790219713321 127612940 1561
1790219744966 127660052 1573
1790219776645 127698964 1558
1790219794661 127769108 1333
1790219822366 127836692 1314
1790219849235 127900180 1312
1790219877103 127955476 1332
1790219904776 128021012 1326
1790219931435 128088604 1326
1790219958212 128145948 1310
1790219986187 128209436 1317
1790220012681 128268828 1309
1790220040751 128334364 1332
1790220067436 128397852 1331
1790220095175 128463388 1334
1790220122554 128524828 1317
1790220292499 128567844 1338
1790220319669 128625188 1294
1790220345868 128684580 1339
1790220374763 128748068 1325
1790220401381 128784932 1328
1790220427401 126692816 1316
1790227917730 96788476 1437
1790227981261 116516492 1204
1790236281495 98285832 1281
1790236305723 75843304 1083
1790253689158 95129024 1254
1790253692782 58563100 959
1790253819920 47473244 925
1790261350678 63461880 1206
1790261412976 102199084 1243
1790271892075 67586592 1494
1790280618148 107693052 2024
1790281738086 109535028 1722
1790282360668 102688008 1694
1790295075758 79968828 1826
1790295151397 99608840 1567
1790306599230 79748024 982
