# timestamp_ms rss_kb
1790720813540 249668
1790720813732 255200
1790720814139 263744
1790720814589 269920
1790720815077 291656
1790720815987 298628
1790720818157 308052
1790720818379 316532
1790720818833 323304
1790720818940 330860
1790720819398 343520
1790720819600 350548
1790720819986 365196
1790720820893 375208
1790720821001 392020
1790720821112 419444
1790720821243 444856
1790720821349 456428
1790720821435 496548
1790720822015 514608
1790720822077 534764
1790720822935 549780
1790720822998 561036
1790720823038 581576
1790720823125 618440
1790720823241 651792
1790720823339 695456
1790720823451 725448
1790720823570 743836
1790720824428 763276
1790720824966 785824
1790720825556 801684
1790720825645 822164
1790720825734 841180
1790720825852 913264
1790720825899 955972
1790720825972 1001264
1790720826650 1029776
1790720827380 1074064
1790720890886 1132228
