# timestamp_ms rss_kb
1785659629340 437016
1785659629771 452704
1785659630050 495844
1785659630165 555068
1785659630277 611268
1785659630735 626280
1785659630934 645000
1785659631241 660232
1785659631600 683652
1785659632092 699480
1785659632267 717820
1785659632665 743204
1785659632991 758492
1785659633397 784060
1785659633894 812924
1785659634498 845152
1785659635103 867972
1785659635673 889052
1785659635838 907776
1785659636418 939508
1785659636942 965376
1785659637570 992608
1785659638805 1026980
1785659638937 1052052
1785659639070 1076920
1785659639204 1125336
1785659646335 1174560
1785659646480 1411972
1785659646768 1830164
1785659647078 2379760
1785659653972 2582276
1785659654156 2642060
1785659659868 2855176
1785659660321 3014716
1785659662639 3087144
1785659664063 3160876
1785659666000 3235200
1785659667908 3309076
1785659670041 3382932
1785659672104 3458124
1785659672503 3477256 (true peak, below trigger threshold; snapshot is in peaks/peak.smaps)
