1785803310901 261076 23
1785803311187 264256 21
1785803311325 267400 22
1785803311545 277316 21
1785803311643 280156 21
1785803311905 284068 20
1785803312058 286944 21
1785803312200 309452 21
1785803312305 364984 25
1785803312418 464932 23
1785803312529 495924 27
1785803312642 534604 27
1785803312757 563728 27
1785803312872 589292 27
1785803312990 617156 26
1785803313102 632500 27
1785803313218 640808 25
1785803313401 653672 26
1785803313499 669304 28
1785803313620 691128 28
1785803313740 703820 26
1785803313839 713532 28
1785803313960 731792 25
1785803314079 749364 25
1785803314202 763800 24
1785803314302 781044 26
1785803314428 833672 28
1785803314564 893160 29
1785803314700 928700 29
1785803314834 967764 30
1785803314973 1000180 32
1785803315113 1031100 30
1785803315251 1064916 31
1785803315392 1085956 32
1785803315511 1105256 30
1785803315865 1136132 30
1785803315982 1147564 29
1785803316083 1170432 29
1785803316366 1182528 31
1785803319630 1193680 32
1785803319742 1565008 30
1785803319870 1634640 29
1785803319998 1738500 31
1785803320115 1900292 31
1785803320231 2041604 30
1785803320701 2087652 32
1785803320827 2341604 30
1785803320951 2370864 30
1785803321053 2430472 29
1785803325393 2440280 35
1785803325500 2476572 29
