1785348129885 76724 36
1785348129994 123916 33
1785348130094 169028 36
1785348130197 214180 32
1785348130295 257516 31
1785348130393 301872 33
1785348130494 345468 34
1785348130597 390588 32
1785348130697 435740 34
1785348130802 481648 36
1785348130906 525476 35
1785348131009 569072 35
1785348131114 613784 33
1785348131215 661388 35
1785348184089 663444 41
1785348184201 677268 38
1785348184322 693852 40
1785348184449 710556 39
1785348184571 727168 39
1785348184695 738216 38
1785348204565 745400 40
1785348204694 760576 39
1785348204821 775944 40
1785348204949 791560 42
1785348205081 806868 42
1785348205195 818984 38
1785348224914 822640 40
1785348225025 835776 40
1785348225154 851424 42
1785348225265 864432 38
1785348225396 879240 40
1785348225510 891968 42
1785348244199 903140 45
1785348244317 917180 42
1785348244455 933880 42
1785348244571 947572 40
1785348244702 964008 44
1785348244815 978404 41
1785348263428 990832 45
1785348263548 1007860 43
1785348263686 1028204 45
1785348263827 1048328 45
1785348263949 1062844 46
1785348282367 1063544 47
1785348282496 1077180 43
1785348282621 1090616 44
1785348282763 1106600 45
1785348282885 1120488 45
1785348283028 1137064 46
1785348302183 1147076 49
1785348302529 1159640 45
1785348302653 1172316 45
1785348302798 1187720 46
1785348302923 1200328 45
1785348303070 1215268 50
1785348324645 1225580 51
1785348324779 1239216 48
1785348324907 1253716 49
1785348325057 1271692 47
1785348325185 1285828 46
1785348325334 1301784 48
1785348346598 1315464 54
1785348346756 1330828 51
1785348346985 1358716 52
1785348347226 1387060 50
1785348368339 1392016 53
1785348368587 1420044 53
1785348368830 1448632 51
1785348369044 1468652 54
