1790422539617 87
1790422539738 51
1790422539825 53
1790422539914 53
1790422540006 53
1790422540098 110
1790422540246 82
1790422540367 85
1790422540493 83
1790422540621 85
1790422540746 86
1790422540872 84
1790422540999 89
1790422541131 92
1790422541264 88
1790422541393 90
1790422541527 96
1790422541668 96
1790422541807 94
1790422541946 96
1790422542091 99
1790422542239 101
1790422542386 104
1790422542538 100
1790422542691 100
1790422542842 103
1790422542994 99
1790422543142 107
1790422543301 109
1790422543464 116
1790422543636 125
1790422543805 125
1790422543966 122
1790422544140 119
1790422544310 119
1790422544478 119
1790422544649 122
1790422544826 125
1790422545008 125
1790422545178 126
1790422545358 133
1790422545537 149
1790422545749 131
1790422545937 136
1790422546133 144
1790422546338 142
1790422546542 145
1790422546747 151
1790422546960 143
1790422547163 155
1790422547380 155
1790422547601 159
1790422547824 157
1790422548046 167
1790422548280 159
1790422548505 170
1790422548721 172
1790422548948 169
1790422549188 172
1790422549431 184
1790422549660 169
1790422549883 185
1790422550114 179
1790422550368 196
1790422550612 186
1790422550875 189
1790422551113 187
1790422551379 200
1790422551627 184
1790422551891 198
1790422552141 198
1790422552418 204
1790422552677 210
1790422552969 203
1790422553200 218
1790422553502 220
1790422553776 216
1790422554077 225
1790422554331 213
1790422554604 226
1790422554858 56
1790422555004 230
1790422555289 229
1790422555620 237
1790422555913 230
1790422556239 239
1790422556536 239
1790422556872 245
1790422557176 239
1790422557482 256
1790422557798 256
1790422558121 260
1790422558444 253
1790422558793 251
1790422559107 62
1790422559234 249
1790422559548 62
1790422559713 266
1790422560038 265
1790422560411 277
1790422560752 64
1790422560886 265
1790422561214 63
1790422561381 262
1790422561670 59
1790422561829 268
1790422562158 58
1790422562277 274
1790422562659 278
1790422563002 65
1790422563136 267
1790422563472 64
1790422563602 286
1790422563996 281
1790422564344 64
1790422564472 285
1790422564871 298
1790422565234 64
1790422565361 298
1790422565777 296
1790422566139 65
1790422566270 306
1790422566648 300
1790422567018 64
1790422567110 304
1790422567492 296
1790422567817 72
1790422567961 300
1790422568384 297
1790422568755 71
1790422568945 305
1790422569325 76
1790422569472 70
1790422569667 323
1790422570064 72
1790422570274 302
1790422570698 71
1790422570901 310
1790422571285 72
1790422571480 317
1790422571931 67
1790422572136 304
1790422572561 72
1790422572705 312
1790422573091 76
1790422573241 70
1790422573434 349
1790422573858 75
1790422574078 334
1790422574538 69
1790422574683 338
1790422575163 73
1790422575365 345
1790422575783 72
1790422575996 335
1790422576452 72
1790422576596 343
1790422577078 73
1790422577281 344
1790422577698 70
1790422577908 331
1790422578366 73
1790422578582 326
1790422578977 73
1790422579177 329
1790422579645 73
1790422579793 273
1790422579793 73
1790422580173 72
1790422580318 78
1790422580473 77
1790422580626 93
1790422580990 133
1790422582865 89
1790422584306 114
1790422587800 365
1790422630705 395
1790422631190 86
1790422631307 85
1790422631474 80
1790422631634 76
1790422631797 89
1790422631918 84
1790422632080 78
1790422632235 80
1790422632347 90
1790422632525 78
1790422632679 74
1790422632834 87
1790422633012 86
1790422633233 75
1790422633385 90
1790422633565 80
1790422633726 77
1790422633834 79
1790422634001 89
1790422634180 78
1790422637511 368
1790422638567 88
1790422641284 81
1790422641444 89
1790422641625 85
1790422641791 79
1790422641900 75
1790422642058 90
1790422642239 89
1790422642360 85
1790422642476 79
1790422642633 79
1790422642743 87
1790422642919 86
1790422643086 378
1790422643553 79
1790422643711 76
1790422643866 327
1790422643866 78
1790422644310 385
1790422644775 374
1790422645441 78
1790422645602 356
1790422646254 90
1790422646496 362
1790422647011 84
1790422647254 351
1790422647759 86
1790422647929 351
1790422648441 89
1790422648611 355
1790422649116 85
1790422649359 364
1790422649812 84
1790422649982 77
1790422650139 365
1790422650640 78
1790422650798 371
1790422651322 88
1790422651496 373
1790422652009 83
1790422652254 358
1790422652689 84
1790422652862 365
1790422653366 81
1790422653533 81
1790422653690 361
1790422654132 80
1790422654363 364
1790422654860 83
1790422655026 353
1790422655467 88
1790422655643 76
1790422655797 371
1790422656306 78
1790422656460 360
1790422656905 83
1790422657069 78
1790422657223 364
1790422657724 80
1790422657963 356
1790422658395 76
1790422658633 356
1790422659124 85
1790422659294 368
1790422659741 81
1790422659899 77
1790422660058 371
1790422660576 77
1790422660801 366
1790422661246 79
1790422661475 357
1790422661970 85
1790422662135 364
1790422662585 83
1790422662751 80
1790422662864 367
1790422663365 86
1790422663537 85
1790422663706 373
1790422664160 78
1790422664317 378
1790422664842 88
1790422665014 84
1790422665183 370
1790422665586 78
1790422665812 86
1790422666049 377
1790422666507 83
1790422666744 80
1790422666902 371
1790422667430 87
1790422667661 82
1790422667824 374
1790422668284 84
1790422668455 86
1790422668573 82
1790422668814 382
1790422669340 80
1790422669499 77
1790422669733 365
1790422670185 88
1790422670381 78
1790422670593 384
1790422671059 83
1790422671221 83
1790422671388 82
1790422671625 359
1790422672127 85
1790422672294 81
1790422672481 359
1790422672948 78
1790422673171 75
1790422673388 373
1790422673914 78
1790422674069 81
1790422674306 378
1790422674766 80
1790422674983 83
1790422675220 374
1790422675675 77
1790422675905 89
1790422676081 372
1790422676557 86
1790422676730 84
1790422676897 80
1790422677058 380
1790422677586 87
1790422677760 80
1790422677975 367
1790422678444 85
1790422678625 92
1790422678879 373
1790422679398 74
1790422679615 85
1790422679782 361
1790422680290 74
1790422680441 80
1790422680671 358
1790422681162 77
1790422681316 79
1790422681552 372
1790422682002 76
1790422682229 80
1790422682385 364
1790422682882 77
1790422683114 78
1790422683268 363
1790422683777 85
1790422683946 83
1790422684184 371
1790422684689 75
1790422684848 88
1790422685026 88
1790422685203 387
1790422685624 83
1790422685793 81
1790422685950 71
1790422686099 375
1790422686627 92
1790422686879 79
1790422687039 375
1790422687564 85
1790422687734 81
1790422687973 395
1790422688504 85
1790422688670 76
1790422688890 371
1790422689341 83
1790422689504 77
1790422689659 76
1790422689816 389
1790422690352 79
1790422690579 85
1790422690751 369
1790422691280 83
1790422691448 83
1790422691681 76
1790422691839 369
1790422692351 83
1790422692586 369
1790422693031 75
1790422693186 85
1790422693355 77
1790422693510 384
1790422694043 79
1790422694202 77
1790422694440 380
1790422694906 81
1790422695137 88
1790422695311 394
1790422695852 80
1790422696094 83
1790422696256 77
1790422696492 383
1790422696964 85
1790422697206 80
1790422697374 85
1790422697599 380
1790422698125 78
1790422698290 85
1790422698460 79
1790422698619 78
1790422698732 373
1790422699190 84
1790422699355 76
1790422699509 79
1790422699733 82
1790422699898 375
1790422700431 87
1790422700600 83
1790422700834 76
1790422700988 372
1790422701445 82
1790422701669 80
1790422701904 85
1790422702070 377
1790422702531 79
1790422702690 80
1790422702853 84
1790422703020 78
1790422703236 395
1790422703785 87
1790422703955 79
1790422704191 87
1790422704366 396
1790422704927 86
1790422705098 82
1790422705321 81
1790422705562 391
1790422706035 82
1790422706198 87
1790422706373 84
1790422706538 80
1790422706704 396
1790422707185 88
1790422707361 83
1790422707586 81
1790422707757 399
1790422708323 85
1790422708489 82
1790422708654 89
1790422708829 81
1790422708992 391
1790422709535 91
1790422709716 90
1790422709892 83
1790422710059 86
1790422710238 413
1790422710736 84
1790422710912 94
1790422711096 84
1790422711332 453
1790422711871 82
1790422712145 93
1790422712322 85
1790422712498 476
1790422713071 90
1790422713252 91
1790422713446 91
1790422713696 458
1790422714241 89
1790422714497 101
1790422714692 88
1790422714941 452
1790422715489 96
1790422715692 107
1790422715903 96
1790422716165 458
1790422716723 105
1790422716931 97
1790422717118 86
1790422717293 101
1790422717500 476
1790422718141 102
1790422718344 87
1790422718595 94
1790422718858 457
1790422719403 85
1790422719584 101
1790422719776 84
1790422719945 93
1790422720140 445
1790422720687 105
1790422720883 86
1790422721065 105
1790422721274 99
1790422721528 456
1790422722156 103
1790422722354 88
1790422722610 100
1790422722814 452
1790422723369 103
1790422723575 86
1790422723750 91
1790422723945 107
1790422724243 462
1790422724810 89
1790422724992 85
1790422725174 106
1790422725375 88
1790422725551 455
1790422726101 102
1790422726295 99
1790422726489 109
1790422726704 93
1790422726955 487
1790422727614 89
1790422727801 98
1790422728067 86
1790422728256 104
1790422728530 452
1790422729071 92
1790422729268 104
1790422729553 94
1790422729743 97
1790422729937 107
1790422730140 456
1790422730687 88
1790422730878 101
1790422731076 97
1790422731268 95
1790422731468 104
1790422731674 483
1790422732255 92
1790422732515 107
1790422732727 102
1790422732929 93
1790422733120 104
1790422733334 475
1790422733901 92
1790422734081 99
1790422734286 92
1790422734467 88
1790422734649 104
1790422734843 465
1790422735488 113
1790422735703 97
1790422735895 103
1790422736180 87
1790422736355 493
1790422736944 102
1790422737152 90
1790422737413 108
1790422737616 88
1790422737859 495
1790422738458 105
1790422738731 88
1790422738926 99
1790422739197 90
1790422739388 493
1790422739989 106
1790422740190 91
1790422740370 106
1790422740577 107
1790422740868 103
1790422741077 473
1790422741639 109
1790422741849 99
1790422742129 93
1790422742315 106
1790422742520 486
1790422743107 97
1790422743306 97
1790422743507 104
1790422743770 90
1790422743952 102
1790422744147 515
1790422744764 101
1790422744965 96
1790422745154 94
1790422745351 104
1790422745547 87
1790422745735 108
1790422745953 510
1790422746639 96
1790422746841 96
1790422747098 91
1790422747292 100
1790422747565 476
1790422748142 96
1790422748414 96
1790422748618 104
1790422748818 100
1790422749023 104
1790422749229 484
1790422749818 107
1790422750021 90
1790422750270 105
1790422750470 89
1790422750648 102
1790422750850 460
1790422751403 81
1790422751565 82
1790422751820 90
1790422752001 90
1790422752259 459
1790422752811 87
1790422752987 85
1790422753171 95
1790422753432 89
1790422753609 84
1790422753787 446
1790422754327 90
1790422754505 85
1790422754679 90
1790422754863 88
1790422755036 85
1790422755214 469
1790422755776 92
1790422755962 92
1790422756147 94
1790422756408 97
1790422756601 87
1790422756773 438
1790422757297 90
1790422757481 84
1790422757652 85
1790422757831 93
1790422758019 94
1790422758292 86
1790422758466 450
1790422759003 95
1790422759195 85
1790422759433 93
1790422759622 88
1790422759875 94
1790422760063 456
1790422760609 87
1790422760789 97
1790422760980 85
1790422761153 93
1790422761344 94
1790422761621 90
1790422761800 456
1790422762426 100
1790422762614 87
1790422762790 93
1790422762980 99
1790422763172 88
1790422763347 86
1790422763527 453
1790422764147 83
1790422764327 89
1790422764506 85
1790422764771 96
1790422764961 88
1790422765203 455
1790422765746 84
1790422765920 86
1790422819510 482
1790422820079 85
1790422820261 94
1790422820444 89
1790422820621 91
1790422820806 85
1790422820979 86
1790422821173 516
1790422821787 108
1790422821993 93
1790422822267 104
1790422822465 92
1790422822658 103
1790422822855 502
1790422823450 93
1790422823654 103
1790422823849 89
1790422824035 110
1790422824254 93
1790422824441 90
1790422824636 489
1790422825217 88
1790422825484 91
1790422825668 93
1790422825862 90
1790422826042 91
1790422826233 502
1790422826841 100
1790422827036 92
1790422827220 100
1790422827428 92
1790422827611 93
1790422827812 95
1790422827998 505
1790422828594 109
1790422828876 89
1790422829057 107
1790422829260 93
1790422829538 504
1790422830145 92
1790422830331 92
1790422830524 108
1790422830725 91
1790422830909 112
1790422831116 90
1790422831299 505
1790422831912 92
1790422832167 108
1790422832375 90
1790422832556 102
1790422832768 109
1790422832970 93
1790422833157 510
1790422833775 113
1790422833994 93
1790422834182 92
1790422834383 95
1790422834570 88
1790422834764 509
1790422835367 96
1790422835640 104
1790422835837 90
1790422836024 109
1790422836228 93
1790422836415 514
1790422837023 91
1790422837207 104
1790422837411 95
1790422837598 105
1790422837804 90
1790422837985 104
1790422838193 500
1790422838787 92
1790422839068 92
1790422839254 103
1790422839464 92
1790422839648 94
1790422839850 101
1790422840044 497
1790422840636 111
1790422840846 93
1790422841034 111
1790422841242 92
1790422841428 104
1790422841636 101
1790422841831 91
1790422842023 492
1790422842676 85
1790422842861 88
1790422843039 88
1790422843221 94
1790422843410 87
1790422843586 91
1790422843773 477
1790422844347 91
1790422844610 93
1790422844798 86
1790422844974 91
1790422845159 89
1790422845418 91
1790422845672 473
1790422846234 97
1790422846501 87
1790422846682 92
1790422846862 88
1790422847128 88
1790422847305 86
1790422847485 486
1790422848064 95
1790422848333 88
1790422848512 94
1790422848694 86
1790422848950 87
1790422849126 89
1790422849309 478
1790422849879 88
1790422850056 100
1790422850247 85
1790422850421 99
1790422850613 87
1790422850791 95
1790422850977 90
1790422851159 90
1790422851344 490
1790422851927 89
1790422852108 94
1790422852296 90
1790422852544 95
1790422852736 85
1790422852910 96
1790422853101 86
1790422853276 484
1790422853853 94
1790422854039 86
1790422854215 89
1790422854390 80
1790422854643 92
1790422854824 94
1790422855012 494
1790422855601 90
1790422855781 90
1790422855965 97
1790422856152 90
1790422856410 90
1790422856593 89
1790422856779 96
1790422856972 492
1790422857553 90
1790422857741 92
1790422857922 90
1790422858107 96
1790422858294 93
1790422929982 524
1790422946240 500
1790422947093 492
1790422947964 500
1790422948874 503
1790422949880 553
1790422950859 520
1790422951740 529
1790422952664 106
1790422952979 529
1790422953866 545
1790422954744 606
1790422955532 108
1790422955870 555
1790422956560 591
1790422957384 101
1790422957545 102
1790422958494 548
1790422984755 545
1790422985399 96
1790422985666 546
1790422986309 99
1790422986439 569
1790422987106 99
1790422987313 547
1790422987957 99
1790422988158 567
1790422988820 95
1790422989083 548
1790422989724 94
1790422989912 543
1790422990549 96
1790422990817 557
1790422991471 95
1790422991597 554
1790422992247 94
1790422992521 105
1790423047938 636
1790423048691 121
1790423048925 109
1790423049144 115
1790423049367 134
1790423049627 134
1790423049874 127
1790423050120 138
1790423050389 586
1790423050389 119
1790423067115 700
1790423067997 116
1790423069113 133
1790423069643 115
1790423070922 651
1790423072171 109
1790423073172 131
1790423073496 114
1790423077808 163
1790423078080 115
1790423078350 110
1790423078575 101
1790423078806 105
1790423079122 494
1790423462716 863
1790423499149 812
1790423500276 163
1790423500688 155
1790423500937 180
1790423501251 184
1790423501547 844
1790423502734 151
1790423503259 157
1790423503779 178
1790423504316 177
1790423504901 868
1790423505914 261
1790423506366 237
1790423559655 904
1790423560799 183
1790423561121 195
1790423561563 152
1790423561969 227
1790423562445 827
1790423563580 172
1790423563897 174
1790423564363 156
1790423564725 828
1790423565788 165
1790423566172 173
1790423566591 251
1790423567007 187
1790423567542 857
1790423568649 170
1790423569063 278
1790423569554 166
1790423569932 181
1790423570232 948
1790423571373 207
1790423571753 206
1790423572166 211
1790423572883 924
1790423574099 205
1790423574472 281
1790423574909 306
1790423575377 187
1790423575705 204
1790423576334 972
1790423577426 211
1790423578235 197
1790423580284 293
1790423583827 188
1790423586202 201
1790423608821 877
1790423610133 160
1790423610797 174
1790423611400 161
1790423611818 171
1790423612212 159
1790423618513 160
1790423620875 141
1790423622076 314
1790423623962 787
1790423625183 158
1790423631214 199
1790423631544 292
1790423632022 147
1790423632374 153
1790423632724 154
1790424525865 1025
1790424527253 207
1790424583524 902
1790424584744 187
1790424585205 191
1790426258463 1034
1790426259691 226
1790426260452 366
1790426261380 220
1790426261699 224
1790426262171 212
1790426262546 1151
1790428295366 1162
1790428296938 256
1790430317983 1651
1790431501689 1467
1790431503672 319
1790431504370 312
1790431505080 309
1790431506715 316
1790431509352 556
1790431511083 304
1790431512405 290
1790431513048 523
1790431514029 300
1790431514700 540
1790431515585 284
1790431520855 300
1790431521901 285
1790431538028 1345
1790431559724 1460
1790431563777 297
1790431570200 327
1790431575135 542
1790431576775 313
1790431606659 1315
1790431640206 1317
1790431663171 1346
1790431674622 250
1790431676061 442
1790431678755 278
1790431701825 1350
1790431717028 253
1790431717980 253
1790431719139 250
1790431731877 1137
1790431747058 252
1790431765644 1147
1790431847660 1399
1790433553148 1327
1790433554610 286
1790433555227 288
1790435123236 854
1790435127250 694
1790435276514 688
1790435715042 1318
1790435717728 270
1790435718459 504
1790435719433 1331
1790435721574 287
1790435722380 1309
1790435724350 272
1790435724908 268
1790435725825 287
1790435727010 1313
1790435728453 489
1790435729433 287
1790435729978 296
1790435730689 277
1790435731179 275
1790435731952 1591
1790435734013 515
1790435735038 1299
1790435737542 468
1790435738476 299
1790435738958 289
1790435739744 1285
1790435741476 249
1790435741906 280
1790435743139 1320
1790435745025 277
1790435745529 1431
1790435748001 1257
1790435749510 270
1790435750209 1259
1790438426879 1229
1790442496859 1354
1790443458958 761
1790443500058 772
1790445308058 1324
1790445309871 469
1790446692798 1297
1790451902835 1171
1790455466692 619
1790463131843 731
1790463179999 811
1790470912084 879
1790470942900 956
1790481408200 716
1790481410400 484
1790481548062 518
1790489079811 799
1790489122291 972
1790497785647 2281
1790502108260 945
1790511022955 806
1790511073266 953
1790519039288 809
