# timestamp_ms rss_kb
1790763716872 17248
1790763716958 22892
1790763717024 26088
1790763717096 45004
1790763718160 46244
1790763719149 55448
1790763719223 83128
1790763719389 101476
1790763719509 108996
1790763719585 175480
1790763720650 183028
1790763720733 187520
1790763720815 193536
1790763720902 197984
1790763721693 203992
1790763721901 218872
1790763722274 263964
1790763722360 296768
1790763722446 329604
1790763722534 376772
1790763723814 391252
1790763723904 430176
1790763723996 485512
1790763724090 534684
1790763725926 547004
1790763726702 566012
1790763726792 599684
1790763726885 639600
1790763726974 658344
1790763727276 681012
1790763727367 704252
1790763727457 720192
1790763727859 734780
1790763728164 753212
1790763744806 771520
1790763754734 793824
1790763763167 810340
1790763806583 830128
1790763810541 852544
1790763810941 877172
1790763811047 930420
1790763811171 998004
1790763811273 1030772
1790763811753 1053300
1790763815492 1111168
1790763925267 1138588
1790763928018 1163496
1790764039861 1191892
1790764488460 1222240
1790764934548 1238420 (true peak, below trigger threshold; snapshot is in peaks/peak.smaps)
