1785388574309 61
1785388574426 34
1785388574499 53
1785388574593 54
1785388574701 33
1785388574775 32
1785388574848 32
1785388574922 58
1785388575023 33
1785388575113 32
1785388575187 58
1785388575285 35
1785388575361 55
1785388575469 33
1785388575543 32
1785388575619 54
1785388575726 31
1785388575799 32
1785388575873 37
1785388575954 59
1785388576056 33
1785388576144 54
1785388576241 60
1785388576365 62
1785388576493 61
1785388576622 62
1785388576751 66
1785388576883 62
1785388577010 74
1785388577132 39
1785388577237 63
1785388577366 63
1785388577477 37
1785388577580 66
1785388577694 77
1785388577838 63
1785388577970 66
1785388578084 40
1785388578194 70
1785388578336 70
1785388578475 68
1785388578592 68
1785388578734 73
1785388578881 69
1785388579026 74
1785388579176 74
1785388579327 76
1785388579478 43
1785388579575 78
1785388579735 77
1785388579892 76
1785388580051 76
1785388580211 78
1785388580542 68
1785388580662 37
1785388580768 73
1785388580891 72
1785388581041 82
1785388581173 72
1785388581322 79
1785388581454 76
1785388581608 46
1785388584592 81
1785388584749 130
1785388584953 75
1785388585093 77
1785388585237 75
1785388585824 73
1785388585982 75
1785388589682 82
1785388589814 77
1785388590443 165
1785388597349 90
1785388597491 42
1785388597608 86
1785388597748 79
1785388597901 84
1785388598038 79
1785388598193 80
1785388598325 81
1785388598481 83
1785388598615 42
