1785369634828 58
1785369634947 32
1785369635023 31
1785369635096 55
1785369635192 34
1785369635266 53
1785369635426 54
1785369635524 54
1785369635631 33
1785369635705 33
1785369635779 53
1785369635873 31
1785369635947 52
1785369636055 55
1785369636166 61
1785369636293 63
1785369636422 62
1785369636551 60
1785369636676 62
1785369636807 64
1785369636937 67
1785369637073 68
1785369637208 76
1785369637351 66
1785369637485 66
1785369637618 64
1785369637751 67
1785369637888 64
1785369638003 40
1785369638112 65
1785369638226 72
1785369638368 68
1785369638514 74
1785369638666 72
1785369638813 74
1785369638964 71
1785369639111 73
1785369639261 76
1785369639420 77
1785369639576 77
1785369639902 65
1785369640037 39
1785369640125 69
1785369640246 71
1785369640393 75
1785369640519 74
1785369640670 72
1785369640794 72
1785369640942 46
1785369644024 75
1785369644173 76
1785369644324 76
1785369644465 75
1785369644605 71
1785369645016 70
1785369645151 67
1785369645285 68
1785369645419 73
1785369645540 71
1785369649531 78
1785369649677 79
1785369649826 40
