1785369634828 261032 21
1785369635096 263804 20
1785369635266 267416 20
1785369635426 271884 20
1785369635524 279796 20
1785369635779 283144 19
1785369635947 286852 19
1785369636055 305508 22
1785369636166 370216 25
1785369636293 463132 25
1785369636422 500936 26
1785369636551 539648 23
1785369636676 567324 24
1785369636807 595140 27
1785369636937 617268 25
1785369637073 638376 27
1785369637208 655880 27
1785369637351 679108 26
1785369637485 699264 26
1785369637618 724368 25
1785369637751 741572 26
1785369637888 754000 25
1785369638112 766292 25
1785369638226 781476 28
1785369638368 834480 26
1785369638514 888680 30
1785369638666 924120 28
1785369638813 961928 28
1785369638964 995280 28
1785369639111 1020072 30
1785369639261 1046700 30
1785369639420 1077800 30
1785369639576 1105596 29
1785369639902 1133824 30
1785369640125 1150392 30
1785369640246 1185876 30
1785369640393 1207004 30
1785369640519 1221208 29
1785369640670 1244252 31
1785369640794 1258460 31
1785369644024 1297808 32
1785369644173 1652112 33
1785369644324 1711504 33
1785369644465 1831748 33
1785369644605 2020164 33
1785369645016 2060592 31
1785369645151 2251056 31
1785369645285 2443568 30
1785369645419 2470780 32
1785369645540 2532844 33
1785369649531 2593984 38
1785369649677 2658048 40
