1790744933038 26196 26
1790744933155 35164 21
1790744933230 45096 19
1790744934207 45144 20
1790744935198 46456 21
1790744936204 46884 21
1790744937205 46936 21
1790744937272 55356 22
1790744937352 64900 21
1790744937429 83340 25
1790744937510 101980 23
1790744937594 175868 20
1790744938208 175900 21
1790744938453 181556 21
1790744938538 189156 22
1790744938622 195088 23
1790744938705 199340 21
1790744939208 200908 27
1790744939287 246384 28
1790744939381 266704 25
1790744939472 275456 25
1790744939567 280412 27
1790744939652 284660 25
1790744939744 293008 26
1790744939836 297436 25
1790744939920 301544 26
1790744940011 307720 27
1790744940157 314184 27
1790744940248 318336 29
1790744940335 326660 26
1790744940428 334964 25
1790744940573 339120 28
1790744940656 343284 25
1790744940747 351668 27
1790744940898 355820 29
1790744940983 359928 26
1790744941079 368268 29
1790744941172 372460 27
1790744941257 376616 29
1790744941354 385016 29
1790744941504 391244 30
1790744941654 401572 30
1790744941751 407820 28
1790744941900 414100 30
1790744942055 426484 29
1790744942204 436212 30
1790744942348 444608 30
1790744942445 450900 35
1790744942604 459224 31
1790744942745 467532 35
1790744942847 473684 32
1790744942937 479936 32
1790744943036 492336 33
1790744943192 498604 32
1790744943346 509052 34
1790744943500 519436 33
1790744943645 530368 33
1790744943765 763784 41
1790744944156 797396 64
1790744944481 815616 97
1790744944837 1445832 110
1790744945237 3221948 85
1790744945626 3307516 82
1790744947379 3308116 71
1790744947829 3362344 76
1790744948099 3470892 70
1790744948804 3509836 82
1790744949661 3578996 76
1790744950011 3893864 75
1790744951689 3923712 77
1790744953284 3946056 93
1790744953584 4341872 85
1790744953926 4427892 78
1790744955144 4688708 92
1790744955495 5071608 81
1790744957551 5084488 80
1790744959278 5087484 86
1790744961234 5092536 87
1790744963194 5093348 79
1790744964796 5093740 81
1790744966607 5093984 77
1790744968340 5095840 77
1790744969943 5096688 82
1790744971933 5097644 80
1790744973673 5099460 86
1790744976311 5100200 80
1790744977974 5107340 80
1790744980247 5108352 82
1790744981613 5211584 102
1790744981986 5905412 100
1790744982375 6523780 92
1790744984266 6549460 90
1790744986307 6573556 86
1790744988100 6613488 77
1790744991597 6617028 84
1790744993492 6617060 85
1790744995504 6617280 83
1790744998674 6617500 89
1790745000581 6617588 83
1790745002620 6624852 79
1790745004598 6624924 83
1790745006364 6625152 93
1790745010862 6625516 83
1790745015075 6627584 85
1790745016859 6636976 83
1790745022562 6640560 91
1790745024838 6642992 91
1790745028956 6646280 86
1790745030692 6646708 83
1790745032625 6646752 93
1790745034752 6646988 83
1790745036658 6647508 83
1790745038513 6647720 90
1790745040360 6647764 84
1790745043428 6647864 80
1790745047960 6648360 83
1790745049823 6704716 94
1790745053163 6707696 83
1790745056791 6707744 83
1790745062284 6707824 94
1790745064321 6714880 93
1790745068584 6715028 91
1790745071766 6715136 90
1790745075868 6726608 98
1790745079265 6751652 80
1790745081190 6751720 85
1790745083749 6751732 84
1790745086204 6751780 94
1790745088248 6751848 91
1790745090339 6751860 95
1790745097576 6751864 82
1790745102934 6751880 92
1790745108104 6755556 98
1790745110423 6755568 84
1790745112413 6755592 91
1790745115561 6755620 93
1790745117588 6755624 94
1790745122659 6762756 90
1790745131841 6762820 86
1790745136985 6764980 88
1790745139260 6765040 82
1790745147024 6765052 85
1790745152908 6765108 96
1790745155667 6765528 84
1790745158765 6809284 87
1790745160714 6824292 88
1790745164470 6825044 85
1790745167987 6825056 86
1790745172000 6825108 93
1790745174212 6825124 82
1790745175872 6825180 91
1790745178914 6825208 92
1790745187960 6825396 96
1790745190073 6834452 93
1790745193177 6834512 85
1790745199249 6834516 87
1790745204284 6834572 93
1790745208505 6834576 92
1790745216360 6834580 90
1790745221122 6835384 89
1790745223700 6835396 85
1790745242444 6835488 90
1790745247583 6836852 94
1790745250221 6836876 83
1790745252325 6836884 81
1790745255276 6836960 93
1790745271753 6851344 100
1790745277388 6851700 95
1790745279654 6851752 92
1790745291328 6851892 88
1790745293273 6851948 93
1790745299273 6851952 92
