1790759084699 61
1790759084812 55
1790759084903 53
1790759084992 31
1790759085071 56
1790759085163 31
1790759085231 55
1790759085323 34
1790759085647 57
1790759085741 33
1790759085820 32
1790759085890 32
1790759085959 55
1790759086050 32
1790759086118 31
1790759086185 53
1790759086274 33
1790759086359 33
1790759092777 76
1790759093055 77
1790759093332 37
1790759093411 37
1790759093488 69
1790759093728 74
1790759093846 71
1790759093981 73
1790759094097 70
1790759094235 74
1790759094347 42
1790759094454 41
1790759097474 77
1790759097593 74
1790759097711 75
1790759097883 69
1790759098018 74
1790759099632 69
1790759099744 74
1790759099861 72
1790759099976 71
1790759100140 71
1790759104336 77
1790759104459 74
1790759104610 40
1790759104694 41
1790759105063 39
1790759105667 42
1790759105752 40
1790759105837 42
1790759105922 42
1790759106006 75
1790759106125 40
1790759106208 41
1790759106292 39
1790759113439 85
1790759113569 44
1790759113678 88
1790759113813 86
1790759116855 90
1790759116992 45
1790759117084 90
1790759117220 44
1790759117313 90
1790759117448 44
1790759117539 86
