# timestamp_ms rss_kb
1787060468490 11292
1787060468539 75976
1787060468589 140260
1787060468641 205492
1787060468697 260428
1787060470524 266268
1787060470590 326248
1787060470702 349892
1787060470761 376768
1787060470821 394180
1787060470881 410568
1787060470940 429004
1787060471001 460336
1787060471063 477848
1787060471125 496280
1787060471188 514492
1787060471252 528404
1787060471315 544800
1787060471383 563232
1787060471451 581664
1787060471520 598136
1787060471588 613100
1787060471655 631532
1787060471724 649968
1787060471793 666468
1787060471864 681376
1787060471932 699808
1787060471999 718244
1787060472068 733096
1787060472142 749620
1787060472213 768052
1787060472291 786484
1787060472416 813756
1787060472493 832188
1787060472570 850620
1787060472707 877880
1787060472786 896312
1787060472920 921500
1787060473000 939932
1787060473141 972700
1787060473283 1001980
1787060473428 1032996
1787060473568 1063996
1787060473702 1091180
1787060473847 1123948
1787060473997 1153160
1787060474146 1185928
1787060474300 1213080
1787060474449 1243272
1787060474598 1272968
1787060474754 1302128
1787060474913 1332544
1787060475073 1364036
1787060475232 1395228
1787060475397 1426380
1787060475562 1457520
1787060475725 1488636
1787060475938 1532016
1787060476100 1563088
1787060476337 1605724
1787060476579 1649316
1787060476824 1693868
1787060477058 1737492
1787060477390 1789100
1787060493331 1828184
1787060493844 1904856
1787060493951 1970896
1787060494578 2047480
1787060535634 2102596
1787062367635 2168700
1787063960925 2169736 (true peak, below trigger threshold; snapshot is in peaks/peak.smaps)
