1787060468490 21
1787060468539 22
1787060468589 22
1787060468641 25
1787060468697 24
1787060468842 26
1787060470070 25
1787060470119 381
1787060470524 33
1787060470590 26
1787060470651 26
1787060470702 24
1787060470761 26
1787060470821 25
1787060470881 25
1787060470940 26
1787060471001 26
1787060471063 26
1787060471125 26
1787060471188 27
1787060471252 27
1787060471315 27
1787060471383 29
1787060471451 29
1787060471520 28
1787060471588 28
1787060471655 30
1787060471724 29
1787060471793 30
1787060471864 28
1787060471932 29
1787060471999 29
1787060472068 31
1787060472142 29
1787060472213 31
1787060472291 29
1787060472362 31
1787060472416 32
1787060472493 33
1787060472570 30
1787060472643 32
1787060472707 35
1787060472786 31
1787060472861 30
1787060472920 33
1787060473000 33
1787060473079 31
1787060473141 32
1787060473221 31
1787060473283 32
1787060473363 32
1787060473428 31
1787060473505 31
1787060473568 32
1787060473646 32
1787060473702 32
1787060473782 33
1787060473847 35
1787060473932 33
1787060473997 33
1787060474080 33
1787060474146 34
1787060474231 35
1787060474300 33
1787060474381 34
1787060474449 32
1787060474530 34
1787060474598 35
1787060474686 34
1787060474754 36
1787060474843 36
1787060474913 35
1787060475002 37
1787060475073 35
1787060475161 36
1787060475232 37
1787060475325 37
1787060475397 37
1787060475490 36
1787060475562 35
1787060475652 37
1787060475725 37
1787060475817 37
1787060475878 37
1787060475938 35
1787060476027 37
1787060476100 36
1787060476192 36
1787060476265 35
1787060476337 37
1787060476431 37
1787060476505 37
1787060476579 38
1787060476676 38
1787060476751 36
1787060476824 36
1787060476919 39
1787060476995 39
1787060477058 39
1787060477157 39
1787060477234 39
1787060477312 40
1787060477390 40
1787060477491 41
1787060477556 38
1787060477666 54
1787060477823 76
1787060477999 78
1787060478533 74
1787060480775 73
1787060483353 58
1787060488981 45
1787060489065 42
1787060490175 41
1787060491624 42
1787060493331 42
1787060493437 41
1787060493518 41
1787060493598 43
1787060493681 42
1787060493762 41
1787060493844 41
1787060493951 41
1787060494494 41
1787060494578 42
1787060494689 45
1787060495217 42
1787060495301 43
1787060495385 44
1787060495474 42
1787060495558 43
1787060495643 43
1787060495728 43
1787060495813 42
1787060495897 43
1787060495981 46
1787060496070 43
1787060496158 44
1787060496245 44
1787060496331 45
1787060496419 43
1787060496505 44
1787060496591 43
1787060496676 45
1787060496766 44
1787060496852 43
1787060496936 42
1787060497021 43
1787060497106 43
1787060497191 44
1787060497277 44
1787060503315 45
1787060503404 42
1787060503489 43
1787060503575 42
1787060503659 43
1787060503744 44
1787060503830 42
1787060503914 45
1787060504001 42
1787060504085 42
1787060520947 45
1787060535634 46
1787060536131 45
1787060536218 45
1787060536306 45
1787060536552 45
1787060609478 47
1787060872145 47
1787060911083 47
1787060949979 48
1787060953319 45
1787062367635 64
1787062380306 66
1787062380666 64
1787062380774 66
1787062380885 63
1787062381445 65
1787062382897 65
1787062383829 64
1787062385624 62
1787062387919 70
1787062390927 65
1787062825807 66
1787062908575 65
1787063914052 65
1787063924303 63
1787063960925 64
