1785801867021 722
1785801867785 864
1785801868684 850
1785801869569 842
1785801870448 830
1785801871315 845
1785801872196 836
1785801873069 756
1785801873862 764
1785801874665 754
1785801875457 761
1785801876257 748
1785801877045 738
1785801877834 747
1785801878622 739
1785801879402 752
1785801880195 748
1785801880985 746
1785801881771 758
1785801882572 765
1785801883380 576
1785801883999 440
1785801887246 158
1785801887438 28
1785801887499 36
1785801887597 34
1785801887666 40
1785801887787 37
1785801887851 53
1785801887935 46
1785801888014 48
1785801888088 51
1785801888165 56
1785801888260 202
1785801888505 66
1785801888615 70
1785801888793 62
1785801888905 63
1785801889193 61
1785801889307 62
1785801889700 57
1785801889903 66
1785801890062 55
1785801890301 57
1785801890627 54
1785801890726 54
1785801890833 63
1785801890948 77
1785801893425 196
1785801893667 59
1785801893770 78
1785801893876 78
1785801894000 83
1785801894135 80
1785801895224 49
1785801895325 51
1785801896177 49
1785801896422 194
1785801902202 194
1785801908608 194
