1785495520091 471520 26
1785495520219 548808 26
1785495520327 605824 25
1785495520583 613028 72
1785495520748 621844 131
1785495521058 644300 49
1785495521225 655100 94
1785495521475 663572 133
1785495521723 687500 48
1785495521983 697036 31
1785495522258 715052 29
1785495522533 724828 86
1785495522894 740112 27
1785495523123 751216 27
1785495523332 758904 29
1785495523960 781004 28
1785495524375 793792 56
1785495524541 806116 28
1785495524678 815304 31
1785495525157 824748 33
1785495525497 837444 41
1785495525688 847604 30
1785495526267 857588 33
1785495526413 867700 31
1785495526547 876860 30
1785495527137 886728 40
1785495527362 907412 34
1785495527653 918016 63
1785495527809 927212 117
1785495528085 945228 38
1785495528464 958556 39
1785495528771 972220 33
1785495529424 998472 29
1785495530098 1005172 35
1785495530619 1022304 31
1785495530760 1059120 34
1785495530916 1092760 39
1785495531086 1128332 38
1785495531249 1156964 32
1785495532598 1166460 36
1785495532743 1208428 35
1785495532923 1236744 39
1785495533307 1319744 114
1785495552623 1479152 40
1785495552813 1805068 45
1785495553025 2767256 44
1785495575858 2828588 55
