# timestamp_ms rss_kb
1790719614001 252988
1790719614293 261224
1790719614614 268420
1790719615144 279488
1790719615528 288824
1790719616436 296144
1790719616547 302804
1790719616653 309760
1790719620409 322244
1790719620510 363204
1790719620705 372168
1790719621015 380472
1790719621585 392788
1790719621686 401496
1790719622227 423124
1790719622806 436100
1790719623172 468148
1790719623523 487952
1790719623628 613852
1790719623832 653352
1790719639644 682816
1790719640758 696524
1790719642028 741932
1790719664412 790612
1790719685262 811500
