1790719614001 55
1790719614293 55
1790719614392 33
1790719614460 31
1790719614614 54
1790719614714 34
1790719614783 32
1790719614851 32
1790719614917 30
1790719614983 32
1790719615144 55
1790719620510 56
1790719621015 59
1790719621121 59
1790719621585 54
1790719621686 57
1790719621794 33
1790719621863 32
1790719621932 31
1790719622000 32
1790719622068 33
1790719622227 56
1790719622333 31
1790719622400 33
1790719622470 34
1790719622540 33
1790719622633 32
1790719622806 59
1790719640346 66
1790719640453 36
1790719640529 37
1790719640606 37
1790719640683 36
1790719640758 38
1790719640853 40
1790719640934 64
1790719641038 35
1790719641139 37
1790719641928 59
1790719642028 61
1790719685262 65
