1785521897915 433364 24
1785521898247 437836 24
1785521898412 452560 23
1785521898660 505468 24
1785521898772 604084 25
1785521899085 612420 25
1785521899222 619444 25
1785521899550 629872 23
1785521899661 642696 26
1785521899806 652268 26
1785521899964 659276 27
1785521900366 672772 26
1785521900493 680960 25
1785521900732 688004 25
1785521900995 702584 24
1785521901175 714088 26
1785521901524 722468 26
1785521901673 735836 27
1785521901841 747216 27
1785521902256 776204 26
1785521902478 785672 27
1785521902866 800640 28
1785521903057 812256 28
1785521903391 823348 27
1785521903539 833216 28
1785521903685 842428 27
1785521903919 851008 28
1785521904206 871544 29
1785521904487 880308 29
1785521904819 903620 30
1785521905214 915344 29
1785521905485 933572 28
1785521905792 943148 29
1785521906128 959352 29
1785521906478 975980 30
1785521906812 988188 30
1785521907009 1000536 29
1785521907662 1003572 30
1785521908236 1042124 28
1785521908369 1073232 29
1785521908502 1102404 29
1785521908638 1130824 28
1785521908771 1156580 29
1785521909408 1158892 30
1785521909534 1195756 31
1785521909698 1241840 31
1785521909869 1297136 32
1785521910168 1324796 30
1785521920066 1448348 33
1785521920216 1743148 33
1785521920373 2241736 34
1785521920649 2317952 34
1785521920808 2804008 35
1785521930321 2848256 35
