# timestamp_ms rss_kb
1785393673910 261528
1785393674233 267660
1785393674392 280012
1785393674831 287396
1785393674931 301612
1785393675033 340072
1785393675143 441712
1785393675259 493780
1785393675378 535192
1785393675491 562156
1785393675610 586624
1785393675731 606032
1785393675855 637032
1785393675971 649972
1785393676191 674172
1785393676309 688280
1785393676431 702448
1785393676656 723244
1785393676782 741400
1785393677076 757476
1785393677281 777604
1785393677409 798872
1785393677545 859968
1785393677686 912424
1785393677828 964100
1785393677967 995504
1785393678108 1022192
1785393678248 1046432
1785393678397 1076396
1785393678543 1103656
1785393678692 1129120
1785393679175 1173516
1785393682894 1200472
1785393683028 1622788
1785393683160 1697988
1785393683296 1913028
1785393684117 2016652
