# timestamp_ms rss_kb
1785449569907 260684
1785449570197 266772
1785449570381 278812
1785449570809 286000
1785449571021 305504
1785449571142 405216
1785449571269 480044
1785449571398 526136
1785449571527 563732
1785449571659 597620
1785449571791 621884
1785449571922 645168
1785449572164 672852
1785449572295 690780
1785449572542 709976
1785449572646 729120
1785449572788 745064
1785449573051 765620
1785449573192 781252
1785449573344 808244
1785449573489 868008
1785449573642 921840
1785449573791 960556
1785449573942 982284
1785449574097 1012276
1785449574252 1046444
1785449574407 1076228
1785449574567 1111288
1785449575006 1138872
1785449575229 1175392
1785449578626 1203856
1785449578759 1471556
1785449578895 1627204
1785449579028 1661432
1785449579163 1853944
1785449579299 2044408
1785449579788 2205156
1785449579929 2381872
1785449580190 2473984
1785449584402 2495788 (true peak, below trigger threshold; snapshot is in peaks/peak.smaps)
