1785449569907 260684 23
1785449570022 263608 23
1785449570197 266772 20
1785449570381 278812 21
1785449570637 281728 22
1785449570809 286000 24
1785449570920 288920 22
1785449571021 305504 23
1785449571142 405216 24
1785449571269 480044 26
1785449571398 526136 25
1785449571527 563732 26
1785449571659 597620 27
1785449571791 621884 25
1785449571922 645168 26
1785449572053 657608 26
1785449572164 672852 24
1785449572295 690780 27
1785449572429 703600 25
1785449572646 729120 29
1785449572788 745064 29
1785449572936 757924 26
1785449573051 765620 25
1785449573192 781252 27
1785449573344 808244 28
1785449573489 868008 28
1785449573642 921840 29
1785449573791 960556 28
1785449573942 982284 28
1785449574097 1012276 29
1785449574252 1046444 30
1785449574407 1076228 29
1785449574567 1111288 29
1785449574886 1132436 31
1785449575112 1148780 31
1785449575229 1175392 28
1785449575542 1192288 28
1785449578626 1203856 30
1785449578759 1471556 30
1785449578895 1627204 30
1785449579028 1661432 31
1785449579163 1853944 32
1785449579299 2044408 30
1785449579788 2205156 29
1785449579929 2381872 31
1785449580072 2413872 29
1785449580190 2473984 26
1785449584402 2495788 33
