1785800044406 59
1785800044515 33
1785800044584 52
1785800044672 28
1785800044738 31
1785800044817 58
1785800044912 34
1785800044981 34
1785800045052 31
1785800045122 31
1785800045189 30
1785800045256 55
1785800045358 31
1785800045451 31
1785800045520 31
1785800045589 33
1785800045661 54
1785800045754 32
1785800045824 32
1785800045911 32
1785800045992 54
1785800046083 33
1785800046155 55
1785800046257 33
1785800046328 33
1785800046399 53
1785800046489 32
1785800046559 30
1785800046628 33
1785800046700 52
1785800046803 35
1785800046876 32
1785800046947 53
1785800047038 33
1785800047110 33
1785800047181 32
1785800047251 62
1785800047367 59
1785800047488 62
1785800047609 65
1785800047735 63
1785800047862 62
1785800047987 62
1785800048111 64
1785800048242 66
1785800048372 65
1785800048501 69
1785800048634 64
1785800048763 64
1785800048871 41
1785800048975 67
1785800049086 65
1785800049216 69
1785800049353 74
1785800049499 71
1785800049641 69
1785800049782 73
1785800049930 73
1785800050075 72
1785800050220 75
1785800050343 70
1785800050489 74
1785800050641 52
1785800050826 65
1785800050939 38
1785800051038 37
1785800051120 38
1785800051202 68
1785800051316 66
1785800051442 37
1785800051522 36
1785800051602 39
1785800051686 65
1785800051795 39
1785800051877 36
1785800051958 68
1785800052087 39
1785800052169 36
1785800052250 68
1785800052361 40
1785800052493 38
1785800052575 68
1785800052687 36
1785800052768 36
1785800052850 38
1785800052933 66
1785800053060 40
1785800053143 67
1785800053284 37
1785800056213 70
1785800056331 69
1785800056470 68
1785800056600 76
1785800056722 76
1785800056866 76
1785800057250 43
1785800057340 76
1785800057485 72
1785800057620 71
1785800057734 75
1785800061894 78
1785800062041 75
1785800062161 40
1785800069100 77
1785800069247 44
1785800069340 39
