1785800044406 253596 23
1785800044584 257264 19
1785800044817 261004 22
1785800045256 265472 21
1785800045661 269136 21
1785800045992 271956 20
1785800046155 281812 22
1785800046399 284716 22
1785800046700 287644 20
1785800046947 290792 22
1785800047251 337508 24
1785800047367 413504 24
1785800047488 509064 25
1785800047609 557816 25
1785800047735 592548 25
1785800047862 624116 25
1785800047987 658900 25
1785800048111 674096 26
1785800048242 699512 27
1785800048372 716128 25
1785800048501 736760 28
1785800048634 762260 25
1785800048763 773376 26
1785800048975 784912 26
1785800049086 799856 25
1785800049216 822108 26
1785800049353 858756 30
1785800049499 908176 28
1785800049641 939308 27
1785800049782 978620 28
1785800049930 999476 28
1785800050075 1031852 27
1785800050220 1049884 29
1785800050343 1077536 26
1785800050489 1115096 29
1785800050826 1135748 29
1785800051202 1152716 31
1785800051316 1176724 28
1785800051686 1189248 29
1785800051958 1203076 29
1785800052250 1219592 30
1785800052575 1239948 30
1785800052933 1253388 30
1785800053143 1267756 30
1785800056213 1275908 33
1785800056331 1494456 32
1785800056470 1699256 30
1785800056600 1721196 34
1785800056722 1856364 33
1785800056866 2061164 34
1785800057340 2219316 34
1785800057485 2432308 30
1785800057620 2467712 29
1785800057734 2520168 33
1785800061894 2604664 35
1785800062041 2650296 33
1785800069100 2722576 37
