1790757422317 59
1790757422428 55
1790757422519 53
1790757422608 32
1790757422689 30
1790757422755 31
1790757422823 51
1790757423221 33
1790757423290 35
1790757423361 58
1790757423455 30
1790757423521 34
1790757423604 32
1790757423673 58
1790757423943 54
1790757424034 31
1790757424102 32
1790757431369 79
1790757431495 81
1790757432507 72
1790757432624 71
1790757432756 69
1790757432869 38
1790757432951 37
1790757433028 41
1790757436792 74
1790757437182 38
1790757437263 73
1790757437379 71
1790757437493 71
1790757437636 71
1790757443104 74
1790757443252 40
1790757443336 39
1790757443478 41
1790757443562 41
1790757443648 37
1790757443883 71
1790757443997 39
1790757444078 46
1790757444168 45
1790757444255 46
1790757444345 45
1790757444435 46
1790757444525 48
1790757444618 76
1790757444739 47
1790757444830 45
1790757444921 47
1790757445012 45
1790757445102 49
1790757445195 44
1790757445282 48
1790757445375 78
1790757450506 86
1790757450638 45
1790757450729 84
1790757450859 43
1790757450975 87
1790757451108 50
1790757451514 92
1790757451651 52
1790757451749 91
1790757451907 94
1790757452047 51
1790757452167 89
1790757452302 49
1790757452396 87
1790757452548 54
1790757452647 85
1790757452777 50
1790757452992 51
1790757453087 51
1790757453181 53
1790757453313 40
1790757453398 39
1790757453484 83
1790757453614 42
1790757453703 41
1790757453790 41
1790757453878 42
1790757453967 40
1790757454052 40
1790757454138 42
1790757454226 41
1790757454313 42
1790757454401 87
1790757454534 45
1790757454626 42
1790757454716 46
1790757454807 43
1790757454895 42
1790757454983 45
1790757455075 42
1790757455162 44
1790757455253 84
1790757455383 45
1790757455505 83
1790757455636 44
1790757455726 84
