1785657866994 438376 25
1785657867098 450860 24
1785657867320 460904 25
1785657867418 484620 23
1785657867518 521088 26
1785657867618 559208 31
1785657867734 606748 48
1785657867946 615800 56
1785657868188 622672 66
1785657868367 639520 29
1785657868509 650508 108
1785657868740 659532 75
1785657869003 677900 28
1785657869231 685288 129
1785657869575 700288 31
1785657869780 712988 49
1785657870097 726804 25
1785657870296 740396 49
1785657870577 751392 78
1785657870878 769364 25
1785657871113 778940 56
1785657871405 787932 99
1785657871591 802108 47
1785657871766 811376 134
1785657872049 828020 29
1785657872201 843412 27
1785657872581 855688 52
1785657872750 872772 69
1785657873105 882268 61
1785657873366 909396 28
1785657873858 942984 27
1785657874207 957400 26
1785657874527 972436 111
1785657874786 988844 43
1785657875063 999772 28
1785657875637 1004500 28
1785657876220 1025332 29
1785657876325 1042664 29
1785657876447 1070916 28
1785657876572 1099860 27
1785657876697 1129048 27
1785657876816 1157592 30
1785657877698 1159772 30
1785657878839 1344844 111
1785657879286 2774456 120
1785657890652 2852852 36
1785657897813 2952296 46
1785657897999 2995628 44
1785657898893 3020724 43
1785657900245 3060836 44
1785657901268 3097700 42
1785657902108 3134564 44
1785657902979 3171448 44
1785657904147 3194068 43
1785657904491 3226836 42
1785657905368 3245328 43
1785657906016 3282260 41
1785657906883 3300764 43
1785657907306 3337632 44
1785657908010 3374548 43
1785657908901 3394304 43
1785657909720 3431316 44
