# timestamp_ms rss_kb
1786576072014 33364
1786576072088 40180
1786576072150 58976
1786576072214 112632
1786576072508 126464
1786576072738 160772
1786576083828 164068
1786576084872 167352
1786576085994 171928
1786576086904 175372
1786576088176 179840
1786576089507 184896
1786576090796 189464
1786576092127 194432
1786576093414 198972
1786576095306 203764
1786576097404 208536
1786576099517 213216
1786576101632 217604
1786576103756 222924
1786576105183 231604
1786576105261 236856
1786576158626 342240
1786576158736 433636
1786576159285 445536
1786576159399 468744
1786576159519 496008
1786576159641 547724
1786576160168 559908
1786576161122 573884
1786576161255 606560
1786576162010 625512
1786576162326 731044
1786576162458 760036
1786576163199 775856
1786576176899 799216
1786576179223 823716
1786576179579 906540
1786576179717 967832
1786576179861 998004
1786576180010 1035308
1786576181143 1057868
1786576186834 1082040
1786576187441 1270844
1786576187796 1310812
1786576188169 1339104
1786576194717 1391124
1786576194890 1435860
1786576195086 1476800
1786576229165 1541016
1786576229361 1579504
1786576243433 1645616
1786576243753 1696788
1786576248823 1752600
1786576249025 1789820
1786576253531 1856352
1786576288196 1907264
1786576302818 1962408
1786576308347 2002320
1786576346748 2043668
1786576366624 2086956
1786576422296 2129992
1786576480634 2172700
1786576548146 2217544
1786576661378 2262076
1786576845750 2307656
1786576848845 2332900 (true peak, below trigger threshold; snapshot is in peaks/peak.smaps)
