1790712878574 57
1790712878685 54
1790712878875 29
1790712878956 58
1790712879144 39
1790712879306 58
1790712879463 56
1790712879581 32
1790712879773 56
1790712879883 62
1790712880005 56
1790712880182 73
1790712880355 38
1790712880479 59
1790712880624 73
1790712880777 32
1790712880988 62
1790712881105 58
1790712881243 57
1790712881386 44
1790712881584 64
1790712881926 66
1790712882115 46
1790712882329 69
1790712882770 64
1790712882972 62
1790712883136 38
1790712883359 62
1790712883603 51
1790712883757 64
1790712883889 63
1790712884105 46
1790712884533 66
1790712884669 42
1790712884832 62
1790712885017 71
1790712885194 42
1790712885357 67
1790712885503 40
1790712885647 66
1790712885755 37
1790712885835 38
1790712885916 38
1790712885996 38
1790712886077 37
1790712886157 38
1790712886237 66
1790712886346 37
1790712886426 39
1790712886506 40
1790712886589 38
1790712886671 36
1790712886750 63
1790712886874 65
1790712887002 65
1790712887129 64
1790712887255 62
1790712887379 64
1790712887608 41
1790712887696 70
1790712887812 71
1790712887930 72
1790712888047 72
1790712888165 70
1790712888280 72
1790712888398 42
1790712888522 69
1790712888670 71
1790712888821 71
1790712888994 53
1790712889141 71
1790712889316 78
1790712889586 71
1790712889730 69
