1785347463160 72
1785347463279 60
1785347463380 59
1785347463481 59
1785347463580 58
1785347463680 56
1785347463778 59
1785347463878 60
1785347463981 60
1785347464083 60
1785347464186 62
1785347464289 57
1785347464387 60
1785347498440 73
1785347498551 34
1785347518827 70
1785347518947 73
1785347519070 71
1785347519192 76
1785347519318 74
1785347519443 76
1785347538599 75
1785347538709 76
1785347538844 79
1785347538973 75
1785347539084 75
1785347539216 72
1785347539325 76
1785347559899 78
1785347560017 80
1785347560135 77
1785347560271 79
1785347560387 74
1785347560517 76
1785347560633 80
1785347560774 37
1785347581524 79
1785347581642 78
1785347581778 81
1785347581897 78
1785347582031 77
1785347582147 75
1785347582281 36
1785347602615 81
1785347602733 80
1785347602870 79
1785347602988 80
1785347603126 83
1785347603245 83
1785347603385 39
1785347624314 88
1785347624442 81
1785347624586 82
1785347624708 84
1785347624853 86
1785347624977 83
1785347625122 85
1785347645253 86
1785347645377 88
1785347645527 90
1785347645655 86
1785347645803 90
1785347645933 83
1785347646080 44
1785347667543 85
1785347667670 82
1785347667792 83
1785347667937 88
1785347668068 37
1785347668171 85
1785347668296 41
1785347688369 95
1785347688527 96
1785347688661 93
1785347688820 95
1785347688954 93
1785347689118 42
1785347709942 99
1785347710089 42
1785347710175 93
1785347710334 90
1785347710466 43
1785347710550 92
1785347710713 46
