# timestamp_ms rss_kb
1785433435821 252680
1785433436216 258008
1785433436598 263744
1785433436793 272924
1785433437061 280056
1785433437328 286764
1785433437408 331460
1785433437494 406796
1785433437584 477272
1785433437674 514236
1785433437764 547640
1785433437855 574544
1785433437946 592272
1785433438040 616256
1785433438133 633500
1785433438294 649080
1785433438455 667132
1785433438548 686656
1785433438716 708792
1785433438807 724284
1785433438912 740168
1785433439094 759844
1785433439282 777296
1785433439380 808720
1785433439484 857908
1785433439592 909828
1785433439702 938012
1785433439811 965860
1785433440008 1007964
1785433440205 1048396
1785433440321 1070972
1785433440534 1101144
1785433440652 1124852
1785433442634 1156732
1785433442786 1192620
1785433442939 1229484
1785433443095 1266348
1785433443243 1303212
1785433443398 1342124
1785433444978 1525668
1785433445136 1564580
1785433445287 1601444
1785433445435 1638308
1785433445582 1675172
1785433445734 1709688
1785433445888 1748600
1785433446036 1785464
1785433446261 1836664
1785433446345 1857144 (true peak, below trigger threshold; snapshot is in peaks/peak.smaps)
