1785433435821 36
1785433435903 35
1785433435969 30
1785433436030 30
1785433436091 32
1785433436153 33
1785433436216 32
1785433436289 32
1785433436352 31
1785433436413 33
1785433436476 30
1785433436537 32
1785433436598 31
1785433436670 34
1785433436793 32
1785433436869 35
1785433436934 33
1785433436997 32
1785433437061 33
1785433437138 32
1785433437202 32
1785433437264 34
1785433437328 35
1785433437408 36
1785433437494 37
1785433437584 38
1785433437674 36
1785433437764 37
1785433437855 40
1785433437946 40
1785433438040 40
1785433438133 37
1785433438222 37
1785433438294 38
1785433438383 37
1785433438455 39
1785433438548 38
1785433438640 39
1785433438716 37
1785433438807 48
1785433438912 41
1785433439009 48
1785433439094 49
1785433439197 50
1785433439282 41
1785433439380 45
1785433439484 44
1785433439592 45
1785433439702 46
1785433439811 45
1785433439921 46
1785433440008 46
1785433440120 46
1785433440205 47
1785433440321 47
1785433440436 59
1785433440534 48
1785433440652 69
1785433442496 39
1785433442567 34
1785433442634 35
1785433442716 38
1785433442786 37
1785433442870 36
1785433442939 36
1785433443023 40
1785433443095 36
1785433443178 33
1785433443243 38
1785433443329 37
1785433443398 39
1785433444901 39
1785433444978 40
1785433445069 35
1785433445136 35
1785433445219 35
1785433445287 34
1785433445367 34
1785433445435 34
1785433445516 33
1785433445582 34
1785433445663 39
1785433445734 39
1785433445819 36
1785433445888 35
1785433445970 33
1785433446036 35
1785433446117 39
1785433446189 39
1785433446261 37
1785433446345 36
