1787069737976 51348 19
1787069738053 104892 12
1787069738125 156892 14
1787069738198 205340 15
1787069738275 230428 15
1787069738352 264000 15
1787069738882 264060 16
1787069744129 264128 14
1787069744300 269052 15
1787069744758 270180 17
1787069744855 330144 17
1787069745083 339784 16
1787069745254 356528 17
1787069745340 370308 16
1787069745604 374384 17
1787069745886 378480 17
1787069746151 382580 17
1787069746429 386676 16
1787069746699 390772 17
1787069746976 394868 17
1787069747244 398964 17
1787069747532 403060 17
1787069747800 407168 18
1787069748059 411264 17
1787069748462 416632 18
1787069748778 421508 18
1787069749181 427656 19
1787069749571 433800 20
1787069749996 439960 18
1787069750272 452744 19
1787069750369 460152 20
1787069750791 466300 18
1787069751197 472444 18
1787069751619 478588 20
1787069752018 484732 20
1787069752463 490876 19
1787069752882 497024 20
1787069753296 503168 20
1787069753724 509312 21
1787069754129 515456 22
1787069754551 521600 20
1787069754979 527744 21
1787069755384 533360 21
1787069755792 539504 22
1787069756219 545648 22
1787069756658 551792 23
1787069757064 557936 22
1787069757507 564080 22
1787069757933 570224 22
1787069758355 576368 23
1787069758767 582512 22
1787069759227 588656 24
1787069759659 594800 23
1787069760087 600944 24
1787069760590 607804 24
1787069761049 613948 30
1787069761473 620092 23
1787069762052 628284 23
1787069762538 634428 24
1787069763095 642620 23
1787069763664 650812 24
1787069764252 659004 25
1787069764824 667196 25
1787069765375 674032 23
1787069765952 682224 26
1787069766569 690416 26
1787069767141 698608 26
1787069767705 706800 26
1787069768282 714992 26
1787069768845 723184 27
1787069769439 731376 25
1787069769954 738180 27
1787069770535 746372 28
1787069771111 752520 27
1787069771597 760708 28
1787069772209 768900 28
1787069772831 777092 29
1787069773411 785284 29
1787069774046 793476 30
1787069774660 801668 28
1787069775328 810508 29
1787069775929 818700 28
1787069776533 826892 29
1787069777132 835084 30
1787069777873 845324 31
1787069778606 855564 30
1787069779235 863756 31
1787069779909 872580 31
1787069780673 882820 31
1787069781406 893060 33
1787069782184 903300 34
1787069782941 913540 31
1787069783695 923784 32
1787069784372 932588 34
1787069785134 942828 34
1787069785877 953068 34
1787069786640 963308 33
1787069787392 973548 33
1787069788069 982344 35
1787069788818 992584 36
1787069789601 1002824 36
1787069790360 1013068 34
1787069791130 1023308 36
1787069791901 1033548 36
1787069792760 1044360 35
1787069793541 1054600 37
1787069794319 1064840 37
1787069795103 1075080 37
1787069795899 1085320 37
1787069796745 1095576 38
1787069797591 1106360 38
1787069798389 1116600 38
1787069799200 1126844 38
1787069800010 1137084 40
1787069800882 1147864 40
1787069801696 1158104 40
1787069802515 1168344 40
1787069803342 1178584 42
1787069804337 1190872 43
1787069805226 1201636 41
1787069806067 1211876 42
1787069807067 1224164 45
1787069808066 1236452 44
1787069808973 1247188 44
1787069809979 1259476 44
1787069810991 1271764 42
1787069812003 1284052 45
1787069812920 1294780 46
1787069813956 1307072 45
1787069814998 1319360 47
1787069816006 1330068 47
1787069817116 1344404 47
1787069818097 1356692 47
1787069819105 1368980 47
1787069820180 1381740 49
1787069821188 1394028 49
1787069822226 1406316 50
1787069823268 1419032 50
1787069824285 1431320 51
1787069825331 1443608 50
1787069826356 1456320 50
1787069827442 1468608 51
1787069828542 1480896 53
1787069829718 1495492 52
1787069830858 1507912 53
1787069831960 1520572 53
1787069833112 1534908 54
1787069834211 1546172 55
1787069835399 1559836 54
1787069836631 1574176 55
1787069837803 1586800 55
1787069838979 1599088 57
1787069840282 1613740 58
1787069841478 1626028 57
1787069842766 1640672 60
1787069844087 1655284 60
1787069845365 1669620 59
1787069846580 1682180 60
1787069847880 1696764 58
1787069849054 1709276 59
1787069850250 1722796 59
1787069851595 1738340 62
1787069852944 1753008 61
1787069854154 1770576 62
1787069854314 1794124 64
1787069856750 1799164 65
1787069860605 1799168 66
1787069882733 1800540 65
1787069883481 1820472 63
1787069885050 1824248 67
1787069886844 1824252 62
1787069888954 1824844 66
1787069889773 1844292 65
1787069890409 1919052 65
1787069890648 1975936 69
1787069891275 2020880 69
1787069891526 2057348 71
1787069892999 2061372 73
1787069894497 2062956 72
1787069895997 2063728 72
1787069900179 2092944 73
1787069918484 2093212 71
1787069933218 2095524 72
1787070213807 2109156 72
1787070248417 2109412 74
1787070283461 2109668 72
1787070321695 2109672 72
1787071737163 2174212 77
1787071750087 2174216 73
1787071752136 2174240 73
1787071755159 2174248 72
1787071758247 2174252 75
1787071760469 2174256 73
1787072208529 2174260 74
1787072285306 2174264 73
1787073341884 2174268 39
