1790709677194 46964 28
1790709677416 49028 24
1790709678354 49384 23
1790709679356 49472 22
1790709679436 57904 21
1790709679523 83520 24
1790709679613 113228 22
1790709679746 114376 23
1790709679828 155868 23
1790709679982 174020 25
1790709680073 177896 25
1790709680824 177920 23
1790709680984 185612 24
1790709681082 192536 25
1790709681179 200632 27
1790709681280 202952 24
1790709681809 203408 25
1790709682061 206736 24
1790709682151 219148 25
1790709682250 221624 26
1790709682474 228684 25
1790709682580 273916 24
1790709682683 329416 28
1790709682791 382892 26
1790709683347 384444 25
1790709684119 402940 23
1790709684223 458324 26
1790709684330 513660 26
1790709684435 540648 27
1790709685016 541024 24
1790709685235 547200 25
1790709685458 554464 26
1790709685760 560164 27
1790709686258 568044 27
1790709686862 568716 26
1790709687044 580384 25
1790709687148 617200 26
1790709687256 659192 26
1790709687361 668700 25
1790709687521 676928 24
1790709687693 704932 26
1790709687895 714920 29
1790709688148 729192 28
1790709688387 737388 26
1790709689469 737404 28
1790709690094 739508 27
1790709693460 743548 31
1790709696806 744120 31
1790709700247 747644 26
1790709703642 749880 28
1790709705699 754164 30
1790709705820 774376 28
1790709705931 797432 30
1790709707175 797480 31
1790709707836 797740 29
1790709708488 816820 32
1790709710674 818384 33
1790709712846 820168 32
1790709715702 822336 29
1790709717905 823980 27
1790709720088 824908 30
1790709722700 838480 30
1790709767959 838560 30
1790709769710 867748 27
1790709769823 947624 31
1790709770227 1007076 30
1790709770346 1068520 29
1790709770465 1125880 29
1790709770933 1156620 31
1790709771192 1176928 34
1790709771300 1295712 33
1790709771421 1357144 34
1790709772179 1361540 31
1790709772895 1364104 30
1790709884277 1437144 31
1790709885002 1438112 30
1790709996311 1448396 32
1790710108198 1453940 31
1790710109020 1453976 31
1790710219213 1457368 31
1790710442425 1476896 34
1790710999861 1493904 33
