# timestamp_ms rss_kb
1790759382066 13106488
1790759382939 14835000
1790759383851 16921912
1790759384753 19031352
1790759385673 21126456
1790759386560 23223608
1790759387485 25324856
1790759388335 27426104
1790759389123 29517112
1790759389953 31616312
1790759390760 33719608
1790759391556 35816760
1790759392346 37911864
1790759393154 40015160
1790759393948 42110264
1790759394755 44215608
1790759395548 46304568
1790759396360 48434488
1790759397140 50519352
1790759397949 52628792
1790759398743 54703416
1790759403784 55870932
1790759418238 56996756
1790759483680 57855844 (true peak, below trigger threshold; snapshot is in peaks/peak.smaps)
