1785493275060 28
1785493275135 32
1785493275211 31
1785493275454 42
1785493275557 37
1785493275638 35
1785493275748 32
1785493275853 42
1785493275943 31
1785493276040 27
1785493276107 35
1785493276274 68
1785493276446 31
1785493276545 42
1785493276688 34
1785493276778 43
1785493276883 50
1785493276982 48
1785493277092 31
1785493277194 36
1785493277293 33
1785493277374 37
1785493277510 51
1785493277628 41
1785493277738 31
1785493277820 40
1785493277896 34
1785493277977 44
1785493278098 39
1785493278244 39
1785493278336 33
1785493278424 33
1785493278523 32
1785493278603 37
1785493278722 47
1785493278829 38
1785493279002 42
1785493279127 35
1785493279280 46
1785493279377 34
1785493279472 38
1785493279544 39
1785493279627 32
1785493279720 37
1785493279818 40
1785493279903 35
1785493279986 54
1785493280123 34
1785493280237 68
1785493280366 44
1785493280487 31
1785493280612 48
1785493280767 36
1785493280883 40
1785493281032 35
1785493281125 44
1785493281204 33
1785493281301 35
1785493281437 50
1785493281540 40
1785493281712 47
1785493281819 38
1785493281942 43
1785493282078 38
1785493282163 42
1785493282308 41
1785493282455 35
1785493282543 41
1785493282623 37
1785493282704 36
1785493282795 35
1785493282867 34
1785493282968 36
1785493283039 36
1785493283111 35
1785493283182 33
1785493283251 35
1785493283323 38
1785493283399 37
1785493283488 34
1785493283576 35
1785493283662 38
1785493283753 37
1785493283843 36
1785493283914 37
1785493284084 39
1785493284164 39
1785493284265 37
1785493284368 40
1785493284592 39
1785493284672 40
1785493284748 56
1785493287815 55
1785493288061 41
1785493288215 46
1785493288336 47
1785493298171 40
