1
3
5
10
16
27
46
87
172
306
555
1048
1585
1920
2738
4327
5357
7578
13768
18353
20444
27359
37032
54524
56998
65709
72247
80828
66245
89716
93543
81854
102750
81708
87299
92830
69322
102384
98835
83865
93429
78634
104383
82218
87299
80624
72650
91340
95856
91902
92615
75010
96227
97068
86160
78189
67439
98850
94531
56211
91181
97814
92231
98833
101061
105975
109320
112828
109830
115474
118625
118758
120739
123639
127173
112151
65084
71230
44156
38601
58857
59206
71882
89389
87459
88758
92569
92619
92703
96793
100025
103440
106384
107333
113040
107062
54378
60759
67396
73780
79843
85583
91225
112832
109357
100488
109854
106545
111209
109635
107761
111788
109710
113318
112967
112653
101950
103490
98275
101329
103121
102645
105247
109256
111817
114811
117494
120538
122626
125176
120053
50924
68867
46523
84695
80396
87793
91328
92387
95852
98327
100904
102637
104379
107978
111288
111278
36286
42778
56756
64700
71882
80717
90004
90390
72465
92637
98252
82362
92006
74021
94605
93846
80234
86321
81880
91230
95467
90997
91002
71807
90066
94058
88177
85011
82475
89079
99471
90547
89558
69136
101203
98077
63154
94459
97191
98162
97867
100295
104009
106772
107629
111789
118387
122832
127912
47869
70592
44311
33157
46165
45165
31367
61290
89305
85156
86986
86526
90985
96008
97337
101166
103633
106955
109312
110573
105552
54916
64265
73019
81341
89405
112670
106855
105855
110502
104310
112158
109249
109393
112390
109800
111460
113137
111731
102719
95290
94423
99685
102825
105191
107805
110929
113905
118132
123225
126136
130274
49057
66305
34690
65903
82179
86699
84951
87758
92269
94041
98416
100124
103312
105404
107623
110403
94325
36439
