1787154056401 253220 23
1787154056513 256132 22
1787154056674 261308 21
1787154056909 263928 20
1787154056998 268756 19
1787154057439 271304 21
1787154057530 275700 24
1787154057834 278504 24
1787154057997 296756 23
1787154058933 299300 24
1787154059033 333812 24
1787154059156 560108 26
1787154059292 806988 29
1787154059492 818216 30
1787154059603 954088 29
1787154059821 967956 30
1787154059936 988532 30
1787154060066 1033976 31
1787154060200 1060216 33
1787154060342 1082860 35
1787154060485 1106100 34
1787154060632 1132364 35
1787154060774 1155376 35
1787154061513 1158600 30
1787154062146 1158676 33
1787154063600 1167948 30
1787154064698 1196244 33
1787154064835 1444948 33
1787154064971 1561684 32
1787154065110 1660480 34
1787154065258 1863232 35
1787154066781 1920260 36
1787154066923 2116868 34
1787154067066 2177816 38
1787154071031 2268696 38
1787154071181 2380108 41
1787154071332 2487632 40
1787154077963 2511888 45
1787154079239 2540992 50
1787154080332 2559768 41
1787154081243 2585468 46
1787154088454 2592444 46
1787154091830 2618620 49
1787154092218 2647728 48
1787154092607 2676892 46
1787154102247 2676896 48
1787154102753 2705944 45
1787154112479 2706108 48
1787154120691 2759624 47
1787154130729 2813852 46
1787154133705 2822316 50
1787154135485 2836868 42
1787154142120 2839812 45
1787154144350 2851424 47
1787154144740 2880528 47
1787154145709 2882308 44
1787154146685 2891784 46
1787154147272 2926620 43
1787154157129 2933528 48
1787154157614 2991744 47
1787154168394 3005928 44
1787154175702 3100984 48
1787154196007 3137220 47
1787154198917 3151100 51
1787154200323 3166396 48
