# timestamp_ms rss_kb
1790712818270 446736
1790712818357 458444
1790712818535 468372
1790712818601 479256
1790712818639 528664
1790712818679 545760
1790712818717 556968
1790712818755 611504
1790712818990 624544
1790712819349 646728
1790712819634 664228
1790712819893 678512
1790712820181 693848
1790712820500 709200
1790712820761 725724
1790712821093 742520
1790712821526 761688
1790712821782 782168
1790712822231 802380
1790712822437 821544
1790712822796 839428
1790712823061 858488
1790712823350 880040
1790712823800 899744
1790712824113 917796
1790712824516 936908
1790712825086 964228
1790712825509 986940
1790712825784 1008724
1790712826913 1032428
1790712827049 1065944
1790712827188 1099224
1790712827329 1132040
1790712827470 1160372
1790712827581 1184244
1790712832365 1256156
1790712832491 1852964
1790712832766 2097752
1790712832907 2732652
1790712845523 2826588
1790712851518 2845976 (true peak, below trigger threshold; snapshot is in peaks/peak.smaps)
