# timestamp_ms rss_kb
1785393768933 182784
1785393769105 580096
1785393769268 991744
1785393769469 1511936
1785393769636 2101760
1785393769796 2314752
1785393769958 2798080
1785393770121 3224064
1785393770288 3637760
1785393770455 4045312
1785393770621 4198912
1785393770787 4628992
1785393770951 5020160
1785393771117 5452288
1785393771284 5902848
1785393771448 6296064
1785393771613 6423040
1785393771779 6965760
1785393771947 7393792
1785393772115 7815680
1785393772284 8219136
1785393772451 8393216
1785393772617 8808960
1785393772784 9241088
1785393772955 9646592
1785393773124 10109440
1785393773292 10490368
1785393773621 11190784
1785393773790 11629056
1785393773960 12059136
1785393774128 12481024
1785393774509 13285888
1785393774680 13695488
1785393774851 14168576
1785393775022 14590464
1785393775244 14893568
1785393775415 15639040
1785393775587 16069120
1785393775759 16499200
1785393776092 17164800
1785393776266 17836544
1785393776439 18270720
1785393776612 18729472
1785393777001 19700224
1785393777174 20210176
1785393777347 20638208
1785393777684 21193216
1785393777856 21918208
1785393778030 22399488
1785393778370 23073280
1785393778710 24154624
1785393779054 25053696
1785393779443 26044928
1785393779657 26597888
1785393780004 27267584
1785393780277 28232192
1785393780623 29133312
1785393781045 30208512
1785393781395 31121920
1785393781744 31816192
1785393781923 32485888
1785393782276 33366528
1785393782729 34550272
1785393783082 35463680
1785393783536 36651520
1785393783890 37554688
1785393784346 38705664
1785393784726 39688704
1785393785183 40860160
1785393785542 41804288
1785393786007 43121152
1785393786372 44069376
1785393786661 45373952
1785393787025 46922240
1785393787382 48556544
1785393787742 50209280
1785393788104 51872256
1785393788467 53537280
1785393790070 54657660
1785393792413 55843444
1785393841341 56230904 (true peak, below trigger threshold; snapshot is in peaks/peak.smaps)
