1786339977075 68
1786339979104 68
1786339979209 71
1786339979333 70
1786339980207 70
1786339980317 47
1786339980644 48
1786339981208 69
1786339981316 48
1786339982196 70
1786339983202 67
1786339983647 69
1786339984907 69
1786339986193 69
1786339991193 70
1786339995124 68
1786339995233 68
1786340005311 76
1786340005426 48
1786340015325 72
1786340015628 47
1786340044311 70
1786340059294 69
1786340059404 71
1786340059528 70
1786340059734 69
1786340059855 70
1786340060026 72
1786340060152 71
1786340060372 74
1786340060503 73
1786340060633 72
1786340060760 74
1786340060891 73
1786340061020 73
1786340061148 72
1786340061275 75
1786340061406 73
1786340061537 73
1786340061666 74
1786340061798 71
1786340061924 76
1786340062056 74
1786340062187 77
1786340062323 74
1786340062454 75
1786340062587 76
1786340062721 75
1786340062840 76
1786340062972 76
1786340063091 75
1786340063224 76
1786340063343 78
1786340063478 76
1786340063708 76
1786340065539 79
1786340065904 51
1786340066017 77
1786340066315 78
1786340066436 51
1786340066724 52
1786340066819 77
1786340066957 77
1786340067177 82
1786340067301 78
1786340067577 52
1786340067672 80
1786340067797 78
1786340067933 81
1786340068183 78
1786340068305 79
1786340068525 50
1786340068619 53
1786340068716 82
1786340068841 81
1786340068983 52
1786340069078 77
1786340069282 80
1786340069507 51
1786340069629 80
1786340069754 50
1786340069948 80
1786340070072 80
1786340070295 84
1786340070424 51
1786340070573 81
1786340070716 51
1786340070811 82
1786340070937 49
1786340071030 83
1786340071172 80
1786340071423 51
1786340071603 51
1786340071754 81
1786340071881 51
1786340071977 81
1786340072118 83
1786340072347 52
1786340072444 82
1786340072683 52
1786340072881 51
1786340072977 83
1786340073235 51
1786340073330 83
1786340073675 50
1786340073771 81
1786340074052 81
1786340074180 81
1786340074411 85
1786340074559 85
1786340074706 81
1786340074852 83
1786340074997 86
1786340075319 84
1786340075449 87
1786340075602 87
1786340075753 85
1786340075901 87
1786340076052 86
1786340076203 87
1786340076352 85
1786340076484 53
1786340076601 88
1786340076753 89
1786340076890 88
1786340077039 86
1786340077170 88
1786340077322 89
1786340077478 91
1786340077615 91
1786340077772 54
1786340077872 53
1786340078266 54
1786340078479 92
1786340078617 53
1786340078714 54
1786340078900 53
1786340079000 54
1786340079103 58
1786340079212 55
1786340079320 94
1786340079463 57
1786340079572 59
1786340079681 55
1786340079789 54
1786340079895 54
1786340080002 58
1786340080141 94
1786340080318 52
1786340080454 55
1786340080654 54
1786340080790 60
1786340080903 56
1786340081011 98
1786340081163 57
1786340081273 57
1786340081386 55
1786340081559 58
1786340081672 54
1786340081969 95
1786340082149 56
1786340082481 55
1786340082717 58
1786340082860 96
1786340083011 54
1786340083116 55
1786340083227 58
1786340083369 55
1786340083479 60
1786340083592 60
1786340083705 93
1786340083854 57
1786340083964 56
1786340084322 56
1786340084494 98
1786340084647 57
1786340084975 56
1786340085115 55
1786340085290 94
1786340085472 54
1786340085709 56
1786340086135 95
1786340086663 58
1786340087222 97
1786340087973 56
1786340088117 95
1786340089369 95
1786340089678 56
1786340090044 55
1786340090755 94
1786340091442 58
1786340091554 96
1786340092023 57
1786340092164 57
1786340092373 94
1786340092521 55
1786340093488 93
1786340094360 96
1786340094984 55
1786340095126 57
1786340095727 94
1786340095873 54
1786340096318 57
1786340096429 56
1786340096630 96
1786340097517 92
1786340097786 56
1786340098109 56
1786340098708 97
1786340099102 57
1786340099336 58
1786340099447 59
1786340100009 95
1786340100157 57
1786340102413 95
1786340102965 57
1786340103452 99
1786340104067 59
1786340104181 58
1786340104787 98
1786340105057 57
1786340105254 56
1786340106231 97
1786340106382 57
1786340106758 57
1786340108592 95
1786340108742 56
1786340108968 56
1786340109205 98
1786340109360 59
1786340109571 59
1786340109717 56
1786340111962 95
1786340115332 97
1786340115881 58
1786340116151 99
1786340116716 55
1786340117020 100
1786340117174 58
1786340117288 99
1786340117508 58
1786340117685 59
1786340117802 59
1786340119294 98
1786340119482 58
1786340119598 56
1786340135132 101
1786340152005 98
1786340153543 100
1786340168853 101
1786340169078 59
1786340303411 99
