1785431461600 12576 13
1785431462525 38552 11
1785431462587 69532 10
1785431462647 71812 11
1785431462706 126928 10
1785431462764 183872 13
1785431462922 188484 10
1785431463030 193092 10
1785431463250 205324 13
1785431463324 239236 12
1785431463400 287004 16
1785431463478 329668 14
1785431463559 340736 14
1785431463874 342880 16
1785431464175 359316 15
1785431466875 367588 18
1785431467350 376980 16
1785431467840 430384 16
1785431470484 431008 18
1785431477648 434196 18
1785431502411 434204 18
1785431526361 434208 18
