# timestamp_ms rss_kb
1785414079228 13482968
1785414079913 14810072
1785414080726 16903128
1785414081526 19002328
1785414082314 21097432
1785414083112 23196632
1785414083901 25295832
1785414084697 27395032
1785414085493 29490136
1785414086310 31591384
1785414087105 33682392
1785414087885 35787736
1785414088679 37882840
1785414089447 39982040
1785414090240 42077144
1785414091042 44178392
1785414091836 46279640
1785414092619 48366552
1785414093399 50478040
1785414094203 52571096
1785414094999 54668248
1785414099703 55777012
1785414110368 56930304
1785414165251 57850832 (true peak, below trigger threshold; snapshot is in peaks/peak.smaps)
