1785414079228 650
1785414079913 779
1785414080726 767
1785414081526 753
1785414082314 765
1785414083112 753
1785414083901 759
1785414084697 760
1785414085493 781
1785414086310 758
1785414087105 743
1785414087885 756
1785414088679 729
1785414089447 754
1785414090240 763
1785414091042 754
1785414091836 743
1785414092619 739
1785414093399 762
1785414094203 754
1785414094999 511
1785414095553 447
1785414098884 27
1785414098942 28
1785414099000 31
1785414099061 28
1785414099120 31
1785414099185 32
1785414099250 29
1785414099311 31
1785414099376 31
1785414099441 31
1785414099505 32
1785414099572 32
1785414099636 31
1785414099703 33
1785414099787 40
1785414099962 37
1785414100069 38
1785414100239 41
1785414100318 36
1785414100389 48
1785414100474 51
1785414100562 54
1785414100650 54
1785414100753 57
1785414100860 58
1785414100953 49
1785414101054 52
1785414101265 59
1785414101480 61
1785414101598 62
1785414101768 49
1785414101976 61
1785414102245 52
1785414102452 60
1785414102564 56
1785414102676 61
1785414102791 60
1785414104592 62
1785414104699 64
1785414104820 63
1785414104944 67
1785414105222 66
1785414105788 53
1785414106022 58
1785414106140 58
1785414106805 62
1785414110368 70
1785414110560 75
1785414110760 72
1785414110898 73
1785414111354 74
1785414111623 73
1785414115697 78
1785414115801 72
1785414115948 73
1785414116217 75
1785414116431 76
1785414116994 75
1785414117276 79
1785414126729 65
1785414126819 65
1785414127081 67
1785414127279 63
1785414127797 61
1785414128107 53
1785414128743 68
1785414128941 66
1785414129327 69
1785414129848 68
1785414133003 57
1785414133433 61
1785414133738 53
1785414133847 55
1785414134401 62
1785414134596 64
1785414135049 67
1785414135500 65
1785414138285 66
1785414138804 67
1785414139063 65
1785414139846 66
1785414143754 63
1785414144342 62
1785414144591 62
1785414145286 61
1785414148959 64
1785414149415 63
1785414149676 64
1785414150270 65
1785414150603 60
1785414164598 55
1785414165251 52
