1785395834652 416752 119
1785395834824 832496 115
1785395834989 1258480 116
1785395835155 1729520 115
1785395835323 2102256 115
1785395835490 2249712 115
1785395835657 2778096 115
1785395835822 3199984 115
1785395835989 3599344 114
1785395836154 4017136 114
1785395836318 4199408 115
1785395836481 4572144 115
1785395836648 4981744 115
1785395836813 5399536 116
1785395836980 5856240 115
1785395837145 6263792 114
1785395837312 6349808 115
1785395837475 6902768 115
1785395837641 7369712 116
1785395837809 7779312 114
1785395837973 8213488 115
1785395838139 8393712 115
1785395838306 8827888 117
1785395838476 9294832 116
1785395838649 9708528 115
1785395838815 10060784 114
1785395838980 10490864 114
1785395839145 10712048 116
1785395839317 11219952 115
1785395839486 11664368 115
1785395839654 12094448 117
1785395839824 12516336 118
1785395840043 12831728 116
1785395840214 13435888 115
1785395840381 13855728 127
1785395840561 14279664 117
1785395840732 14685168 131
1785395840916 14943216 118
1785395841083 15643632 119
1785395841256 16079856 149
1785395841459 16612336 116
1785395841626 16782320 114
1785395841788 17316848 118
1785395841960 17935344 116
1785395842131 18342896 119
1785395842305 18811888 119
1785395842528 19092464 119
1785395842695 19819504 118
1785395842867 20265968 115
1785395843037 20718576 116
1785395843207 20976624 117
1785395843371 21349360 119
1785395843546 22049776 116
1785395843718 22483952 116
1785395843881 22920176 114
1785395844146 23292912 115
1785395844308 23995376 116
1785395844480 24441840 120
1785395844648 24873968 114
1785395844817 25170928 115
1785395845038 25676784 116
1785395845203 26219504 115
1785395845375 26627056 143
1785395845571 27147248 119
1785395845843 27556848 115
1785395846007 28261360 119
1785395846185 28716016 116
1785395846352 29162480 118
1785395846601 29473776 119
1785395846770 30211056 120
1785395846951 30757872 122
1785395847121 31181808 115
1785395847455 31683568 120
1785395847627 32418800 115
1785395847802 32848880 121
1785395847975 33309680 120
1785395848278 33838064 123
1785395848453 34561008 120
1785395848636 35038192 123
1785395848810 35466224 120
1785395849092 35976176 123
1785395849269 36697072 120
1785395849452 37188592 122
1785395849627 37635056 121
1785395849911 38159344 122
1785395850086 38833136 122
1785395850270 39306224 122
1785395850472 39818224 143
1785395850745 40317936 123
1785395850923 41016304 123
1785395851108 41499632 118
1785395851336 41948144 123
1785395851563 42437616 116
1785395851731 43197424 118
1785395851911 44006384 118
1785395852194 44573680 118
1785395852362 45337584 124
1785395852551 46142448 124
1785395852729 46889968 122
1785395852917 47737840 123
1785395853093 48538608 122
1785395853280 49388528 124
1785395853458 50201584 123
1785395853646 51057648 121
1785395853821 51856368 122
1785395854008 52712432 124
1785395854185 53521392 122
1785395854378 54389744 125
1785395856611 54940508 138
1785395861417 55342060 143
1785395864730 55621804 134
1785395870874 55623708 137
1785395936826 55623712 145
