# timestamp_ms rss_kb
1790714447888 262512
1790714448181 270196
1790714448484 278360
1790714449004 284372
1790714449537 298392
1790714450272 311520
1790714450381 382828
1790714450503 468424
1790714450623 494552
1790714450742 530004
1790714450864 566132
1790714450986 592976
1790714451216 618860
1790714451340 637536
1790714451569 651892
1790714451666 673548
1790714451792 694072
1790714452027 725856
1790714452263 751396
1790714452494 778464
1790714452622 805440
1790714452760 870348
1790714452896 916472
1790714453813 935620
1790714454656 967484
1790714455364 1005712
1790714455507 1038504
1790714455650 1071184
1790714455802 1108056
1790714455951 1134612
1790714456513 1175804
1790714456746 1210604
1790714456987 1245936
1790714457225 1275996
1790714460364 1455712
1790714460499 1709664
1790714460737 1840148
1790714460865 2008084
1790714462899 2051572
1790714462942 2175324
1790714462987 2304348
1790714463032 2435420
1790714463134 2506308
1790714463179 2557600
1790714467279 2670816
1790714474908 2735728
1790714475269 2807408
1790714475621 2877040
1790714475940 2948720
1790714477681 3008216
1790714478247 3012068 (true peak, below trigger threshold; snapshot is in peaks/peak.smaps)
