1785369634830 261500 20
1785369635121 265068 20
1785369635273 267868 19
1785369635466 276660 19
1785369635563 280484 19
1785369635844 284376 20
1785369635990 288052 20
1785369636074 298168 27
1785369636186 385200 24
1785369636297 457892 24
1785369636408 485048 28
1785369636524 522716 27
1785369636637 540824 26
1785369636757 573732 26
1785369636876 586972 26
1785369636995 614576 24
1785369637113 634372 24
1785369637232 660224 26
1785369637352 671696 28
1785369637457 687044 26
1785369637579 703704 27
1785369637703 724824 27
1785369637828 738064 27
1785369637933 749996 25
1785369638133 762832 24
1785369638235 776536 27
1785369638368 832196 30
1785369638506 877412 28
1785369638636 907768 30
1785369638770 940356 30
1785369638906 968964 28
1785369639045 997568 30
1785369639187 1025272 30
1785369639332 1054992 28
1785369639469 1080636 27
1785369639613 1120852 29
1785369639969 1136232 32
1785369640173 1154408 27
1785369640275 1190364 27
1785369640396 1209568 31
1785369640598 1224928 254
1785369640929 1268892 31
1785369643991 1277808 34
1785369644100 1442524 33
1785369644226 1702620 32
1785369644355 1724560 31
1785369644470 1882256 34
1785369644613 2076816 34
1785369645016 2103676 32
1785369645129 2232700 31
1785369645263 2425212 33
1785369645399 2468808 33
1785369645511 2517192 31
1785369649783 2538692 37
1785369649908 2656004 37
