# timestamp_ms rss_kb
1785803201312 250900
1785803201574 256540
1785803202184 262772
1785803202594 277240
1785803203007 284684
1785803203277 295720
1785803203392 371624
1785803203516 462968
1785803203639 480792
1785803203765 518532
1785803203890 542036
1785803204016 578760
1785803204258 594384
1785803204386 614144
1785803204515 633928
1785803204645 646984
1785803204782 667744
1785803204911 686768
1785803205050 702768
1785803205184 720348
1785803205315 738840
1785803205562 756492
1785803205673 773984
1785803205819 816428
1785803205968 883316
1785803206116 922196
1785803206264 963488
1785803206413 996756
1785803206564 1023532
1785803206847 1062380
1785803207130 1098540
1785803207289 1122692
1785803207770 1146200
1785803207886 1178256
1785803211382 1279812
1785803211519 1599300
1785803211766 1672440
1785803211906 1869048
1785803212044 1950512
1785803212407 2007788
1785803212537 2200300
1785803212667 2378476
1785803212887 2445364
1785803216890 2468844 (true peak, below trigger threshold; snapshot is in peaks/peak.smaps)
