# timestamp_ms rss_kb
1790708796251 5728
1790708797211 15408
1790708797306 53544
1790708797404 91992
1790708797504 131488
1790708797605 168416
1790708797706 205868
1790708797806 244320
1790708797909 283232
1790708798010 322292
1790708798112 362788
1790708798214 400252
1790708798314 437172
1790708798416 477668
1790708798517 517168
1790708798623 557492
1790708798730 597196
1790708798835 637688
1790708798943 679240
1790708799052 696484
1790708799164 724132
1790708800732 741232
1790708800933 756260
1790708801173 780720
1790708801283 803324
1790708801396 825228
1790708801511 847028
1790708801627 870072
1790708805294 905736
1790708805415 930764
1790708824653 949676
1790708874746 961912 (true peak, below trigger threshold; snapshot is in peaks/peak.smaps)
