1790708797211 55
1790708797306 60
1790708797404 61
1790708797504 64
1790708797605 61
1790708797706 60
1790708797806 63
1790708797909 62
1790708798010 63
1790708798112 64
1790708798214 64
1790708798314 64
1790708798416 62
1790708798517 66
1790708798623 67
1790708798730 65
1790708798835 67
1790708798943 66
1790708799164 67
1790708800281 71
1790708801511 72
1790708801627 69
1790708805190 70
1790708805294 74
1790708805415 75
1790708805541 73
1790708805709 34
1790708812195 69
1790708818368 74
1790708824653 76
1790708830727 72
1790708837308 72
1790708843560 69
1790708849627 70
1790708855948 70
1790708862267 72
1790708868512 71
1790708874746 67
