# timestamp_ms rss_kb
1790761134364 260800
1790761134546 266060
1790761134833 271748
1790761134939 277196
1790761135418 283780
1790761135545 289540
1790761135985 310980
1790761140847 326096
1790761140908 338388
1790761140947 367060
1790761141197 376156
1790761141534 384444
1790761142016 392436
1790761142586 413760
1790761143281 428344
1790761143371 454736
1790761143750 468884
1790761144125 499580
1790761144185 566192
1790761144224 592716
1790761144463 624512
1790761144500 655768
1790761146308 710264
1790761146403 781912
1790761146898 798684
1790761147487 817848
1790761147985 839496
1790761221341 869652
1790761221388 894228
1790761223007 912456
1790761223305 914480 (true peak, below trigger threshold; snapshot is in peaks/peak.smaps)
