1790761134365 260908 25
1790761134479 265892 24
1790761134574 269420 23
1790761134929 277164 23
1790761135968 309196 21
1790761136951 311068 21
1790761141107 373092 26
1790761141202 376976 23
1790761141517 384404 23
1790761142976 421096 22
1790761143275 425332 25
1790761143375 458228 24
1790761144011 467916 22
1790761144106 489340 23
1790761144204 586572 23
1790761144396 595840 24
1790761146294 667256 26
1790761146431 787032 23
1790761146910 798812 24
1790761147425 811656 22
1790761147806 820668 25
1790761147973 839456 24
1790761221341 884752 27
1790761221447 899672 24
1790761221994 901836 25
1790761222535 906124 23
1790761223014 912624 25
