1785426154657 42
1785426155632 35
1785426155701 34
1785426155770 33
1785426155837 39
1785426156006 23
1785426156083 36
1785426156177 24
1785426156299 39
1785426156380 42
1785426156461 45
1785426156554 48
1785426156651 49
1785426156995 48
1785426157329 49
1785426157427 49
1785426157575 31
1785426157780 41
1785426158083 31
1785426158265 48
1785426158348 31
1785426158415 31
1785426158480 32
1785426158543 26
1785426158629 47
1785426158722 28
1785426158785 30
1785426158878 31
1785426158944 31
1785426160274 50
1785426160360 32
1785426160428 47
1785426160837 51
1785426161181 32
1785426161278 46
1785426161516 30
1785426161731 47
1785426162156 50
1785426162401 31
1785426162584 50
1785426162729 42
1785426163192 46
1785426163505 32
1785426163573 47
1785426163882 34
1785426164570 50
1785426171225 49
1785426193549 50
1785426229111 49
