1785426154657 12420 14
1785426155632 28204 11
1785426155701 92436 11
1785426155770 134872 10
1785426155837 189092 13
1785426156083 195228 12
1785426156299 211596 12
1785426156380 273532 14
1785426156461 311224 16
1785426156554 329508 16
1785426156651 340708 15
1785426156995 342756 16
1785426157329 350972 17
1785426157427 359568 16
1785426157780 363664 14
1785426158265 365772 14
1785426158629 366780 15
1785426160274 371020 16
1785426160428 376676 15
1785426160837 378980 17
1785426161278 432484 14
1785426161731 438628 16
1785426162156 442724 17
1785426162584 448868 17
1785426162729 455012 16
1785426163192 459108 17
1785426163573 463204 16
1785426164570 469348 18
1785426171225 470096 19
1785426193549 470100 18
1785426229111 470104 18
