1790749490053 28252 28
1790749490176 28584 21
1790749490245 47740 20
1790749491222 47784 25
1790749491294 48968 22
1790749492176 49064 23
1790749492246 58032 22
1790749492324 99676 23
1790749492429 131808 22
1790749492528 149840 21
1790749492603 178632 24
1790749493225 178644 19
1790749493521 185944 23
1790749493603 190540 26
1790749493688 198328 24
1790749493773 200560 22
1790749494265 202260 26
1790749494345 237332 26
1790749494438 264100 24
1790749494528 272636 25
1790749494619 276820 26
1790749494699 280964 25
1790749494790 287276 25
1790749494882 291804 27
1790749494965 298028 25
1790749495058 304192 29
1790749495157 308412 27
1790749495240 314788 26
1790749495390 321088 26
1790749495536 331424 27
1790749495685 337728 29
1790749495837 348068 31
1790749495934 352204 28
1790749496022 356304 29
1790749496120 364576 29
1790749496215 368724 30
1790749496304 372840 29
1790749496399 377128 31
1790749496485 381240 30
1790749496579 385396 31
1790749496666 389496 28
1790749496761 397780 28
1790749496855 401944 28
1790749496940 406048 30
1790749497039 412396 33
1790749497194 418656 32
1790749497344 426972 33
1790749497490 437376 31
1790749497643 445884 32
1790749497796 456328 32
1790749497950 469268 34
1790749498096 475524 32
1790749498197 484488 35
1790749498353 490776 36
1790749498444 498464 33
1790749498547 507280 34
1790749498693 515596 34
1790749498855 526528 39
1790749498971 757356 56
1790749499140 772068 90
1790749499444 811856 154
1790749499928 831148 123
1790749500430 3121312 124
1790749500932 3321752 121
1790749503473 3485088 94
1790749504388 3523668 98
1790749505222 3631168 89
1790749505651 3708668 110
1790749508081 3721532 95
1790749509476 4040184 103
1790749509898 4224508 95
1790749511233 4868212 102
1790749513303 4881492 94
1790749515209 4885696 98
1790749517313 4889288 102
1790749519566 4890648 99
1790749521678 4892416 97
1790749523703 4893548 96
1790749525864 4895600 99
1790749528130 4896292 103
1790749531074 4898492 97
1790749533492 4901676 93
1790749536631 4906476 94
1790749538087 4991308 113
1790749538540 5635176 121
1790749539026 6310740 93
1790749541115 6336692 106
1790749543834 6344940 101
1790749546567 6394248 98
1790749550058 6394940 93
1790749552036 6395144 108
1790749554486 6395400 97
1790749557253 6395412 97
1790749559288 6402816 95
1790749561793 6402820 108
1790749564129 6402848 96
1790749566541 6402956 96
1790749568548 6403028 94
1790749573587 6403308 98
1790749575554 6454328 99
1790749579622 6454580 96
1790749583386 6454772 99
1790749586903 6461788 103
1790749589103 6461836 93
1790749595044 6468484 110
1790749599031 6468984 106
1790749602141 6469464 100
1790749605756 6469784 95
1790749607850 6518052 117
1790749610833 6536880 96
1790749615544 6537732 98
1790749619044 6537796 109
1790749623139 6538000 114
1790749626411 6538428 101
1790749631655 6538732 109
1790749634838 6538784 102
1790749721777 6566888 99
1790749723954 6583952 112
1790749729147 6584448 100
1790749732008 6584476 100
1790749736084 6584508 109
1790749738316 6584524 101
1790749749095 6584572 101
1790749752340 6584620 100
1790749754972 6596140 112
1790749759935 6596220 114
1790749763950 6596276 109
1790749782598 6596280 111
1790749791187 6597180 107
1790749793807 6597268 111
1790749810333 6597272 109
1790749822548 6598152 110
1790749825377 6598204 106
1790749840611 6605652 119
1790749845874 6607156 101
1790749849592 6607548 101
1790749860427 6607912 109
1790749869348 6607964 104
