1790718894330 253468 25
1790718894535 259192 21
1790718894861 264528 22
1790718895346 273240 20
1790718895895 287200 22
1790718896895 293064 23
1790718896990 298428 21
1790718897100 305384 22
1790718899979 308108 26
1790718900809 327120 24
1790718900917 368080 24
1790718901028 372808 24
1790718901192 377372 22
1790718903591 467616 28
1790718903695 472644 24
1790718904044 518864 23
1790718904155 640668 24
1790718904349 651980 23
1790718905973 889512 25
1790718906086 912040 22
1790718907052 936980 25
1790718907615 958228 27
1790718909886 982056 25
1790718909986 1000488 24
1790718910085 1016872 25
1790718910198 1041448 23
1790718910308 1066024 24
1790718910422 1090600 22
1790718910534 1115276 24
1790718910642 1137804 24
1790718910752 1162380 24
1790718910862 1186956 23
1790718910971 1209488 24
1790718911083 1234064 25
1790718911183 1252496 27
1790718911302 1266832 27
1790718911870 1268324 24
1790718912392 1271116 26
1790718912993 1278400 22
1790718913316 1357116 27
