# timestamp_ms rss_kb
1785800559271 224576
1785800559435 679232
1785800559596 1088832
1785800559757 1502528
1785800559921 2102592
1785800560083 2239808
1785800560276 2803008
1785800560437 3226944
1785800560600 3634496
1785800560760 4048192
1785800560925 4199744
1785800561087 4574528
1785800561248 4992320
1785800561444 5496128
1785800561606 5913920
1785800561769 6296896
1785800561971 6464832
1785800562132 6968640
1785800562293 7396672
1785800562478 7863616
1785800562637 8289600
1785800562956 8856896
1785800563117 9284928
1785800563281 9702720
1785800563449 10134848
1785800563617 10491200
1785800563786 10724672
1785800563947 11201856
1785800564111 11625792
1785800564275 12012864
1785800564439 12457280
1785800564766 13135168
1785800564930 13610304
1785800565093 14036288
1785800565257 14460224
1785800565608 15187264
1785800565777 15828288
1785800565947 16264512
1785800566112 16686400
1785800566488 17603904
1785800566659 18103616
1785800566847 18588992
1785800567167 19117376
1785800567333 19821888
1785800567506 20278592
1785800567677 20723008
1785800568001 21327168
1785800568166 22007104
1785800568494 22854976
1785800568901 23856448
1785800569073 24384832
1785800569399 25171264
1785800569776 26219840
1785800570103 27061568
1785800570552 28224832
1785800570898 29140288
1785800571347 30311744
1785800571678 31159616
1785800572104 32216384
1785800572467 33232192
1785800572905 34286912
1785800573235 35261760
1785800573619 36011328
1785800573839 36857152
1785800574170 37723456
1785800574614 38837568
1785800574966 39755072
1785800575399 40897856
1785800575733 41760064
1785800576216 43109696
1785800576553 44045632
1785800576826 45206848
1785800577172 46648640
1785800577536 48319808
1785800577886 49939776
1785800578231 51526976
1785800578584 53165376
1785800578947 54434996
1785800582408 55556528
1785800626564 56233208 (true peak, below trigger threshold; snapshot is in peaks/peak.smaps)
