1785394611040 791
1785394611870 865
1785394612776 855
1785394613673 862
1785394614575 855
1785394615472 863
1785394616374 830
1785394617245 790
1785394618074 772
1785394618886 769
1785394619698 808
1785394620551 759
1785394621350 809
1785394622203 814
1785394623058 769
1785394623872 756
1785394624676 772
1785394625494 770
1785394626309 773
1785394627129 771
1785394627946 571
1785394628565 436
1785394631828 160
1785394632026 30
1785394632092 30
1785394632158 28
1785394632222 30
1785394632291 29
1785394632357 28
1785394632422 29
1785394632490 28
1785394632553 32
1785394632623 160
1785394632822 29
1785394632889 30
1785394632958 39
1785394633153 38
1785394633230 36
1785394633406 44
1785394633493 46
1785394633568 48
1785394633662 55
1785394633766 51
1785394633868 200
1785394634106 62
1785394634222 67
1785394634344 66
1785394634469 74
1785394634652 68
1785394634823 51
1785394635227 69
1785394635510 67
1785394635785 69
1785394636065 56
1785394636177 56
1785394636291 68
1785394636418 71
1785394638540 213
1785394638813 80
1785394638955 79
1785394639082 82
1785394639398 82
1785394639544 80
1785394640271 60
1785394640508 55
1785394640619 48
1785394640733 51
1785394647646 195
1785394682651 206
