# timestamp_ms rss_kb
1786340323393 225992
1786340325591 235072
1786340325685 242192
1786340406613 270828
1786340407632 293780
1786340407735 310512
1786340407836 329064
1786340407940 348592
1786340408042 358832
1786340408146 369072
1786340408253 389552
1786340408360 399792
1786340408467 424576
1786340408574 437876
1786340408676 448116
1786340408785 468596
1786340408892 479028
1786340408999 499508
1786340409106 509748
1786340409212 519988
1786340409324 539540
1786340409433 550708
1786340409633 581428
1786340409743 601908
1786340409971 622388
1786340410082 653592
1786340410289 681936
1786340410398 753960
1786340410507 878888
1786340410620 1032616
1786340410729 1122408
1786340414039 1153060
1786340414497 1179964
1786340414710 1249124
1786340415153 1280392
1786340415265 1313848
1786340415547 1360220
1786340416197 1392720
1786340416394 1421668
1786340416733 1502960
1786340417357 1545312
1786340417686 1582188
1786340418462 1618316
1786340418548 1658156
1786340419071 1696904
1786340419585 1735824
1786340419917 1772696
1786340420370 1816740
1786340420881 1879872
1786340421320 1918792
1786340422026 1987772
1786340422489 2029200
1786340422576 2159976
1786340422697 2317732
1786340422821 2638620
1786340423374 2714040
1786340423634 2793928
1786340423760 2855376
1786340423999 2953860
1786340424128 3042312
1786340424363 3139412
1786340424564 3263512
1786340424806 3345120
1786340425051 3484716
1786340425295 3638236
1786340425425 3739624
1786340465048 3815992
1786340472703 3893180
1786340491078 3971768
1786340593597 3988456 (true peak, below trigger threshold; snapshot is in peaks/peak.smaps)
