1786340323390 226716 21
1786340325439 227204 18
1786340325574 235712 20
1786340325668 242664 21
1786340326555 242732 21
1786340327051 242748 22
1786340328056 243012 20
1786340330555 243016 19
1786340331065 243032 20
1786340331552 243040 21
1786340332065 243060 21
1786340352558 243064 21
1786340373563 243068 22
1786340406462 245936 22
1786340406549 248748 23
1786340406651 256936 22
1786340407084 259888 26
1786340407175 293644 24
1786340407278 312844 25
1786340407385 324748 29
1786340407619 340060 24
1786340407722 354204 25
1786340407828 368436 26
1786340407936 386028 23
1786340408041 393656 25
1786340408133 422376 25
1786340408243 440760 26
1786340408420 453096 24
1786340408525 463336 26
1786340408634 486072 24
1786340408742 496312 27
1786340408851 514488 26
1786340408960 527748 27
1786340409165 537988 24
1786340409258 548228 27
1786340409369 571980 26
1786340409477 582220 27
1786340409573 592460 25
1786340409682 602700 26
1786340409779 612940 24
1786340409888 633420 25
1786340409996 643660 29
1786340410095 653900 27
1786340410209 674380 25
1786340410323 807880 26
1786340410437 959432 28
1786340410600 1018632 26
1786340410710 1116936 27
1786340413662 1129188 28
1786340413835 1142552 28
1786340414015 1160984 27
1786340414253 1216080 27
1786340414504 1230628 29
1786340414602 1258104 28
1786340414871 1271592 26
1786340415036 1302448 29
1786340415152 1330444 28
1786340415646 1363776 30
1786340415861 1382208 29
1786340416030 1408840 28
1786340416590 1447224 29
1786340416734 1465124 30
1786340416834 1483556 26
1786340417171 1534760 29
1786340417485 1561392 28
1786340417585 1590768 28
1786340418160 1594176 30
1786340418264 1635136 31
1786340418552 1666932 31
1786340418863 1686348 29
1786340419034 1704784 30
1786340419224 1725268 29
1786340419328 1755988 29
1786340419797 1783068 30
1786340420046 1806228 31
1786340420221 1824660 27
1786340420387 1866600 29
1786340420692 1903476 30
1786340421179 1926012 32
1786340421443 1978284 30
1786340421985 2018616 29
1786340422109 2193152 31
1786340422234 2295232 29
1786340422355 2401080 31
1786340422475 2507576 33
1786340422597 2646840 33
1786340422973 2732556 31
1786340423098 2777844 32
1786340423204 2810616 32
1786340423323 2854236 34
1786340423431 2910756 32
1786340423556 2946952 32
1786340423662 3002852 33
1786340423785 3051416 33
1786340423970 3153832 32
1786340424093 3223644 35
1786340424219 3260708 35
1786340424402 3383240 33
1786340424600 3469264 35
1786340424807 3512432 35
1786340424917 3592312 35
1786340425048 3666044 34
1786340425177 3737592 36
1786340459935 3748256 39
1786340461360 3752928 38
1786340463920 3754856 38
1786340464529 3792920 38
1786340471373 3837232 41
1786340472228 3846492 40
1786340472702 3898724 40
1786340473293 3954476 44
1786340492390 3961380 43
1786340507968 3976996 38
1786340525081 3984760 43
