# timestamp_ms rss_kb
1785357661206 24552
1785357661310 35436
1785357661435 39848
1785357661796 40740
1785357662022 46988
1785357662127 56492
1785357662229 64816
1785357662699 91092
1785357662805 94116
1785357662909 100456
1785357663075 108652
1785357663177 117780
1785357663283 127092
1785357663384 136352
1785357663483 143332
1785357663991 152164
1785357664098 176440
1785357664199 203940
1785357664302 231068
1785357664403 257900
1785357664516 285448
1785357664622 312728
1785357664733 327808
1785357664848 337784
1785357664958 348380
1785357665068 361184
1785357665181 373752
1785357665297 386612
1785357675942 403976
1785357676065 432248
1785357676394 460264
1785357676513 488476
1785357676636 512872
1785357676760 527444
1785357715176 538128
1785357734748 553424
1785357771310 570736
1785357807549 587936
1785357847344 601484
1785357866727 613832
1785357885187 622488 (true peak, below trigger threshold; snapshot is in peaks/peak.smaps)
