1785357661206 62
1785357661310 58
1785357661435 62
1785357661796 56
1785357662022 61
1785357662127 58
1785357662229 62
1785357662336 28
1785357662636 27
1785357662699 62
1785357662805 60
1785357662909 59
1785357663011 28
1785357663075 59
1785357663177 64
1785357663283 58
1785357663384 55
1785357663483 55
1785357663583 28
1785357663991 61
1785357664098 56
1785357664199 60
1785357664302 58
1785357664403 67
1785357664516 60
1785357664622 63
1785357664733 66
1785357664848 63
1785357664958 64
1785357665068 67
1785357665181 67
1785357665297 69
1785357665412 70
1785357675942 70
1785357676065 277
1785357676394 68
1785357676513 72
1785357676636 74
1785357676760 69
1785357695969 71
1785357696079 29
1785357696239 71
1785357715176 75
1785357715309 70
1785357734636 74
1785357734748 68
1785357753027 74
1785357771198 71
1785357771310 76
1785357789290 75
1785357789409 35
1785357807433 72
1785357807549 67
1785357826870 74
1785357826989 34
1785357827099 71
1785357847224 71
1785357847344 35
1785357847475 69
1785357866605 77
1785357866727 70
1785357885067 72
1785357885187 33
