1785357661206 24552 34
1785357661310 35436 33
1785357661435 39848 33
1785357661796 40740 33
1785357662022 46988 32
1785357662127 56492 31
1785357662229 64816 34
1785357662699 91092 34
1785357662805 94116 32
1785357662909 100456 31
1785357663075 108652 31
1785357663177 117780 34
1785357663283 127092 34
1785357663384 136352 29
1785357663483 143332 31
1785357663991 152164 33
1785357664098 176440 31
1785357664199 203940 31
1785357664302 231068 31
1785357664403 257900 36
1785357664516 285448 32
1785357664622 312728 33
1785357664733 327808 35
1785357664848 337784 34
1785357664958 348380 32
1785357665068 361184 37
1785357665181 373752 34
1785357665297 386612 37
1785357665412 390512 35
1785357675942 403976 35
1785357676065 432248 246
1785357676394 460264 33
1785357676513 488476 36
1785357676636 512872 37
1785357676760 527444 36
1785357695969 527700 39
1785357696239 536116 37
1785357715176 538128 41
1785357715309 544788 37
1785357734636 545192 38
1785357734748 553424 34
1785357753027 562040 38
1785357771198 563528 35
1785357771310 570736 40
1785357789290 573568 40
1785357807433 581132 36
1785357807549 587936 34
1785357826870 589048 40
1785357827099 596580 35
1785357847224 597708 37
1785357847475 605196 37
1785357866605 607068 39
1785357866727 613832 33
1785357885067 620560 38
