1790739411848 65
1790739411948 41
1790739412021 42
1790739412098 43
1790739412176 42
1790739412251 41
1790739412324 39
1790739412434 42
1790739412503 41
1790739412577 20
1790739412623 21
1790739412671 40
1790739412737 41
1790739412810 39
1790739412875 41
1790739412949 21
1790739412997 39
1790739413063 41
1790739413136 43
1790739413212 21
1790739413260 41
1790739413328 21
1790739413383 41
1790739413457 45
1790739413546 47
1790739413635 46
1790739413716 42
1790739413786 42
1790739413867 46
1790739413955 47
1790739414030 57
1790739414127 49
1790739414217 50
1790739414313 50
1790739414392 49
1790739414481 53
1790739414582 54
1790739414684 51
1790739414767 51
1790739414864 56
1790739414975 59
1790739415088 56
1790739415191 58
1790739415306 63
1790739415427 62
1790739415542 65
1790739415672 66
1790739415795 64
1790739415920 72
1790739416061 71
1790739416169 68
1790739416303 73
1790739416440 75
1790739416582 73
1790739416724 79
1790739416880 77
1790739416997 77
1790739417154 82
1790739417311 82
1790739417478 85
1790739417640 86
1790739417796 91
1790739417972 87
1790739418150 93
1790739418331 94
1790739418521 95
1790739418661 96
1790739418855 98
1790739419048 101
1790739419249 63
1790739419359 100
1790739419507 63
1790739419619 64
1790739419734 101
1790739421459 102
1790739421647 104
1790739421836 105
1790739422025 103
1790739422231 102
1790739422381 65
1790739422498 65
1790739422614 64
1790739422775 105
1790739422931 66
1790739423108 110
1790739423268 65
1790739423441 113
1790739423667 69
1790739423790 111
1790739423953 118
1790739424190 120
1790739424364 72
1790739424490 119
1790739424731 122
1790739424973 123
1790739425153 126
1790739425411 128
1790739425597 81
1790739425811 133
1790739426076 132
1790739426270 133
1790739426515 138
1790739426759 137
1790739427002 140
1790739427275 138
1790739427477 143
1790739427766 91
1790739427920 145
1790739428133 95
1790739428376 146
1790739428588 151
1790739428896 98
1790739429061 157
1790739429379 156
1790739429603 101
1790739429868 160
1790739430097 104
1790739430371 164
1790739430607 107
1790739430888 171
1790739431130 110
1790739431420 173
1790739431723 176
1790739432032 175
1790739432385 182
1790739432644 117
1790739432947 183
1790739433211 120
1790739433520 190
1790739433794 122
1790739434112 196
1790739434508 197
1790739434789 130
1790739435126 205
1790739435421 134
1790739435765 210
1790739436062 133
1790739436412 212
1790739436782 215
1790739437219 218
1790739437527 144
1790739437894 220
1790739438207 141
1790739438577 232
1790739438903 151
1790739439292 236
1790739439625 154
1790739440026 236
1790739440362 153
1790739440767 245
1790739441115 155
1790739441452 254
1790739441808 253
1790739442247 250
1790739442601 166
1790739443033 260
1790739443400 265
1790739443937 267
1790739444315 178
1790739444777 278
1790739445166 186
1790739445645 284
1790739446045 190
1790739446445 291
1790739446853 193
1790739447258 297
1790739447584 200
1790739448093 300
1790739448515 203
1790739449032 310
1790739449467 204
1790739450000 321
1790739450450 209
1790739450995 327
1790739451454 216
1790739451906 331
1790739452370 220
1790739452834 336
1790739453303 225
1790739453885 344
1790739454366 234
1790739454969 355
1790739455464 234
1790739456073 369
1790739456582 245
1790739457208 365
1790739457715 243
1790739458101 247
1790739458490 240
1790739458869 249
1790739459259 251
1790739459650 375
1790739460403 253
1790739460798 251
1790739461194 255
1790739461591 253
1790739461985 379
1790739462505 253
1790739462901 249
1790739463291 242
1790739463670 247
1790739464058 254
1790739464454 253
1790739464850 378
1790739465367 249
1790739465756 249
1790739466146 255
1790739466541 250
1790739467170 256
1790739467569 379
1790739468088 251
1790739468482 250
1790739468882 249
1790739469273 254
1790739469668 247
1790739470054 380
1790739470578 247
1790739470968 253
1790739471365 255
1790739471761 248
1790739472152 252
1790739472545 256
1790739472940 380
1790739473465 255
1790739473862 247
1790739474250 251
1790739474874 251
1790739475266 249
1790739475659 381
1790739476184 250
1790739476577 254
1790739476972 249
1790739477365 253
1790739477758 255
1790739478153 248
1790739478542 378
1790739479063 253
1790739479460 255
1790739479859 246
1790739480248 249
1790739480637 250
1790739481029 257
1790739481430 375
1790739482178 252
1790739482574 252
1790739482968 249
1790739483361 252
1790739483757 246
1790739484145 377
1790739484665 250
1790739485059 253
1790739485453 247
1790739485842 253
1790739486245 256
1790739486645 383
1790739487167 252
1790739487561 248
1790739487952 252
1790739488347 257
1790739488748 248
1790739489136 252
1790739489769 380
1790739490293 249
1790739490685 254
1790739491081 256
1790739491477 251
1790739491871 254
1790739492265 249
1790739492656 384
1790739493182 255
1790739493578 251
1790739493973 246
1790739494362 254
1790739494757 257
1790739495152 250
1790739495544 381
1790739496066 251
1790739496458 252
1790739497086 248
1790739497477 255
1790739497872 254
1790739498270 375
1790739498787 249
1790739499181 252
1790739499576 255
1790739499971 251
1790739500365 253
1790739500761 253
1790739501159 376
1790739501676 251
1790739502067 247
1790739502455 246
1790739502843 256
1790739503242 244
1790739503630 254
1790739504024 383
1790739504551 251
1790739505186 257
1790739505585 246
1790739505975 256
1790739506373 251
1790739506764 381
1790739507290 254
1790739507691 255
1790739508086 252
1790739508481 258
1790739508766 251
1790739509159 253
1790739509551 377
1790739509955 257
1790739510353 254
1790739510747 255
1790739511143 251
1790739511769 250
1790739512159 383
1790739512684 257
1790739513089 249
1790739513481 254
1790739513878 251
1790739514274 253
1790739514673 376
1790739515189 254
1790739515586 253
1790739515982 262
1790739516388 249
1790739517014 248
1790739517401 376
1790739517916 250
1790739518309 245
1790739518702 248
1790739519089 251
1790739519479 251
1790739519871 252
1790739520263 374
1790739520780 251
1790739521174 258
1790739521570 253
1790739521961 255
1790739522360 250
1790739522753 248
1790739523141 379
1790739523663 255
1790739524062 250
1790739524454 253
1790739524848 253
1790739525242 255
1790739525637 256
1790739526037 386
1790739526568 255
1790739526966 250
1790739527359 250
1790739527751 256
1790739528287 249
1790739528676 380
1790739529613 255
1790739530829 249
1790739531910 383
1790739532983 255
1790739533791 248
1790739534183 247
1790739534571 380
1790739535095 251
1790739535488 248
1790739535880 254
1790739536278 254
1790739536672 252
1790739537063 255
1790739537462 382
1790739537988 256
1790739538386 251
1790739538776 250
1790739539171 256
1790739539566 249
1790739539958 254
1790739540355 379
1790739540875 253
1790739541270 250
1790739541659 258
1790739542056 251
1790739542450 249
1790739542841 256
1790739543238 382
1790739543761 253
1790739544158 255
1790739544552 257
1790739544948 245
1790739545339 256
1790739545733 252
1790739546124 383
1790739546647 257
1790739547046 256
1790739547444 256
1790739547843 249
1790739548231 252
1790739548622 254
1790739549018 381
1790739549542 251
1790739549937 246
1790739550325 257
1790739550721 253
1790739551118 255
1790739551512 255
1790739551907 381
1790739552431 250
1790739552820 249
1790739553210 252
1790739553600 251
1790739553997 255
1790739554397 254
1790739554792 382
1790739555315 258
1790739555721 256
1790739556120 250
1790739556512 252
1790739556910 253
1790739557306 250
1790739557700 380
1790739558224 249
1790739558613 259
1790739559017 266
1790739559428 257
1790739559825 251
1790739560216 255
1790739560611 385
1790739561137 254
1790739561531 255
1790739561933 246
1790739562322 257
1790739562724 251
1790739563121 249
1790739563513 377
1790739564035 250
1790739564432 252
1790739564824 254
1790739565223 256
1790739565624 250
1790739566017 244
1790739566403 384
1790739566932 253
1790739567329 249
1790739567718 257
1790739568120 256
1790739568518 251
1790739568914 250
1790739569310 380
1790739569831 251
1790739570227 248
1790739570619 256
1790739571019 254
1790739571418 250
1790739571813 251
1790739572207 384
1790739572734 250
1790739573128 256
1790739573528 253
1790739573925 256
1790739574328 250
1790739574724 252
1790739575119 381
1790739575642 258
1790739576046 249
1790739576438 258
1790739576838 253
1790739577237 257
1790739577639 249
1790739578033 384
1790739578558 252
1790739578838 251
1790739579235 257
1790739579640 253
1790739580034 256
1790739580437 254
1790739580835 380
1790739581358 259
1790739581763 253
1790739582161 255
1790739582560 258
1790739582961 257
1790739583359 256
1790739583757 385
1790739584286 259
1790739584689 248
1790739585080 255
1790739585480 249
1790739585870 247
1790739586261 249
1790739586651 382
1790739587177 251
1790739587573 244
1790739587958 255
1790739588356 257
1790739588760 259
1790739589167 257
1790739589807 385
1790739590335 246
1790739590726 254
1790739591125 260
1790739591530 258
1790739591933 256
1790739592333 257
1790739592733 383
1790739593257 254
1790739593656 256
1790739594054 246
1790739594449 257
1790739594849 253
1790739595245 253
1790739595639 385
1790739596167 257
1790739596564 256
1790739596964 256
1790739597363 251
1790739597762 259
1790739598404 384
1790739598927 255
1790739599328 257
1790739599723 255
1790739600124 254
1790739600523 258
1790739600925 254
1790739601320 381
1790739601847 255
1790739602246 256
1790739602646 252
1790739603041 252
1790739603439 254
1790739603835 255
1790739604235 389
1790739604768 249
1790739605157 252
1790739605554 254
1790739605953 262
1790739606360 248
1790739606754 250
1790739607144 386
1790739607557 250
1790739608185 255
1790739608581 252
1790739608977 252
1790739609375 255
1790739609776 386
1790739610315 255
1790739610714 257
1790739611113 257
1790739611512 252
1790739611910 249
1790739612305 379
1790739612829 258
1790739613230 251
1790739613625 255
1790739614265 386
1790739614795 250
1790739615190 257
1790739615592 255
1790739615988 257
1790739616387 258
1790739616786 379
1790739617309 257
1790739617708 258
1790739618246 256
1790739618929 260
1790739619469 387
1790739620141 257
1790739620681 256
1790739621217 255
1790739621752 254
1790739622284 388
1790739622814 254
1790739623215 255
1790739623613 258
1790739624014 257
1790739624414 257
1790739624815 256
1790739625212 387
1790739625744 248
1790739626133 252
1790739626526 254
1790739626924 254
1790739627321 258
1790739627722 253
1790739628120 384
1790739628884 259
1790739629287 246
1790739629673 255
1790739630070 258
1790739630475 258
1790739631017 392
1790739631568 251
1790739631976 260
1790739632392 253
1790739632800 250
1790739633206 256
1790739633617 249
1790739634021 387
1790739634560 251
1790739634968 262
1790739635380 391
1790739636175 258
1790739636465 387
1790739637003 259
1790739637658 387
1790739638199 260
1790739638613 378
1790739639397 383
1790739639926 258
1790739640338 388
1790739641129 255
1790739641542 256
1790739641953 252
1790739642357 254
1790739642767 252
1790739643165 386
1790739643706 256
1790739644115 254
1790739644526 259
1790739644939 252
1790739645344 252
1790739645751 256
1790739646156 390
1790739646704 256
1790739647109 257
1790739647517 384
1790739648305 254
1790739648713 391
1790739649253 255
1790739649662 260
1790739650324 384
1790739650862 251
1790739651263 250
1790739651666 391
1790739652460 251
1790739652862 387
1790739653397 256
1790739653685 249
1790739654338 393
1790739654878 258
1790739655288 254
1790739655692 380
1790739656474 258
1790739656881 250
1790739657287 392
1790739657828 257
1790739658243 251
1790739658641 255
1790739659050 251
1790739659455 257
1790739659863 253
1790739660267 385
1790739660804 256
1790739661209 254
1790739661621 259
1790739662186 258
1790739662595 255
1790739663004 388
1790739663836 254
1790739664247 255
1790739664893 393
1790739665317 257
1790739665728 253
1790739666132 392
1790739666918 256
1790739667321 386
1790739667861 260
1790739668271 393
1790739669061 253
1790739669461 394
1790739670009 257
1790739670420 390
1790739671210 252
1790739671610 390
1790739672156 258
1790739672567 254
1790739673236 391
1790739673778 254
1790739674189 255
1790739674592 260
1790739675009 256
1790739675413 254
1790739675827 255
1790739676230 396
1790739676785 252
1790739677196 251
1790739677601 250
1790739678005 254
1790739678408 258
1790739678822 249
1790739679371 387
1790739679912 251
1790739680318 253
1790739680721 255
1790739681124 252
1790739681527 257
1790739681937 392
1790739682484 248
1790739683140 393
1790739683564 255
1790739683972 261
1790739684384 398
1790739685188 258
1790739685477 391
1790739685898 250
1790739686302 253
1790739686710 252
1790739687119 393
1790739687918 253
1790739688326 398
1790739688877 255
1790739689285 258
1790739689696 390
1790739690366 252
1790739690767 256
1790739691182 256
1790739691587 259
1790739692001 258
1790739692407 259
1790739692824 393
1790739693365 259
1790739693782 255
1790739694185 257
1790739694599 249
1790739694996 256
1790739695406 249
1790739695803 396
1790739696357 256
1790739696761 253
1790739697169 251
1790739697721 258
1790739698137 256
1790739698549 251
1790739698953 396
1790739699507 256
1790739699917 252
1790739700320 257
1790739700735 255
1790739701138 256
1790739701550 399
1790739702357 259
1790739702764 396
1790739703309 253
1790739703716 257
1790739704127 400
1790739704933 253
1790739705335 260
1790739705750 396
1790739706296 247
1790739706697 255
1790739707352 401
1790739707900 255
1790739708309 256
1790739708711 266
1790739709121 258
1790739709522 252
1790739709915 255
1790739710312 394
1790739710849 256
1790739711249 252
1790739711648 254
1790739712050 253
1790739712445 258
1790739712847 251
1790739713246 396
1790739713787 257
1790739714191 260
1790739714594 260
1790739714999 251
1790739715394 249
1790739715787 250
1790739716182 395
1790739716716 260
1790739717121 254
1790739717521 254
1790739717919 262
1790739718566 255
1790739718886 252
1790739719289 403
1790739719840 260
1790739720258 260
1790739720859 251
1790739721444 260
1790739721876 254
1790739722463 404
1790739723038 255
1790739725237 255
1790739725647 406
1790739726211 259
1790739729974 402
1790739730532 258
1790739730962 257
1790739733530 401
1790739734906 255
1790739735326 257
1790739738793 400
1790739742607 404
1790739743178 261
1790739743606 258
1790739746973 403
1790739747862 257
1790739751698 401
1790739754734 398
1790739755630 260
1790739756393 259
1790739759123 401
1790739759681 260
1790739760108 258
1790739760529 259
1790739760955 257
1790739761379 257
1790739761812 256
1790739762234 401
1790739763652 252
1790739765094 260
1790739765691 403
1790739766386 258
1790739766802 255
1790739767230 252
1790739767651 252
1790739768078 251
1790739768496 251
1790739770104 405
1790739771520 253
1790739772108 258
1790739772525 257
1790739772944 254
1790739773368 397
1790739773929 257
1790739774359 256
1790739775067 259
1790739776178 260
1790739778101 405
1790739778664 259
1790739779087 254
1790739779499 252
1790739779915 258
1790739780343 260
1790739780766 253
1790739782855 402
1790739784080 258
1790739784499 259
1790739784932 259
1790739785353 255
1790739786059 400
1790739786626 259
1790739788570 262
1790739789677 408
1790739790246 255
1790739790533 260
1790739790967 253
1790739791387 255
1790739791809 260
1790739792233 262
1790739792664 406
1790739793234 256
1790739795334 262
1790739796257 403
1790739796820 257
1790739797239 254
1790739797660 259
1790739798088 263
1790739798801 253
1790739799221 403
1790739801970 261
1790739802393 405
1790739803137 257
1790739803560 254
1790739803980 256
1790739804576 250
1790739805003 254
1790739807587 405
1790739808147 259
1790739808909 254
1790739809326 258
1790739809757 263
1790739812715 406
1790739813294 262
1790739813724 259
1790739814155 250
1790739814742 258
1790739815178 258
1790739817782 406
1790739818353 260
1790739819613 258
1790739822229 405
1790739822796 254
1790739823718 250
1790739824147 255
1790739824573 257
1790739825010 259
1790739827621 403
1790739828198 252
1790739832648 403
1790739833226 254
1790739833652 254
1790739836109 405
1790739837025 256
1790739837620 259
1790739838054 250
1790739841642 396
1790739842212 259
1790739845691 406
1790739846772 256
1790739849066 402
1790739849628 249
1790739850041 255
1790739850809 260
1790739851230 258
1790739851656 258
1790739852088 404
1790739852659 256
1790739855112 406
1790739855676 260
1790739856099 263
1790739856880 259
1790739857302 259
1790739857725 255
1790739858157 402
1790739858721 260
1790739860171 251
1790739861435 399
1790739861998 260
1790739862699 255
1790739863132 254
1790739863551 256
1790739863971 258
1790739864567 405
1790739865142 256
1790739865579 255
1790739866861 261
1790739867977 398
1790739868539 261
1790739868963 260
1790739869387 263
1790739869818 261
1790739870407 263
1790739870835 258
1790739871428 409
1790739872003 253
1790739872434 262
1790739874052 255
1790739874822 403
1790739875394 263
1790739875826 252
1790739876375 257
1790739876799 254
1790739877218 260
1790739877641 255
1790739878068 409
1790739878816 256
1790739879237 255
1790739880685 258
1790739881454 406
1790739882033 262
1790739882463 255
1790739883059 262
1790739883486 255
1790739883912 252
1790739884337 253
1790739884751 402
1790739885322 255
1790739885928 260
1790739886359 259
1790739887302 258
1790739888748 403
1790739889315 257
1790739889748 258
1790739890175 260
1790739890861 252
1790739891278 258
1790739891698 409
1790739892608 257
1790739893033 251
1790739894310 262
1790739895420 403
1790739895987 262
1790739896594 259
1790739897016 260
1790739897443 252
1790739897854 261
1790739898277 256
1790739898702 400
1790739899445 255
1790739899869 256
1790739901317 254
1790739902252 404
1790739902825 258
1790739903426 256
1790739903846 256
1790739904536 258
1790739904956 248
1790739905549 406
1790739906122 258
1790739906552 260
1790739907843 263
1790739908621 408
1790739909202 256
1790739909623 261
1790739910226 262
1790739910654 250
1790739911068 260
1790739911493 256
1790739911915 408
1790739912482 261
1790739912910 260
1790739913345 260
1790739913777 261
1790739914204 254
1790739916318 405
1790739916888 262
1790739917492 252
1790739917918 256
1790739918339 253
1790739918766 259
1790739919192 260
1790739919614 409
1790739920367 258
1790739920796 263
1790739923396 408
1790739923981 261
1790739924408 260
1790739924842 262
1790739925271 263
1790739925699 261
1790739926475 414
1790739928734 262
1790739929166 262
1790739929925 411
1790739930498 261
1790739931092 256
1790739931847 258
1790739934135 407
1790739934712 260
1790739935147 262
1790739935585 256
1790739936005 262
1790739936442 262
1790739936870 262
1790739937640 410
1790739940752 406
1790739941482 259
1790739944981 405
1790739945559 254
1790739945970 252
1790739946742 252
1790739949214 405
1790739949787 253
1790739950216 258
1790739950649 258
1790739951079 262
1790739951503 255
1790739952274 408
1790739954902 260
1790739955337 406
1790739956088 258
1790739956519 260
1790739956956 258
1790739957725 253
1790739960197 411
1790739960779 257
1790739961211 253
1790739971798 411
1790739972368 251
1790739973787 260
1790739976219 411
1790739976786 259
1790739978031 254
1790739978456 262
1790739980999 409
1790739981580 262
1790739985115 411
1790739985689 261
1790739987103 256
1790739989489 412
1790739990056 262
1790739990476 258
1790739991746 257
1790739992167 255
1790739994567 402
1790739995130 256
1790739995546 259
1790739996812 257
1790739997234 259
1790739999703 412
1790740000267 258
1790740000974 259
1790740001926 260
1790740002354 260
1790740003637 402
1790740004907 263
1790740005500 260
1790740005920 261
1790740006349 257
1790740006772 405
1790740007678 259
1790740008269 257
1790740008689 257
1790740010108 413
1790740011539 256
1790740011953 262
1790740012377 256
1790740012791 256
1790740013524 409
1790740014439 256
1790740014862 257
1790740016306 257
1790740017409 407
1790740017977 257
1790740018390 262
1790740018812 261
1790740019592 259
1790740020364 259
1790740020793 403
1790740021701 258
1790740022958 254
1790740023714 260
1790740024136 410
1790740024705 250
1790740025121 259
1790740025551 258
1790740025987 253
1790740026417 251
1790740026851 253
1790740027281 411
1790740027864 263
1790740028295 259
1790740028903 262
1790740029510 257
1790740029944 256
1790740030544 412
1790740031132 257
1790740031736 257
1790740032165 262
1790740032852 260
1790740033271 257
1790740033696 409
1790740037333 408
1790740037900 262
1790740038322 263
1790740041975 406
1790740042539 261
1790740042959 261
1790740043387 255
1790740044330 261
1790740044759 260
1790740047088 413
1790740047671 255
1790740048101 256
1790740048694 261
1790740049809 261
1790740050247 413
1790740052535 260
1790740052968 261
1790740053403 410
1790740054153 259
1790740054589 262
1790740057591 414
1790740058160 260
1790740058582 257
1790740059181 259
1790740059609 262
1790740060554 258
1790740063034 412
1790740063608 254
1790740064026 263
1790740064632 259
1790740065567 251
1790740065997 257
1790740068297 411
1790740068874 262
1790740072651 407
1790740073231 252
1790740073820 253
1790740074915 261
1790740077326 411
1790740077908 253
1790740078491 253
1790740078912 259
1790740079840 260
1790740082235 414
1790740082810 258
1790740084214 257
1790740084641 254
1790740087025 414
1790740087609 256
1790740088365 261
1790740089126 264
1790740089560 257
1790740091943 413
1790740092527 259
1790740102798 412
1790740103381 258
1790740105109 260
1790740107178 414
1790740107752 259
1790740108846 264
1790740109275 259
1790740110032 262
1790740110460 404
1790740112663 255
1790740113074 257
1790740114163 409
1790740114737 262
1790740115509 256
1790740115930 261
1790740118039 414
1790740118610 258
1790740119344 261
1790740119942 262
1790740120369 257
1790740121291 410
1790740121868 259
1790740123830 266
1790740124260 258
1790740124693 413
1790740125766 258
1790740126189 259
1790740127134 258
1790740127562 257
1790740128513 418
1790740129790 259
1790740130206 259
1790740130625 261
1790740131068 260
1790740132002 410
1790740132580 255
1790740133511 259
1790740133940 258
1790740134670 258
1790740135613 413
1790740136366 265
1790740136789 262
1790740137217 262
1790740138318 263
1790740138747 413
1790740139850 261
1790740140279 257
1790740140881 259
1790740141309 263
1790740142577 416
1790740143153 258
1790740143587 259
1790740144179 257
1790740144607 257
1790740145035 264
1790740145465 253
1790740145882 412
1790740146468 263
1790740146908 256
1790740147337 256
1790740147766 259
1790740148190 259
1790740148967 413
1790740149552 254
1790740149982 253
1790740150412 254
1790740150998 262
1790740151418 264
1790740152140 417
1790740152734 253
1790740153506 262
1790740154631 256
1790740155056 257
1790740156686 412
1790740157265 259
1790740157694 258
1790740158116 257
1790740159054 258
1790740159483 262
1790740160600 415
1790740161181 259
1790740162635 258
1790740163066 262
1790740163663 417
1790740164248 258
1790740165195 260
1790740165627 257
1790740166741 415
1790740167335 253
1790740168441 263
1790740168865 254
1790740169286 256
1790740169714 261
1790740170312 415
1790740172427 264
1790740173875 407
1790740174460 263
1790740174895 258
1790740175334 262
1790740175763 263
1790740176877 263
1790740177991 417
1790740178580 256
1790740179696 258
1790740180120 262
1790740180554 260
1790740180990 262
1790740181424 413
1790740181997 258
1790740182422 262
1790740183378 259
1790740184668 415
1790740186098 260
1790740186515 261
1790740186945 261
1790740187382 257
1790740187815 415
1790740188397 261
1790740191547 412
1790740192122 253
1790740192545 260
1790740193154 261
1790740194098 263
1790740195397 412
1790740197004 251
1790740197426 258
1790740197853 260
1790740198292 261
1790740198719 413
1790740199311 262
1790740200085 262
1790740200515 257
1790740201631 258
1790740203092 418
1790740203687 261
1790740204119 262
1790740204558 260
1790740204985 257
1790740205408 259
1790740206358 417
1790740208663 259
1790740209093 260
1790740212749 414
1790740213671 258
1790740214272 261
1790740215220 262
1790740215663 258
1790740217786 409
1790740218373 262
1790740219149 255
1790740219571 261
1790740220525 255
1790740222803 414
1790740223394 254
1790740223996 260
1790740224433 260
1790740225544 258
1790740225984 414
1790740233868 420
1790740234316 258
1790740234754 252
1790740238262 414
1790740239108 254
1790740242592 414
1790740243157 262
1790740246827 416
1790740247395 261
1790740247837 254
1790740249721 259
1790740251275 411
1790740252006 256
1790740252418 252
1790740253109 261
1790740253709 261
1790740255496 418
1790740257093 265
1790740257520 255
1790740257937 253
1790740258348 253
1790740258779 415
1790740272858 421
1790740284010 419
1790740287233 420
1790740304572 416
1790740308390 416
1790740308977 253
1790740310209 259
1790740310635 263
1790740313163 413
1790740313734 260
1790740314995 258
1790740315426 261
1790740317843 421
1790740318431 255
1790740319675 255
1790740320102 265
1790740322507 416
1790740323097 257
1790740324459 263
1790740326837 421
1790740335384 423
1790740335972 260
1790740337053 256
1790740338273 261
1790740338691 414
1790740339271 253
1790740340880 259
1790740341307 262
1790740341743 259
1790740343360 415
1790740344107 266
1790740344529 263
1790740344962 264
1790740345752 253
1790740346695 413
1790740347278 263
1790740347712 259
1790740348497 261
1790740349968 416
1790740350541 262
1790740351238 264
1790740351680 258
1790740352461 260
1790740353073 264
1790740353510 423
1790740354101 265
1790740354884 264
1790740355327 262
1790740355925 261
1790740356364 264
1790740356805 417
1790740357399 262
1790740357834 262
1790740358254 256
1790740358679 259
1790740359115 263
1790740359546 263
1790740359990 420
1790740360588 255
1790740361357 262
1790740361794 259
1790740362221 262
1790740362663 258
1790740363099 263
1790740363707 417
1790740364297 259
1790740364728 260
1790740365156 259
1790740365589 259
1790740366024 261
1790740366459 253
1790740366870 258
1790740367291 417
1790740367892 260
1790740368328 251
1790740368744 254
1790740369180 264
1790740369622 264
1790740370066 257
1790740370504 421
1790740371103 264
1790740371710 254
1790740372132 262
1790740372882 258
1790740373320 262
1790740373766 414
1790740374363 258
1790740374799 260
1790740375393 258
1790740375809 251
1790740376221 257
1790740376656 261
1790740377085 423
1790740377675 257
1790740378290 261
1790740379414 265
1790740381408 419
1790740381986 255
1790740382420 261
1790740383022 257
1790740384298 261
1790740384728 424
1790740386693 261
1790740387115 258
1790740387545 254
1790740387978 420
1790740388741 262
1790740391855 421
1790740392435 261
1790740392870 260
1790740393462 257
1790740393895 260
1790740396836 423
1790740397420 260
1790740397853 255
1790740398446 258
1790740398872 255
1790740400128 421
1790740400717 254
1790740402482 258
1790740402899 255
1790740403322 260
1790740404087 422
1790740404675 263
1790740410983 422
1790740412412 262
1790740413682 261
1790740414110 266
1790740415549 426
1790740416149 253
1790740416736 259
1790740417161 260
1790740417926 261
1790740418353 260
1790740420786 418
1790740421878 259
1790740422304 260
1790740423073 259
1790740425499 423
1790740426764 262
1790740427534 257
1790740429957 418
1790740431208 258
1790740431632 257
1790740432226 257
1790740434645 422
1790740436073 261
1790740436512 261
1790740436944 256
1790740439209 421
1790740439786 259
1790740446840 415
1790740448614 261
1790740449051 258
1790740450341 421
1790740451613 260
1790740452046 260
1790740457237 422
1790740457832 257
1790740458267 255
1790740459372 262
1790740460304 262
1790740460745 416
1790740461335 259
1790740462949 262
1790740463389 254
1790740465170 420
1790740465768 257
1790740466359 259
1790740466796 259
1790740469271 416
1790740470201 260
1790740470625 253
1790740471390 258
1790740471816 255
1790740473253 423
1790740473841 263
1790740474272 260
1790740475178 260
1790740475611 263
1790740476381 255
1790740476793 428
1790740477902 258
1790740478334 255
1790740479617 264
1790740480048 418
1790740480631 261
1790740481582 264
1790740482011 255
1790740482622 262
1790740483048 263
1790740483475 419
1790740484064 261
1790740484836 264
1790740485265 262
1790740486548 258
1790740486966 422
1790740487554 260
1790740488495 253
1790740488920 263
1790740489532 259
1790740489962 264
1790740490391 420
1790740490974 253
1790740491395 262
1790740492006 262
1790740492439 261
1790740492868 264
1790740493987 424
1790740494577 266
1790740495010 259
1790740495449 258
1790740496229 262
1790740496658 265
1790740497107 260
1790740497540 423
1790740498129 264
1790740498556 255
1790740498975 257
1790740499399 256
1790740500341 254
1790740501454 419
1790740503575 256
1790740503995 264
1790740504426 259
1790740505373 423
1790740506652 262
1790740507087 254
1790740508033 259
1790740508471 263
1790740509386 416
1790740509971 255
1790740510395 263
1790740510824 260
1790740511602 258
1790740512732 423
1790740513332 261
1790740514281 262
1790740514710 262
1790740515653 262
1790740516079 421
1790740516667 260
1790740517094 259
1790740517532 255
1790740517961 258
1790740518393 258
1790740519510 422
1790740520100 253
1790740520523 261
1790740521475 261
1790740521915 256
1790740524908 414
1790740526008 250
1790740526430 258
1790740527206 263
1790740527635 259
1790740528059 261
1790740528483 416
1790740529066 261
1790740529672 262
1790740530636 264
1790740531071 256
1790740531669 424
1790740532261 262
1790740533217 265
1790740534175 257
1790740534602 260
1790740535029 423
1790740535963 265
1790740537083 258
1790740537515 265
1790740538125 262
1790740539082 419
1790740539671 264
1790740540444 258
1790740540872 259
1790740541298 261
1790740541721 261
1790740542328 421
1790740543779 255
1790740544376 262
1790740545502 260
1790740546278 426
1790740546880 260
1790740547476 261
1790740547912 262
1790740548342 262
1790740549969 422
1790740550563 262
1790740551505 261
1790740552284 261
1790740552725 255
1790740553317 428
1790740553911 260
1790740554344 259
1790740556156 256
1790740557103 423
1790740558039 261
1790740558468 257
1790740559232 257
1790740559648 258
1790740560085 261
1790740561708 416
1790740562302 256
1790740563076 258
1790740563506 258
1790740567334 417
1790740567922 251
1790740568518 259
1790740568955 260
1790740569563 255
1790740569988 259
1790740570425 265
1790740572056 422
1790740572656 263
1790740573780 258
1790740574712 258
1790740575150 263
1790740575589 417
1790740576184 257
1790740578673 257
1790740579110 426
1790740579875 261
1790740580486 254
1790740581086 256
1790740581866 256
1790740583164 423
1790740584273 260
1790740584704 256
1790740585479 258
1790740585915 258
1790740587199 427
1790740588497 263
1790740590805 422
1790740597234 426
1790740597827 262
1790740598261 258
1790740598681 252
1790740599457 257
1790740599884 262
1790740600663 418
1790740601249 260
1790740602193 262
1790740602625 263
1790740603578 266
1790740604011 417
1790740604601 256
1790740605018 256
1790740605437 259
1790740605858 260
1790740606814 253
1790740607233 425
1790740608004 257
1790740608428 263
1790740609552 263
1790740609987 261
1790740610762 426
1790740611355 256
1790740611783 257
1790740612206 262
1790740612630 258
1790740613060 267
1790740613974 419
1790740614559 266
1790740615006 263
1790740615444 255
1790740615869 257
1790740616645 256
1790740617245 426
1790740617842 258
1790740618274 260
1790740618872 263
1790740619298 262
1790740619737 257
1790740620163 259
1790740620589 430
1790740621192 263
1790740621626 265
1790740622403 259
1790740622830 262
1790740624474 424
1790740625078 263
1790740625858 258
1790740626284 262
1790740626716 262
1790740627149 262
1790740627579 260
1790740628012 422
1790740629125 261
1790740629726 255
1790740630148 254
1790740631263 257
1790740631689 426
1790740632805 262
1790740633234 259
1790740633663 266
1790740634092 266
1790740634529 260
1790740635473 423
1790740636417 261
1790740637714 261
1790740639002 427
1790740639596 265
1790740640038 264
1790740641497 260
1790740642800 422
1790740643393 262
1790740644175 261
1790740644605 259
1790740645035 259
1790740645457 262
1790740645887 264
1790740646674 425
1790740647270 260
1790740648051 262
1790740648492 258
1790740649781 265
1790740650911 427
1790740651497 264
1790740651934 263
1790740652884 263
1790740653316 266
1790740653926 257
1790740654353 424
1790740655809 259
1790740656594 266
1790740657033 262
1790740657475 265
1790740657900 426
1790740658493 261
1790740658925 252
1790740659863 263
1790740660297 262
1790740660907 256
1790740661342 423
1790740662629 263
1790740663072 260
1790740663847 257
1790740664272 261
1790740664701 426
1790740665290 261
1790740665715 259
1790740666837 252
1790740667434 255
1790740667860 264
1790740668988 421
1790740670268 256
1790740670702 256
1790740671123 263
1790740671554 253
1790740672662 424
1790740673604 263
1790740674725 262
1790740675157 261
1790740676604 423
1790740677891 253
1790740678499 257
1790740678926 262
1790740680217 426
1790740681344 264
1790740681773 257
1790740682197 262
1790740682637 262
1790740683589 421
1790740684707 262
1790740686519 265
1790740687129 420
1790740687712 263
1790740688834 260
1790740689624 260
1790740690918 425
1790740691523 255
1790740692292 256
1790740692725 259
1790740693144 256
1790740693578 262
1790740694700 424
1790740695294 265
1790740696931 259
1790740697371 256
1790740707009 421
1790740707597 258
1790740708880 259
1790740709308 259
1790740709917 258
1790740710334 424
1790740710924 258
1790740712391 261
1790740712822 261
1790740713423 255
1790740713850 428
1790740715301 263
1790740715735 262
1790740716443 255
1790740716862 258
1790740718488 424
1790740719076 260
1790740719511 260
1790740719940 259
1790740721234 254
1790740721653 256
1790740722246 422
1790740722826 255
1790740723248 265
1790740723856 255
1790740725140 263
1790740725570 426
1790740726339 259
1790740726766 266
1790740727881 262
1790740728314 261
1790740728754 258
1790740729175 418
1790740729750 265
1790740730177 262
1790740730787 256
1790740732077 263
1790740732510 425
1790740733278 266
1790740733713 262
1790740734335 261
1790740735119 256
1790740735542 261
1790740735973 421
1790740736557 260
1790740736974 259
1790740737658 264
1790740738677 258
1790740739238 421
1790740739819 264
1790740751753 418
1790740752341 263
1790740753258 256
1790740754493 264
1790740756380 427
1790740770462 426
1790740784386 427
1790740787762 429
1790740788533 255
1790740788942 255
1790740789357 262
1790740789804 264
1790740790766 261
1790740793375 429
1790740793969 265
1790740794388 261
1790740795096 258
1790740795862 261
1790740797143 428
1790740799089 256
1790740799508 265
1790740799934 257
1790740800355 258
1790740802146 429
1790740802929 258
1790740804561 258
1790740804975 255
1790740805389 265
1790740805820 422
1790740806771 266
1790740808768 263
1790740810068 431
1790740810655 258
1790740810948 263
1790740811668 254
1790740812622 257
1790740813059 261
1790740814841 429
1790740815784 263
1790740816205 259
1790740816497 257
1790740816919 256
1790740817342 259
1790740817766 255
1790740818534 431
1790740820854 263
1790740821626 259
1790740822046 429
1790740822637 261
1790740823065 257
1790740823662 266
1790740824096 257
1790740825380 256
1790740827016 429
1790740827624 260
1790740828047 262
1790740828475 261
1790740828898 260
1790740829320 257
1790740830047 261
1790740830487 430
1790740832457 262
1790740833588 259
1790740834010 433
1790740834610 260
1790740835029 258
1790740835451 263
1790740835893 264
1790740836328 264
1790740836758 263
1790740838897 430
1790740840018 261
1790740840611 261
1790740841025 257
1790740841316 262
1790740842078 261
1790740842507 424
1790740843106 264
1790740843881 262
1790740845153 263
1790740846427 433
1790740847020 257
1790740847440 265
1790740847872 264
1790740848472 258
1790740848900 262
1790740849642 265
1790740851286 427
1790740852573 259
1790740852864 265
1790740853317 253
1790740853738 256
1790740854166 257
1790740854764 436
1790740855371 263
1790740856160 265
1790740858142 258
1790740858572 433
1790740859164 260
1790740859589 261
1790740860195 263
1790740860631 262
1790740861239 265
1790740861672 265
1790740864186 432
1790740864781 261
1790740865209 259
1790740865634 268
1790740866246 265
1790740866690 260
1790740880311 431
1790740881418 259
1790740882019 255
1790740884480 429
1790740885086 261
1790740888540 426
1790740889140 262
1790740890252 265
1790740890860 266
1790740891304 262
1790740893416 432
1790740894020 264
1790740909410 431
1790740915116 427
1790740918862 434
1790740919467 266
1790740921391 264
1790740921830 260
1790740922260 428
1790740922863 261
1790740924277 259
1790740924711 258
1790740928264 433
1790740928871 262
1790740931295 260
1790740932719 433
1790740935496 262
1790740935931 262
1790740937178 426
1790740937764 261
1790740941613 428
1790740944525 261
1790740945612 429
1790740946213 262
1790740948627 261
1790740949051 424
1790740949645 261
1790740950072 259
1790740951003 263
1790740951422 258
1790740951845 263
1790740952569 432
1790740954722 260
1790740955152 267
1790740955763 260
1790740956715 433
1790740957307 257
1790740957731 263
1790740958170 261
1790740958594 264
1790740959208 265
1790740961028 431
1790740961625 262
1790740962069 266
1790740962505 265
1790740962953 266
1790740963565 260
1790740963988 259
1790740964412 264
1790740964845 432
1790740965447 262
1790740965878 254
1790740966999 261
1790740968138 260
1790740968567 428
1790740969337 265
1790740969771 262
1790740970387 266
1790740970820 264
1790740971117 262
1790740971557 260
1790740971982 428
1790740972577 264
1790740973009 259
1790740973435 263
1790740974396 263
1790740974839 262
1790740975796 431
1790740976396 259
1790740977177 264
1790740977611 264
1790740978054 259
1790740978483 266
1790740978929 259
1790740979639 435
1790740980232 262
1790740980667 263
1790740983334 429
1790740983932 257
1790740984357 263
1790740984792 264
1790740985232 264
1790740985668 258
1790740986090 268
1790740986521 264
1790740986959 430
1790740990492 433
1790740991094 258
1790740991521 265
1790740991964 258
1790741006315 434
1790741006929 261
1790741009439 259
1790741009872 426
1790741010470 264
1790741011079 259
1790741011864 263
1790741013515 431
1790741014115 259
1790741015420 265
1790741015855 263
1790741016296 257
1790741017080 434
1790741017687 257
1790741019509 263
1790741020466 260
1790741020895 433
1790741021509 252
1790741021929 255
1790741023050 266
1790741023497 258
1790741025982 429
1790741026581 261
1790741027019 257
1790741028126 258
1790741028562 259
1790741029997 432
1790741030604 252
1790741031694 263
1790741032120 264
1790741033600 428
1790741035240 268
1790741035687 255
1790741036798 267
1790741037226 433
1790741038841 265
1790741039281 260
1790741041559 431
1790741042155 263
1790741043604 263
1790741045052 433
1790741046487 258
1790741046908 254
1790741048365 266
1790741049847 433
1790741051306 266
1790741051729 255
1790741053153 258
1790741053579 429
1790741056194 266
1790741056627 264
1790741058080 432
1790741059358 257
1790741059790 266
1790741069628 433
1790741070229 261
1790741071178 264
1790741071609 268
1790741072560 260
1790741072981 263
1790741073419 430
1790741074013 254
1790741075818 264
1790741076253 268
1790741077222 434
1790741077830 263
1790741078783 263
1790741079206 264
1790741079642 261
1790741080071 261
1790741081862 430
1790741082459 266
1790741083411 258
1790741083836 264
1790741084611 260
1790741085033 260
1790741085631 430
1790741086226 253
1790741087641 263
1790741088248 257
1790741088672 258
1790741089612 431
1790741090211 257
1790741090637 263
1790741091072 260
1790741091497 261
1790741092273 259
1790741092699 263
1790741093129 426
1790741094932 258
1790741095358 263
1790741096310 263
1790741096739 437
1790741097517 262
1790741097945 262
1790741098727 262
1790741099153 265
1790741099591 268
1790741100555 438
1790741101684 259
1790741102804 255
1790741103228 261
1790741103666 259
1790741104088 437
1790741104691 261
1790741105467 263
1790741105898 264
1790741106329 261
1790741109007 425
1790741109599 264
1790741110031 259
1790741110457 262
1790741111068 265
1790741111514 255
1790741119002 438
1790741120643 259
1790741121783 259
1790741122220 256
1790741122648 438
1790741123432 260
1790741124206 263
1790741124649 260
1790741125079 262
1790741127403 435
1790741128016 255
1790741128440 260
1790741128879 266
1790741129312 261
1790741130091 265
1790741130535 254
1790741130960 431
1790741131575 262
1790741132697 263
1790741133995 266
1790741134436 434
1790741135048 266
1790741135491 266
1790741135924 255
1790741136698 260
1790741137139 261
1790741137570 261
1790741138002 434
1790741139289 265
1790741139733 265
1790741140863 260
1790741141291 263
1790741142059 439
1790741142671 261
1790741143282 260
1790741144061 262
1790741145197 260
1790741146490 435
1790741147092 263
1790741148049 267
1790741148657 257
1790741149428 268
1790741149867 260
1790741150821 436
1790741151437 260
1790741152572 263
1790741153355 263
1790741153797 259
1790741154239 265
1790741154855 434
1790741155981 259
1790741156935 261
1790741157378 256
1790741158331 433
1790741159457 260
1790741159886 265
1790741160323 252
1790741161606 262
1790741162049 437
1790741163009 267
1790741163982 263
1790741164410 263
1790741165538 437
1790741166326 266
1790741167452 258
1790741167890 262
1790741168668 257
1790741169621 431
1790741171089 262
1790741171531 261
1790741175250 435
1790741175866 264
1790741177006 266
1790741177967 257
1790741178737 438
1790741179355 258
1790741180787 265
1790741181235 259
1790741183578 436
1790741192443 435
1790741193044 264
1790741194173 264
1790741194608 261
1790741195386 263
1790741195814 263
1790741196242 436
1790741196846 258
1790741198307 266
1790741198739 267
1790741199177 262
1790741199603 268
1790741200038 438
1790741201166 263
1790741201602 256
1790741202374 256
1790741202798 258
1790741203224 261
1790741203647 435
1790741205282 263
1790741205714 259
1790741206308 266
1790741206742 261
1790741207695 433
1790741208294 258
1790741209234 260
1790741209660 262
1790741211340 438
1790741211943 258
1790741212356 266
1790741212777 258
1790741213643 266
1790741214064 266
1790741214934 434
1790741215518 264
1790741217484 266
1790741217895 264
1790741218312 263
1790741218727 433
1790741219315 263
1790741219730 261
1790741220143 261
1790741220557 268
1790741221226 260
1790741221794 264
1790741222209 434
1790741222798 262
1790741223212 261
1790741223624 258
1790741224032 263
1790741224448 260
1790741224860 262
1790741225272 259
1790741225683 433
1790741226267 263
1790741226684 258
1790741227091 265
1790741227506 260
1790741227918 264
1790741228333 260
1790741228746 264
1790741229161 430
1790741229742 263
1790741230157 257
1790741230565 265
1790741230984 266
1790741231401 257
1790741231807 253
1790741232211 256
1790741232618 439
1790741233212 264
1790741233627 255
1790741234035 258
1790741234444 265
1790741234859 260
1790741235273 259
1790741235684 263
1790741236098 435
1790741236686 259
1790741237100 266
1790741237519 258
1790741237928 253
1790741238334 260
1790741238755 253
1790741239165 260
1790741239581 434
1790741240169 266
1790741240588 269
1790741241009 260
1790741241419 261
1790741241828 260
1790741242235 266
1790741242655 263
1790741243070 437
1790741243654 257
1790741244063 257
1790741244467 267
1790741244884 264
1790741245301 264
1790741245717 264
1790741246134 261
1790741246546 258
1790741246957 439
1790741247546 261
1790741247960 260
1790741248372 264
1790741248786 258
1790741249194 266
1790741249613 261
1790741250026 264
1790741250441 437
1790741251027 260
1790741251437 261
1790741251845 266
1790741252262 264
1790741252679 262
1790741253093 261
1790741253507 266
1790741253923 264
1790741254338 440
1790741254930 266
1790741255347 262
1790741255762 262
1790741256177 257
1790741256590 260
1790741257000 267
1790741257416 261
1790741257828 438
1790741258420 267
1790741258846 259
1790741259137 266
1790741259559 265
1790741259976 266
1790741260396 262
1790741260813 265
1790741261231 261
1790741261646 435
1790741262236 261
1790741262653 264
1790741263328 261
1790741263742 269
1790741264165 264
1790741264582 262
1790741264999 267
1790741265420 440
1790741266014 266
1790741266435 265
1790741266850 268
1790741267273 268
1790741267695 260
1790741268110 259
1790741268525 256
1790741268942 440
1790741269536 269
1790741269960 263
1790741270378 267
1790741270801 263
1790741271476 264
1790741271771 259
1790741272186 263
1790741272602 445
1790741273201 267
1790741273622 266
1790741274043 267
1790741274466 268
1790741274890 262
1790741275310 262
1790741275724 262
1790741276142 447
1790741276746 270
1790741277169 269
1790741277594 267
1790741278016 266
1790741278439 270
1790741278861 267
1790741279281 270
1790741279962 447
1790741280562 267
1790741280983 267
1790741281405 269
1790741281828 267
1790741282247 270
1790741282670 269
1790741283094 269
1790741283518 261
1790741283934 451
1790741284539 265
1790741284961 267
1790741285382 269
1790741285804 265
1790741286222 272
1790741286648 269
1790741286950 264
1790741287248 265
1790741287666 453
1790741288277 264
1790741288952 271
1790741289378 264
1790741289798 264
1790741290214 271
1790741290640 265
1790741291061 269
1790741291484 452
1790741292091 271
1790741292395 270
1790741292820 268
1790741293246 268
1790741293670 268
1790741293971 270
1790741294397 270
1790741294823 271
1790741295255 450
1790741295866 268
1790741296449 265
1790741296869 263
1790741297287 271
1790741297708 264
1790741298128 270
1790741298553 270
1790741298977 451
1790741299584 265
1790741300007 269
1790741300429 264
1790741300842 265
1790741301258 271
1790741301686 265
1790741302106 272
1790741302528 270
1790741302950 441
1790741303550 265
1790741303970 270
1790741304393 272
1790741304816 266
1790741305237 268
1790741305659 271
1790741306083 269
1790741306506 270
1790741306933 446
1790741307532 263
1790741307950 272
1790741308378 268
1790741308803 260
1790741309215 269
1790741309635 265
1790741310055 267
1790741310477 268
1790741310897 451
1790741311501 268
1790741311926 269
1790741312350 267
1790741312766 266
1790741313185 270
1790741313608 262
1790741314026 268
1790741314447 264
1790741314862 445
1790741315463 265
1790741315886 265
1790741316303 272
1790741316726 267
1790741317148 259
1790741317564 264
1790741317981 270
1790741318403 266
1790741318826 451
1790741319433 265
1790741319852 267
1790741320273 261
1790741320685 267
1790741321106 268
1790741321527 261
1790741321942 264
1790741322357 263
1790741322775 452
1790741323382 269
1790741323806 268
1790741324226 263
1790741324646 270
1790741325071 271
1790741325496 263
1790741325916 264
1790741326334 266
1790741326757 453
1790741327365 265
1790741327787 272
1790741328214 274
1790741328638 265
1790741329059 271
1790741329482 267
1790741329905 264
1790741330324 262
1790741330738 450
1790741331341 263
1790741331759 257
1790741332172 265
1790741332593 266
1790741333008 268
1790741333433 264
1790741333852 270
1790741334277 270
1790741334698 450
1790741335303 267
1790741335724 261
1790741336137 260
1790741336554 265
1790741336977 272
1790741337402 270
1790741337822 264
1790741338243 272
1790741338666 449
1790741339267 263
1790741339685 272
1790741340112 266
1790741340534 269
1790741340955 269
1790741341380 260
1790741341793 269
1790741342221 270
1790741342646 453
1790741343251 272
1790741343679 262
1790741344096 270
1790741344516 264
1790741344933 267
1790741345355 272
1790741345779 270
1790741346205 271
1790741346631 450
1790741347234 266
1790741347656 262
1790741348069 267
1790741348490 267
1790741348914 262
1790741349337 268
1790741349922 260
1790741350339 450
1790741351103 273
1790741351532 270
1790741351953 266
1790741352375 259
1790741352790 269
1790741353213 267
1790741353636 263
1790741354055 450
1790741354654 272
1790741355085 268
1790741355509 268
1790741355935 272
1790741356363 272
1790741356792 265
1790741357211 271
1790741357634 266
1790741358055 447
1790741358656 270
1790741359083 268
1790741359506 268
1790741359928 269
1790741360351 272
1790741360778 273
1790741361205 269
1790741361630 265
1790741362054 454
1790741362663 261
1790741363074 268
1790741363499 269
1790741363922 268
1790741364342 273
1790741364769 270
1790741365195 273
1790741365620 264
1790741366039 458
1790741366654 268
1790741367075 264
1790741367493 265
1790741367915 259
1790741368329 263
1790741368743 266
1790741369165 274
1790741369595 270
1790741370018 449
1790741370619 269
1790741371040 270
1790741371464 265
1790741371883 271
1790741372307 268
1790741372730 273
1790741373158 276
1790741373588 270
1790741374014 447
1790741374615 271
1790741375040 269
1790741375462 271
1790741375883 268
1790741376302 269
1790741376724 266
1790741377143 270
1790741377563 268
1790741377985 457
1790741378596 261
1790741379012 271
1790741379433 273
1790741379857 272
1790741380281 265
1790741380704 272
1790741381132 266
1790741381552 270
1790741381975 454
1790741382585 269
1790741383009 262
1790741383424 265
1790741383844 271
1790741384269 271
1790741384697 265
1790741385114 270
1790741385541 271
1790741385966 453
1790741386569 268
1790741386993 261
1790741387409 272
1790741387839 270
1790741388262 269
1790741388689 271
1790741389116 263
1790741389535 271
1790741389960 452
1790741390564 269
1790741390987 272
1790741391418 271
1790741391843 266
1790741392266 271
1790741392693 268
1790741393114 268
1790741393537 266
1790741393954 452
1790741394563 267
1790741394978 265
1790741395393 268
1790741395809 272
1790741396234 261
1790741396794 272
1790741397099 272
1790741397530 270
1790741397963 453
1790741398579 274
1790741399273 268
1790741399709 268
1790741400149 454
1790741400778 265
1790741401219 271
1790741401663 268
1790741402100 273
1790741402545 272
1790741402977 272
1790741403407 273
1790741403848 449
1790741404475 272
1790741404918 272
1790741405364 269
1790741405812 275
1790741406266 269
1790741406699 274
1790741407130 265
1790741407555 452
1790741408350 269
1790741408796 272
1790741409239 270
1790741409687 263
1790741410128 270
1790741410558 265
1790741410984 266
1790741411409 448
1790741412029 264
1790741412475 264
1790741412919 270
1790741413365 271
1790741413802 269
1790741414249 271
1790741414682 266
1790741415104 454
1790741415724 267
1790741416165 266
1790741416610 258
1790741417042 274
1790741417491 273
1790741417940 268
1790741418372 273
1790741418806 457
1790741419435 268
1790741419877 271
1790741420320 269
1790741420765 273
1790741421215 272
1790741421821 266
1790741422263 266
1790741422865 457
1790741423498 274
1790741423948 273
1790741424394 268
1790741424832 269
1790741425442 274
1790741425893 271
1790741426337 272
1790741429761 459
1790741430388 274
1790741430839 272
1790741431286 275
1790741431900 269
1790741432621 266
1790741434041 454
1790741434666 275
1790741435115 270
1790741435115 64222 census
1790741499772 475
1790741500279 280
1790741500733 281
1790741501485 280
1790741501952 470
1790741502607 277
1790741503066 281
1790741503510 291
1790741503833 278
1790741504290 280
1790741504759 474
1790741505412 283
1790741506174 282
1790741506637 283
1790741507087 474
1790741507739 283
1790741508200 284
1790741508662 277
1790741509125 278
1790741509587 476
1790741509587 65553 census
1790741575799 491
1790741584786 487
1790741589211 483
1790741590675 288
1790741591134 285
1790741594046 487
1790741601749 488
1790741604551 282
1790741606479 486
1790741617098 489
1790741621352 486
1790741632497 488
1790741636283 285
1790741636743 485
1790741651015 483
1790741665493 485
1790741670758 486
1790741675345 486
1790741680960 488
1790741695371 486
1790741696032 284
1790741751044 483
1790741751698 286
1790741768671 488
1790741793453 488
1790741794115 283
1790741794559 284
1790741808286 485
1790741809100 290
1790741822988 484
1790741851055 480
1790741851705 288
1790741865605 486
1790741879824 483
1790741880478 280
1790741894367 492
1790741895029 288
1790741908930 484
1790741909747 283
1790741923477 482
1790741924129 288
1790741924745 290
1790741925473 291
1790741926560 294
1790741926887 479
1790741927529 290
1790741927529 71064 census
1790741999064 502
1790742067534 543
1790742068271 329
1790742068800 327
1790742069325 326
1790742069850 332
1790742070377 332
1790742070904 336
1790742071439 336
1790742071981 548
1790742072726 332
1790742073257 336
1790742074171 331
1790742075090 338
1790742075961 340
1790742078042 546
1790742079377 335
1790742079911 334
1790742081415 332
1790742081949 338
1790742087655 552
1790742094161 550
1790742095875 340
1790742096416 337
1790742096955 340
1790742097496 337
1790742098035 340
1790742098575 555
1790742099329 336
1790742099869 339
1790742100408 338
1790742100949 338
1790742101491 342
1790742102035 338
1790742102575 336
1790742103116 551
1790742103871 333
1790742104407 341
1790742104950 342
1790742105498 334
1790742106036 342
1790742106581 345
1790742107131 339
1790742109239 554
1790742113638 556
1790742114391 341
1790742114934 341
1790742115476 342
1790742116018 348
1790742116569 344
1790742117112 347
1790742117665 346
1790742118214 564
1790742118985 343
1790742119534 346
1790742120084 350
1790742120637 348
1790742121187 354
1790742121748 354
1790742122308 348
1790742122863 571
1790742123634 350
1790742124188 351
1790742124747 352
1790742125304 355
1790742125862 356
1790742126425 351
1790742126985 354
1790742127551 570
1790742128326 353
1790742128891 348
1790742129445 354
1790742130008 352
1790742130566 353
1790742131471 362
1790742132039 580
1790742132827 365
1790742133404 352
1790742133965 358
1790742134533 358
1790742135100 363
1790742135665 358
1790742136221 360
1790742136784 584
1790742137573 355
1790742138131 356
1790742138688 376
1790742139275 356
1790742139837 359
1790742140397 360
1790742140957 355
1790742141510 582
1790742142294 364
1790742142857 358
1790742143418 364
1790742143985 366
1790742144554 353
1790742145108 364
1790742145670 356
1790742146224 584
1790742147005 358
1790742147565 361
1790742148130 359
1790742148689 358
1790742149243 362
1790742149808 359
1790742150367 360
1790742150928 585
1790742151546 357
1790742152103 363
1790742152668 353
1790742153223 360
1790742153789 363
1790742154351 364
1790742154916 362
1790742155479 585
1790742156266 359
1790742156828 362
1790742157390 364
1790742157957 358
1790742158515 363
1790742159081 355
1790742159640 363
1790742160203 587
1790742160995 361
1790742161557 365
1790742162118 363
1790742162683 355
1790742163242 360
1790742163799 360
1790742164194 362
1790742164757 579
1790742165537 358
1790742166091 364
1790742166657 359
1790742167218 362
1790742167782 362
1790742168341 360
1790742168341 73214 census
1790742242132 588
1790742244532 359
1790742281183 583
1790742281970 362
1790742282535 365
1790742283102 361
1790742283666 360
1790742284229 360
1790742284791 363
1790742285707 585
1790742286492 364
1790742286887 361
1790742287279 358
1790742287668 367
1790742288066 365
1790742288464 360
1790742289043 587
1790742289853 356
1790742290806 358
1790742291385 365
1790742291958 362
1790742292978 363
1790742295091 585
1790742296769 362
1790742298235 358
1790742299690 587
1790742301383 360
1790742303055 361
1790742654266 601
1790742654898 374
1790742655479 363
1790742656058 368
1790742656634 372
1790742657212 363
1790742657784 371
1790742658364 367
1790742659305 588
1790742660103 372
1790742660684 371
1790742661262 373
1790742661844 364
1790742662420 371
1790742662995 380
1790742663585 374
1790742664166 604
1790742664979 374
1790742665558 371
1790742665558 77563 census
1790742766199 608
1790742767021 368
1790742767607 381
1790742768206 378
1790743247922 632
1790743248780 386
1790743249393 390
1790743250016 396
1790743250634 394
1790743251244 399
1790743251867 397
1790743252483 390
1790743253098 638
1790743253953 398
1790743254573 387
1790743255182 399
1790743255804 390
1790743256415 396
1790743257032 396
1790743257652 398
1790743258275 637
1790743259127 404
1790743260144 398
1790743260764 403
1790743282151 637
1790743283241 402
1790743283877 397
1790743285384 401
1790758372025 954
1790758373345 628
1790758374329 631
1790758375322 625
1790758376307 633
1790758377640 628
1790758379684 944
1790758380985 632
1790758382335 634
1790758388241 945
1790758389557 637
1790758395519 941
1790758396826 622
1790758400666 631
1790758402013 945
1790758404361 633
1790758405366 626
1790758406372 631
1790758410567 947
1790758413290 628
1790758414294 632
1790758418446 945
1790758419735 641
1790758420732 639
1790758421723 626
1790758422696 635
1790758423680 634
1790758424669 638
1790758425658 951
1790758426960 640
1790758427947 638
1790758428929 630
1790758429910 635
1790758430889 639
1790758432989 952
1790758435023 637
1790758438899 635
1790758443472 948
1790758446205 635
1790758447220 628
1790758450682 948
1790758452343 637
1790758454746 634
1790758458599 944
1790758460960 635
1790758462674 632
1790758463693 636
1790758469676 955
1790758476286 947
1790758481215 633
1790758483635 950
1790758487792 636
1790758488803 631
1790758490158 948
1790758492543 638
1790758497106 952
1790758503382 630
1790758504727 953
1790758506744 635
1790758507756 632
1790758510536 639
1790758514007 949
1790758515298 630
1790758516273 628
1790758517244 628
1790758518221 630
1790758521370 950
1790758522687 634
1790758526538 641
1790758530031 949
1790758533462 635
1790758534483 631
1790758540448 954
1790758541788 632
1790758547767 971
1790758549128 636
1790758555102 954
1790758561763 947
1790758565906 635
1790758568670 950
1790758569990 646
1790758574545 639
1790758576966 955
1790758583644 947
1790758589921 633
1790758590926 948
1790758595783 628
1790758596761 638
1790758597751 954
1790758599053 634
1790758600041 643
1790758601036 629
1790758602022 637
1790758603027 632
1790758604683 952
1790758607750 643
1790758608752 623
1790758610441 637
1790758612868 953
1790758614213 642
1790758620585 950
1790758626833 632
1790758627848 947
1790758634131 631
1790758635145 935
1790758641425 631
1790758642438 952
1790758648747 628
1790758655060 951
1790758656395 640
1790758659161 628
1790758662965 951
1790758669640 955
1790758670975 634
1790758674105 622
1790758677213 953
1790758678534 631
1790758683399 631
1790758684370 957
1790758685692 626
1790758687046 637
1790758690535 630
1790758692948 939
1790758694966 631
1790758698848 632
1790758701987 946
1790758703322 634
1790758709652 949
1790758715559 635
1790758716565 945
1790758723561 954
1790758727014 632
1790758728380 632
1790758730787 953
1790758732469 638
1790758738814 950
1790758742948 627
1790758745717 949
1790758747042 632
1790758753366 948
1790758760021 953
1790758762403 634
1790758765891 637
1790758767990 948
1790758773906 636
1790758780629 951
1790758781950 632
1790758787217 954
1790758788909 633
1790758799862 950
1790758801181 639
1790758802552 632
1790758807781 952
1790758809456 638
1790758810459 631
1790758821383 954
1790758828787 955
1790758831533 632
1790758833949 634
1790758836714 951
1790758838033 638
1790758842592 633
1790758843573 942
1790758844866 631
1790758845844 635
1790758846830 642
1790758847839 640
1790758848860 639
1790758853049 942
1790758854345 637
1790758857125 636
1790758863180 952
1790758869464 636
1790758870463 960
1790758871795 634
1790758877424 971
1790758884464 949
1790758886495 632
1790758891397 952
1790758892721 630
1790758893723 633
1790758899321 948
1790758901006 640
1790758906254 956
1790758907571 633
1790758908936 638
1790758919519 955
1790758920837 635
1790758927138 950
1790758928431 641
1790758929416 635
1790758930410 642
1790758931405 637
1790758932387 641
1790758933380 636
1790758934394 951
1790758940729 636
1790758946733 966
1790758948085 628
1790758957973 959
1790758963940 633
1790758966717 948
1790758973759 954
1790758979701 637
1790758980705 962
1790758987730 956
1790758990833 638
1790759000432 955
1790759006405 639
1790759007780 954
1790759009109 637
1790759015093 960
1790759021779 953
1790759028087 645
1790759029107 951
1790759030779 629
1790759041775 951
1790759045581 628
1790759049071 948
1790759054667 635
1790759061757 960
1790759064873 638
1790759069106 954
1790759071502 634
1790759076416 961
1790759085304 949
1790759089490 636
1790759090504 633
1790759096861 962
1790759100684 638
1790759109499 952
1790759110834 637
1790759116822 948
1790759123533 958
1790759124872 636
1790759136576 952
1790759143261 954
1790759148851 638
1790759153074 955
1790759167242 953
1790759168912 637
1790759169923 634
1790759173077 629
1790759176558 956
1790759177891 650
1790759183880 954
1790759190911 960
1790759197213 644
1790759202509 962
1790759204549 635
1790759207689 633
1790759211553 955
1790759217852 642
1790759224592 957
1790759229463 633
1790759231173 957
1790759232496 648
1790759238145 964
1790759245530 963
1790759252193 958
1790759260627 968
1790759264830 639
1790759269056 958
1790759270363 642
1790759271361 637
1790759272353 642
1790759273362 635
1790759275444 640
1790759278603 961
1790759288518 953
1790759294843 633
1790759299446 956
1790759302199 632
1790759303216 637
1790759309245 955
1790759314469 635
1790759327966 959
1790759338912 958
1790759341302 631
1790759345130 630
1790759346108 958
1790759347416 636
1790759348394 639
1790759349387 643
1790759350381 640
1790759351379 643
1790759352371 648
1790759353370 966
1790759353370 87054 census
1790759441772 963
1790759447038 642
1790759460938 962
1790759466191 646
1790759470081 962
1790759471419 642
1790759473498 642
1790759478828 970
1790759482668 639
1790759487962 956
1790759495027 961
1790759501745 963
1790759525335 955
1790759530939 639
1790759532661 968
1790759536860 638
1790759538958 639
1790759541045 963
1790759559241 964
1790759564160 641
1790759565905 958
1790759567593 643
1790759578627 963
1790759584621 643
1790759589573 959
1790759594860 640
1790759599477 956
1790759608328 962
1790759622222 965
1790759623553 644
1790759624551 645
1790759625554 650
1790759626557 640
1790759627540 644
1790759628538 648
1790759629539 968
1790759631501 643
1790759632492 648
1790759633494 656
1790759634539 652
1790759635546 645
1790759640891 970
1790759642218 648
1790759646514 648
1790759649335 966
1790759650682 649
1790759673908 964
1790759675246 652
1790759681762 968
1790759685999 649
1790759694260 976
1790759701055 968
1790759702416 647
1790759707740 970
1790759709446 639
1790759712618 644
1790759738997 976
1790759745061 656
1790759746069 978
1790759747404 648
1790759748413 654
1790759749422 648
1790759750426 659
1790759751481 656
1790759760565 975
1790759763738 648
1790759776499 980
1790759785492 988
1790759789056 643
1790759790080 645
1790759791107 647
1790759802658 980
1790759809498 980
1790759833155 988
1790759849133 973
1790759851218 650
1790759852613 655
1790759859122 974
1790759893981 973
1790759899344 660
1790759901493 979
1790759907966 650
1790759914071 967
1790759923082 984
1790759926593 653
1790759927595 650
1790759928606 651
1790759929612 651
1790759930996 982
1790759935611 650
1790759936624 654
1790759944573 983
1790759949220 655
1790759954274 986
1790759958917 647
1790759970864 976
1790759982825 994
1790760000971 980
1790760002345 655
1790760019473 984
1790760025933 656
1790760026972 990
1790760030535 655
1790760034116 977
1790760040207 647
1790760041220 990
1790760042564 650
1790760043247 648
1790760044255 652
1790760045262 663
1790760046275 655
1790760047276 657
1790760048334 984
1790760057772 982
1790760066865 979
1790760079628 988
1790760091679 986
1790760095609 655
1790760121593 982
1790760139886 980
1790760141259 656
1790760151470 979
1790760153554 656
1790760154572 660
1790760155588 652
1790760156595 653
1790760157606 667
1790760158632 991
1790760160014 655
1790760163627 660
1790760165007 653
1790760166026 982
1790760167391 656
1790760169177 665
1790760190133 988
1790760193710 661
1790760226506 993
1790760233052 665
1790760241471 992
1790760247620 656
1790760271517 987
1790760281758 1097
1790760302088 990
1790760303432 660
1790760304446 666
1790760305465 663
1790760306524 668
1790760323504 987
1790760324878 661
1790760341554 999
1790760360705 998
1790760378751 1000
1790760385300 661
1790760397457 991
1790760403987 662
1790760416155 992
1790760428272 983
1790760434831 661
1790760446588 999
1790760448612 660
1790760449671 665
1790760455148 992
1790760468063 1002
1790760475023 989
1790760481245 670
1790760484896 996
1790760499619 997
1790760524058 993
1790760535452 996
1790760542399 991
1790760574647 995
1790760578634 659
1790760584515 993
1790760591473 991
1790760592835 670
1790760593870 670
1790760594903 660
1790760595923 668
1790760596952 666
1790760597973 675
1790760599010 999
1790760600369 670
1790760601431 677
1790760602490 676
1790760603530 668
1790760608644 1012
1790760610039 671
1790760638493 997
1790760645899 1003
1790760673603 1004
1790760686995 1023
1790760696258 1003
1790760701378 668
1790760714845 994
1790760725577 1003
1790760742773 1010
1790760767332 1018
1790760779174 1013
1790760780549 673
1790760781591 672
1790760782629 681
1790760783342 676
1790760784377 678
1790760785422 676
1790760786464 1012
1790760787841 680
1790760788888 680
1790760789936 680
1790760790984 676
1790760792038 680
1790760793090 679
1790760794518 1020
1790760798960 680
1790760800399 687
1790760801461 1019
1790760806260 682
1790760849404 1020
1790760859146 1014
1790760864349 680
1790760878662 1032
1790760880860 677
1790760890982 1008
1790760934028 1017
1790760955039 1010
1790760970008 1020
1790760971424 685
1790760972486 680
1790760973561 670
1790760978393 1028
1790760979796 672
1790760980867 680
1790760993237 1017
1790760996821 677
1790761075923 1020
1790761081196 678
1790771640528 1169
1790789861821 1305
1790789863612 894
1790789864990 887
1790789866380 900
1790789868791 897
1790789870187 1316
1790789872049 893
1790789873478 914
1790789874911 901
1790789876312 909
1790789877724 901
1790789879142 1309
1790789880962 918
1790789882374 907
1790789883783 908
1790789885216 907
1790789886662 910
1790789888079 1313
1790789889910 900
1790789891314 897
1790789892725 901
1790789894128 910
1790789895550 907
1790789896969 1325
1790789898794 922
1790789900234 912
1790789901646 905
1790789903049 904
1790789904454 907
1790789905876 1312
1790789907684 895
1790789909119 907
1790789910589 917
1790789913044 914
1790789914491 1330
1790789916843 908
1790789918270 922
1790789919721 896
1790789921128 905
1790789922553 908
1790789924030 1318
1790789925863 911
1790789927298 917
1790789928719 903
1790789930144 910
1790789931564 897
1790789932971 1305
1790789934779 888
1790789936175 906
1790789937587 907
1790789939007 902
1790789940411 901
1790789941821 1304
1790789943638 913
1790789946046 913
1790789952431 1312
1790789954249 903
1790789957142 898
1790789959054 895
1790789963029 1321
1790789965403 897
