1785688004048 19
1785688004094 19
1785688004140 21
1785688004189 22
1785688004242 23
1785688004298 23
1785688004395 22
1785688005349 21
1785688005393 25
1785688005442 44
1785688005510 438
1785688005971 47
1785688006042 21
1785688006096 22
1785688006143 23
1785688006200 22
1785688006246 48
1785688006320 22
1785688006366 22
1785688006420 22
1785688006472 23
1785688006527 23
1785688006584 24
1785688006641 24
1785688006700 23
1785688006758 24
1785688006818 25
1785688006880 26
1785688006940 24
1785688007000 24
1785688007060 26
1785688007123 25
1785688007186 26
1785688007250 25
1785688007313 26
1785688007376 26
1785688007441 25
1785688007505 26
1785688007572 27
1785688007627 27
1785688007693 27
1785688007760 27
1785688007827 27
1785688007895 27
1785688007944 28
1785688008013 28
1785688008070 28
1785688008140 28
1785688008198 28
1785688008268 28
1785688008326 28
1785688008398 31
1785688008459 30
1785688008532 29
1785688008606 28
1785688008665 29
1785688008740 29
1785688008791 30
1785688008866 30
1785688008927 31
1785688009004 30
1785688009065 30
1785688009141 30
1785688009203 31
1785688009282 30
1785688009345 31
1785688009425 31
1785688009478 32
1785688009560 31
1785688009624 32
1785688009695 32
1785688009750 32
1785688009835 32
1785688009901 33
1785688009986 32
1785688010053 35
1785688010142 33
1785688010196 34
1785688010282 33
1785688010350 35
1785688010439 39
1785688010514 36
1785688010605 35
1785688010677 36
1785688010770 36
1785688010843 35
1785688010935 35
1785688011008 36
1785688011100 37
1785688011159 36
1785688011233 37
1785688011330 38
1785688011390 37
1785688011466 38
1785688011551 37
1785688011627 38
1785688011704 37
1785688011787 39
1785688011848 38
1785688011925 38
1785688012027 38
1785688012105 40
1785688012167 39
1785688012270 40
1785688012352 39
1785688012432 40
1785688012519 38
1785688012599 38
1785688012678 39
1785688012784 40
1785688012865 40
1785688012947 39
1785688013053 40
1785688013116 40
1785688013198 41
1785688013308 41
1785688013392 42
1785688013476 42
1785688013567 41
1785688013651 42
1785688013736 42
1785688013849 42
1785688013934 42
1785688014019 68
1785688014192 89
1785688014394 73
1785688015034 66
1785688020509 59
1785688025682 44
1785688025772 43
1785688026836 45
1785688028312 44
1785688030029 46
1785688030150 45
1785688030240 44
1785688030330 44
1785688030420 45
1785688030510 45
1785688030600 45
1785688030722 47
1785688031286 46
1785688031379 46
1785688031952 48
1785688032048 47
1785688032143 47
1785688032238 47
1785688032332 46
1785688032426 46
1785688032520 47
1785688032615 47
1785688032710 47
1785688032805 48
1785688032901 46
1785688032995 47
1785688033090 46
1785688033184 47
1785688033279 47
1785688033374 48
1785688033470 47
1785688033564 47
1785688033660 48
1785688033756 47
1785688033851 47
1785688033948 48
1785688034044 47
1785688034141 48
1785688034238 47
1785688034334 48
1785688034430 48
1785688034619 49
1785688034716 48
1785688034829 48
1785688034926 48
1785688035430 49
1785688035533 49
1785688035634 48
1785688035735 48
1785688035835 48
1785688035937 49
1785688036038 48
1785688036137 49
1785688036238 49
1785688040982 48
1785688046240 49
1785688050949 46
1785688065497 47
1785688065628 46
1785688065722 47
1785688065817 47
1785688065912 48
1785688066010 48
1785688066106 48
1785688066202 48
1785688066298 46
1785688066394 47
1785688066489 46
1785688066585 47
1785688066949 47
1785688096840 47
1785688096971 48
1785688097068 47
1785688097166 47
1785688097262 47
1785688097358 49
1785688097456 48
1785688097553 47
1785688097649 47
1785688097746 47
1785688097843 47
1785688127674 49
1785688127808 49
1785688127906 49
1785688128004 48
1785688128103 49
1785688128201 48
1785688128299 48
1785688128396 48
1785688128494 48
1785688128591 47
1785688128689 48
1785688158464 49
1785688158595 50
1785688158695 48
1785688158793 48
1785688158890 49
1785688158990 49
1785688159089 49
1785688159188 49
1785688159289 48
1785688159387 49
1785688189512 49
1785688189613 50
1785688189751 49
1785688189851 50
1785688189952 49
1785688190052 50
1785688190153 50
1785688190254 51
1785688190355 50
1785688190455 50
1785688220418 51
1785688220520 50
1785688220622 50
1785688220699 49
1785688220836 51
1785688220938 49
1785688221039 50
1785688221141 50
1785688221243 49
1785688221343 50
1785688221445 50
1785688251231 51
1785688251333 50
1785688251438 50
1785688251540 51
1785688251653 49
1785688251753 50
1785688251855 50
1785688251956 51
1785688252058 51
1785688252161 50
1785688281921 51
1785688282024 51
1785688282128 51
1785688282232 52
1785688282337 52
1785688282442 52
1785688282586 51
1785688282690 52
1785688282770 52
1785688282874 51
1785688312718 53
1785688312824 52
1785688312929 53
1785688313034 52
1785688313140 52
1785688313245 51
1785688313350 53
1785688313493 53
1785688313599 52
1785688343401 54
1785688343510 53
1785688343616 54
1785688343724 54
1785688343831 52
1785688343912 52
1785688344018 53
1785688344125 53
1785688344205 53
1785688344311 53
1785688344417 53
1785688374290 53
1785688374397 53
1785688374504 54
1785688374612 52
1785688374717 52
1785688374824 52
1785688374931 53
1785688375039 55
1785688375148 54
1785688375256 54
1785688404946 55
1785688405094 54
1785688405203 54
1785688405311 53
1785688405420 53
1785688405528 53
1785688405636 55
1785688405746 54
1785688405855 53
1785688405963 53
1785688873772 52
1785688893268 53
1785688914230 52
1785688933468 53
1785688953692 54
1785688973110 53
1785688991949 54
1785689010514 53
1785689030703 52
1785689513211 51
1785689524754 53
1785689536131 53
1785689547544 52
1785689551227 54
1785689768654 55
1785689768763 54
1785689768872 54
1785689768981 54
1785689769090 54
1785689769199 55
1785689769309 54
1785689769418 54
1785689769527 54
1785689769636 54
1785689769745 53
1785689769854 53
1785689769963 55
1785689770073 55
1785689770182 55
1785689770334 54
1785689770443 53
1785689770550 54
1785689770658 54
1785689770767 54
1785689770876 263
1785689771194 54
1785689771303 53
1785689771411 52
1785689771517 53
1785689771626 54
1785689771737 55
1785689771848 54
1785689771975 54
1785689772085 54
1785689772195 54
1785689772303 54
1785689772413 55
1785689772499 53
1785689772607 52
1785689772716 54
1785689772826 55
1785689772936 55
1785689773047 54
1785689773157 54
1785689773266 53
1785689773373 54
1785689773483 54
1785689773593 56
1785689773746 56
1785689773857 54
1785689773966 54
1785689774052 53
1785689774161 54
1785689774271 55
1785689774357 53
1785689774465 55
1785689774576 54
1785689774686 54
1785689774797 55
1785689774909 55
1785689775021 54
1785689775131 55
1785689775243 55
1785689775355 55
1785689775465 54
1785689775574 54
1785689775683 54
1785689775791 54
1785689775877 55
1785689775988 55
1785689776099 56
1785689776212 55
1785689776322 54
1785689776432 54
1785689776544 55
1785689776655 55
1785689776809 57
1785689776923 55
1785689777035 55
1785689777147 55
1785689777258 54
1785689777370 55
1785689777483 56
1785689777596 57
1785689777710 56
1785689777822 56
1785689777936 55
1785689778048 55
1785689778162 56
1785689778274 55
1785689778362 55
1785689778475 55
1785689778562 56
1785689778675 55
1785689778762 55
1785689778874 56
1785689778987 56
1785689779100 56
1785689779213 56
1785689779326 56
1785689779440 56
1785689779553 56
1785689779667 56
1785689779779 56
1785689779892 56
1785689780051 56
1785689780165 55
1785689780279 56
1785689780393 56
1785689780506 56
1785689780619 57
1785689780734 56
1785689780848 55
1785689780962 55
1785689781076 55
1785689781190 56
1785689781300 56
1785689781414 57
1785689781529 57
1785689781643 56
1785689781757 56
1785689781872 56
1785689781986 56
1785689782100 57
1785689782216 56
1785689782330 56
1785689782444 57
1785689782592 56
1785689782707 57
1785689782823 57
1785689782972 58
1785689783087 57
1785689783244 56
1785689783357 57
1785689783472 57
1785689783603 57
1785689783717 56
1785689783830 57
1785689783945 56
1785689784059 56
1785689784172 56
1785689784285 55
1785689784397 55
1785689784510 56
1785689784622 55
1785689784710 55
1785689784821 57
1785689784951 57
1785689785064 56
1785689785178 58
1785689785293 58
1785689785407 57
1785689785522 57
1785689785638 57
1785689785754 57
1785689785871 58
1785689785986 57
1785689786102 57
1785689786217 56
1785689786332 57
1785689786447 58
1785689786608 58
1785689786726 57
1785689786842 57
1785689786958 57
1785689787074 57
1785689787190 58
1785689787340 57
1785689787456 56
1785689787570 57
1785689787684 56
1785689787797 57
1785689787911 57
1785689788024 57
1785689788139 56
1785689788252 57
1785689788366 56
1785689788477 57
1785689788585 57
1785689788699 57
1785689788813 57
1785689788919 58
1785689789033 57
1785689789122 56
1785689789210 56
1785689789300 56
1785689789389 55
1785689789478 57
1785689789590 58
1785689789681 57
1785689789795 58
1785689789911 58
1785689790023 59
1785689790140 81
1785689790281 81
1785689790485 80
1785689790625 82
1785689790766 82
1785689790908 81
1785689791049 81
1785689791205 81
1785689791347 82
1785689791488 80
1785689791629 82
1785689791771 82
1785689791911 80
1785689792066 82
1785689792205 81
1785689792345 81
1785689792485 81
1785689792625 81
1785689792765 81
1785689792904 81
1785689793046 81
1785689793186 81
1785689793327 81
1785689793467 80
1785689793607 81
1785689793747 81
1785689793888 82
1785689794030 81
1785689794171 82
1785689794314 81
1785689794524 82
1785689794664 82
1785689794805 80
1785689794977 82
1785689795119 81
1785689795259 81
1785689795399 81
1785689795538 82
1785689795679 82
1785689795820 82
1785689795977 81
1785689796119 82
1785689796261 82
1785689796404 82
1785689796547 82
1785689796690 81
1785689796833 81
1785689796975 82
1785689797119 82
1785689797261 81
1785689797403 82
1785689797545 82
1785689797689 81
1785689797831 83
1785689797974 81
1785689798116 81
1785689798257 82
1785689798399 82
1785689798540 82
1785689798769 83
1785689798930 83
1785689799074 83
1785689799220 83
1785689799365 84
1785689799509 83
1785689799654 83
1785689799798 82
1785689799940 82
1785689800082 82
1785689800225 82
1785689800367 81
1785689800511 83
1785689800656 84
1785689800801 83
1785689800945 82
1785689801106 84
1785689801252 83
1785689801397 83
1785689801542 84
1785689801688 83
1785689801831 82
1785689801973 82
1785689802115 82
1785689802257 82
1785689802399 82
1785689802543 83
1785689802688 83
1785689802923 83
1785689803067 83
1785689803226 83
1785689803371 82
1785689803513 82
1785689803659 84
1785689803805 83
1785689803951 84
1785689804097 83
1785689804243 85
1785689804389 84
1785689804535 84
1785689804682 83
1785689804827 84
1785689804972 83
1785689805118 84
1785689805281 84
1785689805428 83
1785689805573 83
1785689805718 85
1785689805864 83
1785689806007 84
1785689806152 83
1785689806296 81
1785689806437 81
1785689806578 81
1785689806719 82
1785689806862 81
1785689807006 84
1785689807152 83
1785689807369 83
1785689807514 84
1785689807659 83
1785689807803 83
1785689807947 85
1785689808111 83
1785689808258 85
1785689808406 84
1785689808552 84
1785689808697 84
1785689808842 85
1785689808990 82
1785689809137 84
1785689809283 85
1785689809429 85
1785689809577 84
1785689809724 84
1785689809870 85
1785689810019 85
1785689810166 84
1785689810312 84
1785689810459 85
1785689810608 84
1785689810754 84
1785689810902 85
1785689811049 85
1785689811197 85
1785689811345 84
1785689811564 86
1785689811712 85
1785689811859 83
1785690344563 83
1785690345460 83
1785690703885 85
1785690744432 85
1785690770955 87
1785690795426 87
1785690818285 87
1785690841299 85
1785690864772 85
1785690886995 88
1785690892232 84
