1786707615885 229648 22
1786707618001 231052 21
1786707618105 238564 20
1786707618230 245408 22
1786707619110 245500 22
1786707620090 245772 21
1786707621107 245780 22
1786707667098 245792 22
1786707678103 245796 23
1786707680111 245800 23
1786707686118 245804 23
1786707688110 245808 21
1786707701104 245812 23
1786707703174 245832 22
1786707703291 251700 23
1786707703427 271020 24
1786707703562 327184 25
1786707703695 351792 25
1786707703837 394260 26
1786707703981 435328 26
1786707704123 455220 26
1786707704270 485832 26
1786707704414 536852 26
1786707704564 556692 25
1786707704708 607640 28
1786707704859 648504 29
1786707705012 675948 29
1786707705162 710728 27
1786707705311 738152 27
1786707705459 751028 27
1786707705592 775228 27
1786707705741 789584 28
1786707705876 816968 29
1786707706032 857460 30
1786707706220 933992 29
1786707706375 1134696 30
1786707706616 1183972 27
1786707708318 1199472 32
1786707708553 1218648 32
1786707709046 1240240 29
1786707709183 1260416 29
1786707709365 1289312 30
1786707709526 1314180 29
1786707709847 1355908 30
1786707710235 1371264 29
1786707710505 1418292 28
1786707710660 1449132 31
1786707710960 1489300 31
1786707711485 1522668 34
1786707711649 1569104 30
1786707711869 1601860 34
1786707712463 1656212 34
1786707712763 1723860 30
1786707713291 1779560 32
1786707713487 1822896 34
1786707714056 1874400 31
1786707714325 1898192 34
1786707714470 1919032 30
1786707714950 1945596 31
1786707715124 1994588 35
1786707715463 2032356 35
1786707716143 2074564 35
1786707716289 2141900 32
1786707716516 2164940 34
1786707717110 2210828 34
1786707717279 2234332 32
1786707717561 2260904 33
1786707717797 2393528 35
1786707717967 2526340 33
1786707718136 2712060 35
1786707718308 2935292 36
1786707718825 2978988 37
1786707718972 3057828 34
1786707719139 3137708 36
1786707719310 3196072 38
1786707719459 3283128 38
1786707719632 3383500 38
1786707719807 3475052 38
1786707719981 3530952 38
1786707720135 3623120 38
1786707720312 3705068 39
1786707720491 3772648 39
1786707720643 3850480 38
1786707720818 3928312 39
1786707720993 3980736 40
1786707721901 3983388 39
1786707722725 3992836 39
1786707723603 3993572 42
1786707724489 3994220 40
1786707725389 3994544 39
1786707726295 3994892 43
1786707727191 3995080 40
1786707728088 3995208 39
1786707728985 3995436 42
1786707729956 3995776 41
1786707730850 3995868 42
1786707731729 3995988 41
1786707732625 3996168 40
1786707733533 3996412 42
1786707734417 3996548 42
1786707735394 3996644 43
1786707736383 3996696 38
1786707737189 3996732 40
1786707738065 3996784 41
1786707739019 3996860 41
1786707739879 3996924 43
1786707740846 3996980 43
1786707741850 3997468 43
1786707742870 3997516 42
1786707743799 3997644 42
1786707744792 3997768 42
1786707745750 3997828 40
1786707746620 3997896 42
1786707747555 3998080 42
1786707748457 4009452 41
1786707749397 4015784 43
1786707750309 4015932 41
1786707751217 4016024 42
1786707752168 4016108 41
1786707753280 4016124 43
1786707754356 4016184 43
1786707757150 4024112 44
1786707758239 4031684 44
1786707759442 4036044 41
1786707760379 4063652 41
1786707761254 4066496 43
1786707762436 4075028 44
1786707763477 4076568 44
1786707764452 4076672 44
1786707765476 4118164 45
1786707766016 4179664 46
1786707766509 4236276 45
1786707768585 4249188 45
1786707771997 4295740 47
1786707773422 4345316 46
1786707774639 4356108 44
1786707774819 4428464 47
1786707775393 4489600 47
1786707776806 4542856 48
1786707777582 4620672 49
1786707779226 4651492 50
1786707793594 4684532 49
1786707795431 4696904 49
1786707810861 4707688 51
1786707812634 4732272 46
1786707828033 4744096 50
1786707829613 4756396 49
1786707845159 4756944 49
1786707861903 4790328 52
1786707862273 4847084 51
1786707863397 4880228 48
1786707864656 4880296 49
1786707880103 4881492 49
1786707897243 4889740 48
1786707914004 4892412 50
1786707915761 4904704 52
1786707948104 4910352 53
1786707949676 4910356 50
1786707965084 4910364 52
