1790738692460 46360 27
1790738692658 48348 23
1790738692744 48896 19
1790738693602 48904 22
1790738694616 48996 23
1790738694698 57716 24
1790738694789 113076 23
1790738694901 122620 22
1790738695009 157440 21
1790738695099 177980 21
1790738695603 177996 21
1790738696065 191184 23
1790738696220 201612 24
1790738696734 205056 24
1790738696825 228516 24
1790738696924 238240 26
1790738697024 242468 24
1790738697117 246824 24
1790738697234 255292 24
1790738697333 261720 25
1790738697434 265860 25
1790738697528 272232 26
1790738697629 276444 25
1790738697722 280564 26
1790738697823 286784 28
1790738697928 407592 28
1790738698040 622832 29
1790738698153 834004 27
1790738698268 956976 26
1790738699012 957424 27
1790738699894 976992 32
1790738700010 1032324 28
1790738700116 1085576 26
1790738700220 1120404 28
1790738700796 1121804 26
1790738701029 1139032 29
1790738701352 1150696 27
1790738701900 1162744 28
1790738701997 1201748 30
1790738702107 1241136 27
1790738702380 1290264 29
1790738702568 1312484 31
1790738703180 1328392 30
1790738704406 1330448 34
1790738705535 1330532 34
1790738706722 1332124 31
1790738708430 1341496 33
1790738708536 1360936 31
1790738709371 1361580 32
1790738709478 1443360 29
1790738709599 1613396 30
1790738709720 1787532 31
1790738709844 1842832 30
1790738710862 1842852 33
1790738711898 1846356 31
1790738712782 1846964 32
1790738713455 1847112 37
1790738714297 1847668 35
1790738715166 1849264 35
1790738715950 1849336 31
1790738716667 1849868 33
1790738717513 1849896 30
1790738718249 1850160 32
1790738719091 1850208 29
1790738720004 1850400 33
1790738720873 1850460 31
1790738721827 1850544 33
1790738722667 1850560 30
1790738723550 1850592 31
1790738724590 1850668 31
1790738725969 1850708 32
1790738727299 1850736 31
1790738727996 1851212 32
1790738730154 1851880 37
1790738731644 1852068 31
1790738732603 1853316 30
1790738733364 1858824 30
1790738739159 1861796 32
1790738740022 1866240 34
1790738740820 1885744 31
1790738741387 1955084 32
1790738741531 2093116 35
1790738741659 2285104 34
1790738785302 2307756 35
1790738786290 2335804 35
1790738828284 2346164 37
1790738828402 2445928 36
1790738872044 2464036 40
1790738916424 2520908 38
1790739045583 2528092 35
1790739132181 2530796 40
1790739176667 2533008 36
