1790717586176 54
1790717587169 59
1790717593253 76
1790717593690 76
1790717594133 78
1790717594286 94
1790717594558 35
1790717599346 75
1790717601550 92
1790717608738 78
1790717608860 41
1790717608945 72
1790717609060 40
1790717609144 76
1790717609283 78
1790717609406 40
1790717609509 73
1790717609627 70
1790717609762 40
1790717609847 38
1790717609959 40
1790717610043 40
1790717610128 39
1790717610212 41
1790717610297 73
1790717610414 41
1790717610499 39
1790717610583 41
1790717610669 40
1790717610754 40
1790717610839 42
1790717610924 43
1790717611011 75
1790717611130 41
1790717611215 42
1790717611302 38
1790717611386 40
1790717611471 41
1790717611556 40
1790717611639 41
1790717611724 74
1790717611842 38
1790717611925 37
1790717612039 41
1790717612197 73
