1790717705491 268324 23
1790717705692 272632 23
1790717705919 275752 20
1790717706018 280684 23
1790717706640 290636 23
1790717706977 302912 22
1790717707806 306348 27
1790717707905 361112 27
1790717708027 446576 25
1790717708149 491328 25
1790717708274 535796 25
1790717708398 569660 25
1790717708520 594112 28
1790717708643 604732 26
1790717708751 622888 25
1790717708883 647300 25
1790717709006 671740 26
1790717709133 690816 26
1790717709262 707044 27
1790717709392 724108 29
1790717709524 745144 27
1790717709653 759524 26
1790717709765 779544 27
1790717709896 803628 30
1790717710037 864660 29
1790717710184 917552 30
1790717710331 967616 30
1790717710474 1003304 30
1790717710961 1013612 28
1790717711437 1023992 28
1790717711762 1034556 30
1790717712247 1055144 31
1790717713035 1076096 35
1790717713578 1132468 33
1790717714010 1180272 31
1790717714321 1195252 30
1790717717833 1207944 35
1790717717968 1496956 30
1790717718099 1630076 31
1790717718235 1658172 31
1790717718345 1781052 30
1790717718471 1955132 29
1790717720334 2015596 29
1790717720459 2056548 30
1790717727696 2065608 38
1790717727906 2106568 34
1790717728047 2135240 32
1790717728267 2184392 34
1790717728493 2231500 35
1790717729247 2234384 33
1790717729953 2239060 35
1790717730714 2245960 34
1790717730902 2290832 31
