1790210018664 80
1790210018779 49
1790210018863 52
1790210018949 51
1790210019037 62
1790210019139 99
1790210019274 84
1790210019397 79
1790210019512 81
1790210019630 78
1790210019747 82
1790210019866 83
1790210019987 81
1790210020107 84
1790210020231 81
1790210020350 83
1790210020472 85
1790210020595 80
1790210020717 92
1790210020848 84
1790210020971 89
1790210021098 83
1790210021220 89
1790210021348 87
1790210021474 86
1790210021598 85
1790210021723 88
1790210021852 91
1790210021982 90
1790210022115 92
1790210022248 88
1790210022378 90
1790210022508 91
1790210022643 96
1790210022780 95
1790210022914 95
1790210023051 96
1790210023190 96
1790210023328 94
1790210023464 98
1790210023604 96
1790210023740 97
1790210023879 98
1790210024018 122
1790210024183 98
1790210024323 98
1790210024463 100
1790210024604 103
1790210024750 101
1790210024891 99
1790210025034 102
1790210025178 101
1790210025322 102
1790210025465 104
1790210025612 104
1790210025761 104
1790210025910 105
1790210026061 106
1790210026209 105
1790210026355 106
1790210026505 103
1790210026653 105
1790210026801 107
1790210026952 106
1790210027099 105
1790210027248 109
1790210027397 105
1790210027535 108
1790210027687 109
1790210027827 109
1790210027979 122
1790210028132 104
1790210028277 104
1790210028412 104
1790210028560 106
1790210028698 105
1790210028844 109
1790210028993 27
1790210029052 28
1790210029112 104
1790210029285 28
1790210029344 110
1790210029487 29
1790210029547 29
1790210029647 31
1790210029709 116
1790210029858 29
1790210029919 29
1790210030007 30
1790210030069 112
1790210030224 30
1790210030285 29
1790210030371 31
1790210030437 110
1790210030604 29
1790210030725 111
1790210030894 29
1790210030956 31
1790210031071 116
1790210031259 32
1790210031374 115
1790210031574 31
1790210031674 117
1790210031824 29
1790210031911 30
1790210032025 116
1790210032212 30
1790210032325 117
1790210032527 31
1790210032654 115
1790210032853 30
1790210032966 117
1790210033153 30
1790210033268 119
1790210033473 31
1790210033575 34
1790210033642 114
1790210033818 30
1790210033931 116
1790210034118 34
1790210034187 30
1790210034275 121
1790210034481 30
1790210034583 123
1790210034739 28
1790210034827 121
1790210035034 30
1790210035133 31
1790210035197 121
1790210035351 30
1790210035414 30
1790210035502 31
1790210035566 121
1790210035732 35
1790210035801 32
1790210035918 121
1790210036126 30
1790210036228 126
1790210036440 32
1790210036558 124
1790210036755 32
1790210036819 33
1790210036912 126
1790210037124 31
1790210037226 126
1790210037438 32
1790210037556 127
1790210037770 31
1790210037874 127
1790210038089 33
1790210038208 127
1790210038424 31
1790210038529 130
1790210038748 32
1790210038865 127
1790210039081 31
1790210039187 130
1790210039377 31
1790210039442 31
1790210039535 31
1790210039599 129
1790210039789 31
1790210039897 130
1790210040116 32
1790210040236 130
1790210040453 32
1790210040558 128
1790210040775 32
1790210040898 129
1790210041088 32
1790210041154 32
1790210041233 33
1790210041299 134
1790210041495 35
1790210041596 31
1790210041660 128
1790210041850 30
1790210041953 33
1790210042022 132
1790210042216 31
1790210042337 132
1790210042531 35
1790210042603 31
1790210042709 134
1790210042931 31
1790210043024 33
1790210043094 134
1790210043291 33
1790210043398 137
1790210043629 31
1790210043747 129
1790210043965 31
1790210044069 133
1790210044290 31
1790210044411 136
1790210044610 36
1790210044750 140
1790210044952 30
1790210045071 137
1790210045296 32
1790210045404 140
1790210045636 31
1790210045756 31
1790210045878 137
1790210046090 34
1790210046213 32
1790210046306 31
1790210046372 140
1790210046577 32
1790210046698 31
1790210046808 142
1790210047014 32
1790210047080 32
1790210047146 32
1790210047212 32
1790210047334 143
1790210047541 34
1790210047624 32
1790210047690 33
1790210047756 33
1790210047852 146
1790210048089 34
1790210048186 34
1790210048255 33
1790210048337 144
1790210048516 34
1790210048613 33
1790210048736 146
1790210048946 33
1790210049073 33
1790210049184 147
1790210049425 34
1790210049551 33
1790210049648 147
1790210049889 33
1790210050002 35
1790210050132 157
1790210050355 35
1790210050452 33
1790210050521 33
1790210050618 147
1790210050845 35
1790210050943 34
1790210051012 37
1790210051113 34
1790210051181 147
1790210051393 34
1790210051491 33
1790210051560 33
1790210051645 148
1790210051889 33
1790210052016 34
1790210052115 149
1790210052356 34
1790210052468 33
1790210052593 151
1790210052808 34
1790210052878 34
1790210052947 33
1790210053014 34
1790210053141 151
1790210053342 34
1790210053412 34
1790210053511 33
1790210053610 35
1790210053681 152
1790210053900 34
1790210054029 34
1790210054145 154
1790210054365 38
1790210054441 34
1790210054511 34
1790210054580 34
1790210054681 155
1790210054930 34
1790210055030 34
1790210055146 157
1790210055370 34
1790210055442 33
1790210055539 32
1790210055664 148
1790210055878 33
1790210055947 32
1790210056014 33
1790210056084 33
1790210056196 150
1790210056411 33
1790210056480 33
1790210056578 33
1790210056677 144
1790210056857 33
1790210056955 33
1790210057053 31
1790210057120 34
1790210057205 156
1790210057459 42
1790210057569 32
1790210057695 154
1790210057916 34
1790210057985 33
1790210058083 33
1790210058197 157
1790210058421 36
1790210058495 33
1790210058595 33
1790210058696 158
1790210058891 37
1790210058967 34
1790210059039 39
1790210059118 36
1790210059191 35
1790210059280 37
1790210059354 161
1790210059580 35
1790210059681 38
1790210059758 34
1790210059858 158
1790210060083 39
1790210060163 33
1790210060263 33
1790210060379 162
1790210060608 39
1790210060688 34
1790210060785 34
1790210060887 37
1790210060964 161
1790210061193 35
1790210061294 34
1790210061379 34
1790210061450 162
1790210061712 34
1790210061814 35
1790210061885 33
1790210061987 162
1790210062216 34
1790210062287 34
1790210062390 34
1790210062507 161
1790210062737 34
1790210062807 34
1790210062908 34
1790210063010 34
1790210063081 34
1790210063182 163
1790210063414 34
1790210063544 34
1790210063662 35
1790210063764 162
1790210063965 35
1790210064067 35
1790210064170 35
1790210064242 33
1790210064343 167
1790210064580 34
1790210064714 34
1790210064799 35
1790210064871 34
1790210064973 170
1790210065244 34
1790210065348 34
1790210065420 34
1790210065524 34
1790210065627 167
1790210065894 35
1790210066014 35
1790210066119 36
1790210066191 34
1790210066263 35
1790210066336 171
1790210066574 35
1790210066679 35
1790210066751 34
1790210066854 34
1790210066959 171
1790210067216 37
1790210067354 34
1790210067458 35
1790210067591 169
1790210067831 35
1790210067965 34
1790210068068 35
1790210068189 171
1790210068461 36
1790210068566 35
1790210068671 35
1790210068745 35
1790210068817 39
1790210068898 170
1790210069107 35
1790210069180 35
1790210069285 37
1790210069410 38
1790210069518 168
1790210069787 35
1790210069891 35
1790210070026 35
1790210070131 172
1790210070401 35
1790210070491 35
1790210070565 36
1790210070639 34
1790210070711 37
1790210070818 175
1790210071032 35
1790210071107 37
1790210071181 35
1790210071256 37
1790210071330 36
1790210071437 38
1790210071579 179
1790210071816 38
1790210071954 36
1790210072060 38
1790210072201 177
1790210072451 38
1790210072592 37
1790210072668 37
1790210072744 37
1790210072853 184
1790210073130 37
1790210073239 39
1790210073349 37
1790210073425 38
1790210073531 181
1790210073784 37
1790210073925 38
1790210074035 38
1790210074176 183
1790210074416 38
1790210074559 37
1790210074668 37
1790210074809 184
1790210075065 38
1790210075176 39
1790210075320 38
1790210075430 185
1790210075709 38
1790210075820 38
1790210075931 37
1790210076074 189
1790210076337 39
1790210076449 38
1790210076527 37
1790210076637 38
1790210076749 187
1790210077030 39
1790210077142 39
1790210077287 38
1790210077398 192
1790210077664 39
1790210077743 38
1790210077821 42
1790210077908 37
1790210077985 38
1790210078062 38
1790210078140 38
1790210078218 188
1790210078464 40
1790210078579 38
1790210078725 38
1790210078837 192
1790210079103 39
1790210079217 38
1790210079294 36
1790210079370 37
1790210079446 37
1790210079557 38
1790210079656 190
1790210079919 39
1790210079998 38
1790210080075 38
1790210080152 37
1790210080230 38
1790210080308 40
1790210080389 39
1790210080467 37
1790210080545 38
1790210080624 195
1790210080859 42
1790210080946 38
1790210081024 39
1790210081104 37
1790210081182 39
1790210081280 38
1790210081359 39
1790210081472 192
1790210081739 38
1790210081819 39
1790210081898 38
1790210081976 38
1790210082055 43
1790210082142 37
1790210082218 38
1790210082297 38
1790210082375 37
1790210082452 195
1790210082722 42
1790210082829 44
1790210082917 37
1790210082994 43
1790210083083 37
1790210083160 39
1790210083239 37
1790210083318 199
1790210083558 40
1790210083639 39
1790210083721 39
1790210083800 39
1790210083881 39
1790210083960 37
1790210084038 38
1790210084117 38
1790210084196 198
1790210084434 42
1790210084519 38
1790210084617 40
1790210084731 41
1790210084846 39
1790210084995 195
1790210085266 38
1790210085379 38
1790210085493 42
1790210085577 38
1790210085657 38
1790210085735 37
1790210085813 37
1790210085890 197
1790210086148 39
1790210086262 38
1790210086376 39
1790210086456 38
1790210086536 39
1790210086617 39
1790210086698 207
1790210086982 38
1790210087062 40
1790210087178 40
1790210087296 40
1790210087412 39
1790210087549 207
1790210087832 40
1790210087948 40
1790210088029 39
1790210088110 40
1790210088191 39
1790210088306 40
1790210088422 205
1790210088705 39
1790210088822 40
1790210088973 40
1790210089075 40
1790210089191 207
1790210089441 40
1790210089522 40
1790210089603 40
1790210089684 39
1790210089765 41
1790210089848 38
1790210090000 39
1790210090081 39
1790210090162 203
1790210090407 39
1790210090487 39
1790210090603 40
1790210090683 38
1790210090763 39
1790210090901 38
1790210091016 208
1790210091303 40
1790210091419 40
1790210091536 40
1790210091619 40
1790210091700 39
1790210091816 39
1790210091898 207
1790210092147 43
1790210092236 40
1790210092317 39
1790210092435 39
1790210092539 42
1790210092623 41
1790210092742 209
1790210093030 41
1790210093148 40
1790210093302 39
1790210093418 40
1790210093537 210
1790210093826 39
1790210093944 40
1790210094063 47
1790210094174 40
1790210094255 39
1790210094372 210
1790210094661 40
1790210094743 40
1790210094826 44
1790210094915 40
1790210094998 40
1790210095118 40
1790210095201 41
1790210095285 214
1790210095581 40
1790210095664 40
1790210095746 40
1790210095886 42
1790210096006 41
1790210096127 217
1790210096425 40
1790210096543 40
1790210096626 40
1790210096709 41
1790210096792 40
1790210096877 41
1790210096996 40
1790210097080 216
1790210097339 41
1790210097496 43
1790210097604 41
1790210097725 41
1790210097845 40
1790210097967 212
1790210098266 42
1790210098387 41
1790210098471 41
1790210098555 41
1790210098678 41
1790210098762 41
1790210098846 41
1790210098968 223
1790210099272 42
1790210099357 42
1790210099464 41
1790210099586 46
1790210099719 42
1790210099840 41
1790210099961 222
1790210100263 41
1790210100386 41
1790210100471 41
1790210100556 41
1790210100678 42
1790210100764 41
1790210100849 41
1790210100973 233
1790210101274 42
1790210101359 41
1790210101483 46
1790210101612 42
1790210101734 42
1790210101859 41
1790210101981 227
1790210102291 44
1790210102417 44
1790210102541 42
1790210102627 42
1790210102714 43
1790210102838 43
1790210102985 227
1790210103293 43
1790210103419 42
1790210103545 41
1790210103669 43
1790210103793 43
1790210103917 229
1790210104229 42
1790210104353 43
1790210104478 43
1790210104564 42
1790210104651 42
1790210104799 42
1790210104922 229
1790210105234 44
1790210105361 43
1790210105487 43
1790210105613 43
1790210105738 42
1790210105863 232
1790210106179 42
1790210106303 43
1790210106427 43
1790210106515 42
1790210106602 42
1790210106712 44
1790210106801 43
1790210106889 231
1790210107203 45
1790210107333 44
1790210107460 44
1790210107588 44
1790210107716 45
1790210107843 236
1790210108163 43
1790210108251 43
1790210108340 43
1790210108467 43
1790210108593 43
1790210108744 44
1790210108832 42
1790210108920 237
1790210109240 44
1790210109368 42
1790210109494 42
1790210109620 43
1790210109748 44
1790210109876 240
1790210110201 43
1790210110328 43
1790210110457 43
1790210110584 45
1790210110740 44
1790210110867 243
1790210111194 43
1790210111321 44
1790210111449 43
1790210111578 44
1790210111707 44
1790210111836 240
1790210112122 204
1790210112122 46
1790210112426 43
1790210112514 42
1790210112602 62
1790210112850 64
1790210114360 61
1790210115815 83
1790210134002 268
1790210153233 290
1790210158328 243
1790210158618 44
1790210158709 44
1790210158800 45
1790210158891 45
1790210158983 44
1790210159074 45
1790210159167 45
1790210159258 44
1790210159348 45
1790210159440 45
1790210159533 46
1790210159625 45
1790210159718 45
1790210159810 44
1790210159902 46
1790210159997 44
1790210160087 45
1790210160180 45
1790210166022 241
1790210166311 45
1790210166404 46
1790210166496 44
1790210166588 46
1790210166665 45
1790210166755 46
1790210166850 45
1790210166942 46
1790210167034 46
1790210167127 46
1790210167220 46
1790210167312 45
1790210167405 47
1790210167500 211
1790210167500 47
1790210167813 45
1790210167907 46
1790210168198 48
1790210168296 257
1790210168817 49
1790210168915 49
1790210169013 49
1790210169112 49
1790210169210 47
1790210169308 48
1790210169406 48
1790210169505 52
1790210169607 48
1790210169747 260
1790210170101 48
1790210170241 50
1790210170384 49
1790210170526 49
1790210170653 48
1790210170794 49
1790210170935 262
1790210171290 47
1790210171429 47
1790210171568 47
1790210171707 49
1790210171850 49
1790210171990 48
1790210172132 262
1790210172487 47
1790210172628 47
1790210172769 48
1790210172896 50
1790210173037 49
1790210173179 49
1790210173321 269
1790210173683 49
1790210173825 48
1790210173967 49
1790210174108 48
1790210174249 49
1790210174392 49
1790210174534 268
1790210174895 51
1790210175039 49
1790210175139 49
1790210175268 48
1790210175367 48
1790210175510 47
1790210175651 49
1790210175793 266
1790210176152 49
1790210176295 49
1790210176437 50
1790210176580 48
1790210176722 48
1790210176864 48
1790210177005 269
1790210177368 47
1790210177499 48
1790210177636 49
1790210177780 49
1790210177923 50
1790210178067 49
1790210178211 270
1790210178576 48
1790210178720 49
1790210178862 50
1790210179005 49
1790210179148 49
1790210179291 49
1790210179437 273
1790210179804 50
1790210179937 49
1790210180082 49
1790210180226 49
1790210180372 49
1790210180516 50
1790210180662 274
1790210181032 49
1790210181179 50
1790210181281 50
1790210181383 50
1790210181484 50
1790210181585 49
1790210181686 51
1790210181789 49
1790210181889 49
1790210182028 275
1790210182399 49
1790210182531 52
1790210182673 49
1790210182819 50
1790210182965 51
1790210183111 51
1790210183257 276
1790210183630 51
1790210183775 55
1790210183929 49
1790210184076 50
1790210184221 50
1790210184368 50
1790210184515 280
1790210184891 50
1790210185023 50
1790210185163 49
1790210185309 49
1790210185454 49
1790210185599 49
1790210185746 279
1790210186121 49
1790210186268 50
1790210186413 50
1790210186560 50
1790210186706 49
1790210186852 49
1790210186997 287
1790210187382 50
1790210187517 51
1790210187620 49
1790210187722 51
1790210187825 50
1790210187927 49
1790210188028 51
1790210188130 50
1790210188232 51
1790210188381 51
1790210188529 285
1790210188911 52
1790210189061 51
1790210189209 49
1790210189356 50
1790210189503 50
1790210189651 50
1790210189798 50
1790210189946 286
1790210190317 52
1790210190467 51
1790210190617 51
1790210190765 51
1790210190914 50
1790210191063 53
1790210191215 50
1790210191364 291
1790210191755 52
1790210191860 50
1790210191962 50
1790210192065 49
1790210192213 49
1790210192355 50
1790210192497 52
1790210192641 52
1790210192777 292
1790210193169 50
1790210193319 50
1790210193468 50
1790210193621 51
1790210193771 51
1790210193875 52
1790210193978 51
1790210194082 51
1790210194187 49
1790210194289 290
1790210194678 53
1790210194829 51
1790210194979 52
1790210195129 51
1790210195279 51
1790210195431 52
1790210195564 52
1790210195716 295
1790210196111 51
1790210196261 51
1790210196412 51
1790210196562 51
1790210196712 51
1790210196863 51
1790210197014 52
1790210197166 297
1790210197562 52
1790210197713 52
1790210197866 51
1790210198017 53
1790210198170 53
1790210198323 53
1790210198462 53
1790210198618 295
1790210199014 51
1790210199165 51
1790210199317 51
1790210199467 50
1790210199615 49
1790210199762 50
1790210199911 50
1790210200059 50
1790210200163 293
1790210200509 50
1790210200612 50
1790210200715 50
1790210200818 52
1790210200924 51
1790210201022 51
1790210201173 51
1790210201323 52
1790210201461 52
1790210201614 300
1790210202016 50
1790210202168 53
1790210202321 52
1790210202475 51
1790210202625 51
1790210202774 50
1790210202924 52
1790210203074 294
1790210203468 51
1790210203623 50
1790210203727 50
1790210203877 52
1790210204030 54
1790210204187 51
1790210204323 51
1790210204426 287
1790210204811 48
1790210204956 49
1790210205106 50
1790210205210 49
1790210205358 51
1790210205508 51
1790210205661 53
1790210205768 54
1790210205920 314
1790210206335 52
1790210206490 54
1790210206598 53
1790210206705 53
1790210206862 51
1790210207018 52
1790210207176 54
1790210207321 55
1790210207433 52
1790210207585 310
1790210207996 51
1790210208150 52
1790210208256 51
1790210208410 50
1790210208562 51
1790210208667 52
1790210208823 53
1790210208979 53
1790210209088 306
1790210209499 52
1790210209606 53
1790210209716 54
1790210209826 53
1790210209982 53
1790210210139 55
1790210210278 55
1790210210438 55
1790210210598 55
1790210210708 316
1790210211131 53
1790210211292 56
1790210211454 56
1790210211567 55
1790210211726 54
1790210211885 54
1790210212043 55
1790210212153 54
1790210212307 315
1790210212728 53
1790210212836 53
1790210212947 55
1790210213060 53
1790210213212 54
1790210213359 56
1790210213524 53
1790210213682 54
1790210213792 54
1790210213952 321
1790210214379 54
1790210214492 54
1790210214651 53
1790210214807 52
1790210214914 53
1790210215074 54
1790210215234 54
1790210215344 54
1790210215503 322
1790210215932 56
1790210216044 51
1790210216201 54
1790210216361 54
1790210216509 55
1790210216621 53
1790210216781 54
1790210216941 55
1790210217053 323
1790210217483 55
1790210217646 56
1790210217760 56
1790210217922 55
1790210218085 56
1790210218198 55
1790210218361 56
1790210218527 57
1790210218642 56
1790210218754 330
1790210219141 55
1790210219304 54
1790210219416 55
1790210219577 54
1790210219726 54
1790210219888 55
1790210220002 56
1790210220166 56
1790210220332 330
1790210220720 57
1790210220884 58
1790210221048 57
1790210221163 56
1790210221328 58
1790210221494 55
1790210221607 56
1790210221773 56
1790210221939 326
1790210222327 57
1790210222493 56
1790210222659 58
1790210222775 56
1790210222929 56
1790210223095 56
1790210223262 56
1790210223377 57
1790210223543 57
1790210223711 331
1790210224100 55
1790210224264 53
1790210224426 55
1790210224589 55
1790210224702 56
1790210224867 55
1790210225030 56
1790210225145 57
1790210225259 55
1790210225373 55
1790210225487 56
1790210225602 338
1790210226050 58
1790210226168 57
1790210226335 57
1790210226490 59
1790210226659 56
1790210226773 55
1790210226939 55
1790210227104 57
1790210227222 58
1790210227391 340
1790210227841 56
1790210227954 56
1790210228121 56
1790210228287 57
1790210228403 56
1790210228571 57
1790210228741 55
1790210228854 58
1790210229022 58
1790210229190 337
1790210229586 56
1790210229751 57
1790210229906 58
1790210230074 58
1790210230191 58
1790210230360 59
1790210230531 58
1790210230649 58
1790210230817 59
1790210230987 351
1790210231397 59
1790210231567 61
1790210231693 59
1790210231813 59
1790210231932 59
1790210232051 58
1790210232169 58
1790210232288 59
1790210232457 59
1790210232576 57
1790210232745 57
1790210232916 352
1790210233328 59
1790210233488 59
1790210233658 59
1790210233778 58
1790210233950 58
1790210234120 59
1790210234239 60
1790210234412 58
1790210234583 58
1790210234701 349
1790210235161 58
1790210235333 58
1790210235452 58
1790210235624 60
1790210235795 58
1790210235914 58
1790210236087 59
1790210236259 58
1790210236376 58
1790210236546 355
1790210237014 59
1790210237175 60
1790210237295 58
1790210237468 58
1790210237582 57
1790210237753 58
1790210282207 358
1790210282632 60
1790210282753 59
1790210282874 60
1790210282995 59
1790210283170 61
1790210283295 61
1790210283474 56
1790210283591 56
1790210283758 58
1790210283876 58
1790210284048 365
1790210284479 62
1790210284660 61
1790210284785 63
1790210284965 61
1790210285089 59
1790210285250 59
1790210285426 59
1790210285539 58
1790210285713 61
1790210285838 363
1790210286317 60
1790210286439 60
1790210286615 60
1790210286736 60
1790210286912 59
1790210287033 59
1790210287208 60
1790210287331 60
1790210287508 61
1790210287631 60
1790210287810 367
1790210288239 59
1790210288415 60
1790210288539 60
1790210288717 61
1790210288842 58
1790210288995 59
1790210289168 60
1790210289289 59
1790210289465 61
1790210289590 61
1790210289769 367
1790210290199 61
1790210290376 61
1790210290500 61
1790210290679 61
1790210290802 60
1790210290981 63
1790210291106 64
1790210291288 62
1790210291413 62
1790210291592 61
1790210291716 370
1790210292205 61
1790210292329 61
1790210292509 61
1790210292676 63
1790210292803 61
1790210292982 60
1790210293104 62
1790210293285 61
1790210293411 61
1790210293591 60
1790210293715 374
1790210294152 64
1790210294280 61
1790210294405 61
1790210294530 61
1790210294710 62
1790210294835 61
1790210295016 62
1790210295142 62
1790210295268 63
1790210295395 62
1790210295521 62
1790210295706 62
1790210295830 380
1790210296274 65
1790210296405 63
1790210296531 62
1790210296701 63
1790210296827 63
1790210296953 62
1790210297079 62
1790210297204 61
1790210297330 62
1790210297513 62
1790210297639 62
1790210297822 62
1790210297948 394
1790210298464 62
1790210298590 63
1790210298774 62
1790210298899 61
1790210299081 63
1790210299206 61
1790210299332 62
1790210299458 59
1790210299581 65
1790210299711 66
1790210299844 61
1790210299969 62
1790210300095 383
1790210300599 63
1790210300725 63
1790210300899 63
1790210301027 63
1790210301210 64
1790210301337 62
1790210301524 63
1790210301653 63
1790210301839 63
1790210301968 64
1790210302095 65
1790210302224 393
1790210302682 64
1790210302812 64
1790210302940 63
1790210303069 64
1790210303255 63
1790210303383 62
1790210303511 63
1790210303638 63
1790210303767 64
1790210303896 67
1790210304087 65
1790210304218 63
1790210304405 392
1790210304863 63
1790210305050 64
1790210305224 65
1790210305353 64
1790210305483 63
1790210305612 64
1790210305742 64
1790210305873 64
1790210306059 64
1790210306190 64
1790210306377 65
1790210306508 63
1790210306693 403
1790210307163 64
1790210307352 62
1790210307479 64
1790210307610 63
1790210307740 65
1790210307872 64
1790210308002 66
1790210308192 64
1790210308323 64
1790210308453 67
1790210308587 65
1790210368408 400
1790210385417 398
1790210386150 430
1790210386790 406
1790210387621 428
1790210388195 423
1790210389061 453
1790210389744 441
1790210390486 449
1790210391351 94
1790210391596 440
1790210392471 459
1790210393264 454
1790210393914 77
1790210394313 462
1790210395041 487
1790210395861 94
1790210396353 108
1790210422281 532
1790210422899 84
1790210423069 83
1790210423307 532
1790210423925 86
1790210424100 84
1790210424270 535
1790210424892 85
1790210425130 85
1790210425302 548
1790210425936 84
1790210426108 86
1790210426283 552
1790210426923 87
1790210427168 85
1790210427342 551
1790210427982 88
1790210428171 91
1790210435349 363
1790210457524 341
1790210805544 608
1790210806296 108
1790210806570 159
1790210806895 108
1790210807144 163
1790210807580 614
1790210808470 122
1790210808707 109
1790210808945 132
1790210809256 125
1790210809510 108
1790210809800 109
1790210809988 109
1790210810307 111
1790210810546 108
1790210810850 612
1790210811587 126
1790210811825 110
1790210812098 109
1790210812284 124
1790210812535 110
1790210812960 127
1790211646589 698
1790211647416 144
1790211647802 136
1790211648138 129
1790211648491 133
1790211648675 220
1790211649010 131
1790211649481 707
1790211650470 133
1790211650932 133
1790211651479 140
1790211652401 131
1790212517206 792
1790212518115 161
1790212518886 156
1790212519119 156
1790212519613 162
1790212520067 159
1790212520893 807
1790212521924 158
1790212522211 159
1790212522548 161
1790212522964 159
1790214424313 894
1790214425665 184
1790214426107 182
1790214426336 178
1790214426571 181
1790214427281 323
1790219214204 1125
1790219216366 241
1790219216868 246
1790219217433 244
1790219218195 243
1790219218495 242
1790219218806 247
1790222743845 1260
1790222745433 267
1790222746016 268
1790222746341 265
1790222746937 254
1790222747789 263
1790223404947 742
1790223410086 512
1790223561298 520
1790234373266 714
1790234399981 1527
1790234401838 617
1790234402555 1555
1790234404515 1481
1790234406350 338
1790234407024 328
1790234407705 1557
1790234409597 334
1790234410004 1557
1790234412391 343
1790234414256 335
1790234415787 331
1790234416192 339
1790234416888 336
1790234417600 1573
1790234419531 336
1790234419951 340
1790234420710 632
1790234423702 611
1790234424706 626
1790234425699 1554
1790234427723 339
1790234429944 333
1790234458564 970
1790246287786 1170
1790250714167 543
1790263037610 802
1790263110460 930
1790275910307 874
1790275962962 1052
1790302953636 1030
1790302956866 489
1790303112076 466
1790315417076 698
1790315455397 1675
1790315457501 367
1790315457956 371
1790315459480 360
1790315488779 985
1790327111081 1388
1790331938517 558
1790342728287 651
1790342789604 847
1790353239261 683
