1785365591755 59
1785365591872 35
1785365591949 54
1785365592047 30
1785365592119 31
1785365592193 33
1785365592283 56
1785365592380 34
1785365592484 54
1785365592592 52
1785365592697 32
1785365592770 29
1785365592841 52
1785365592935 33
1785365593023 53
1785365593118 57
1785365593238 60
1785365593364 61
1785365593491 62
1785365593618 65
1785365593750 66
1785365593881 62
1785365593990 59
1785365594116 61
1785365594243 66
1785365594356 62
1785365594481 64
1785365594613 64
1785365594743 66
1785365594857 39
1785365594963 63
1785365595097 65
1785365595229 67
1785365595363 66
1785365595500 68
1785365595645 70
1785365595792 69
1785365595935 76
1785365596087 69
1785365596235 72
1785365596384 78
1785365596542 73
1785365596696 76
1785365597022 66
1785365597137 36
1785365597221 62
1785365597350 66
1785365597484 65
1785365597600 71
1785365597738 67
1785365597876 69
1785365600981 69
1785365601118 70
1785365601254 68
1785365601387 70
1785365601523 68
1785365601656 66
1785365602054 72
1785365602190 72
1785365602330 67
1785365602466 77
1785365606412 73
1785365606553 74
1785365606697 40
1785365612752 83
1785365612886 42
1785365612979 80
1785365613110 44
1785365613225 80
1785365613357 40
1785365613469 79
1785365613598 43
