# timestamp_ms rss_kb
1786823132839 16428
1786823133097 24060
1786823133181 59784
1786823133269 113256
1786823133356 172628
1786823133443 225304
1786823133838 253636
1786823133926 312144
1786823160374 319616
1786823163512 326036
1786823165028 334320
1786823165222 341020
1786823165389 347884
1786823165557 355940
1786823165723 363680
1786823165889 371264
1786823166059 379124
1786823166300 394128
1786823166405 411304
1786823166512 433136
1786823166620 455800
1786823166730 477604
1786823166842 494520
1786823166953 510096
1786823167065 526432
1786823167176 542188
1786823167290 562340
1786823167404 600368
1786823167519 662544
1786823167638 753364
1786823167763 780868
1786823169116 814884
1786823169244 871960
1786823169376 935044
1786823169514 1001404
1786823170632 1043808
1786823170780 1091136
1786823170931 1141104
1786823171079 1222524
1786823171773 1254620
1786823172161 1280476
1786823172515 1306500
1786823172908 1332856
1786823173398 1380144
1786823173566 1411764
1786823173735 1448488
1786823173894 1485676
1786823174057 1523856
1786823174234 1561360
1786823174413 1599244
1786823174594 1636724
1786823174932 1693256
1786823175283 1750636
1786823175622 1806804
1786823175980 1863316
1786823176856 1937428
1786823177411 1984284
1786823177592 2072492
1786823177785 2239364
1786823177990 2525292
1786823178614 2597428
1786823178811 2709564
1786823179007 2982172
1786823179206 3107748
1786823180336 3171244
1786823180751 3253300
1786823181222 3329212
1786823181643 3409732
1786823182115 3491652
1786823182422 3569100
1786823182617 3707540
1786823182814 3833820
1786823183014 3966948
1786823183213 4105516
1786823185221 4202916
1786823185809 4301440
1786823186404 4404140
1786823186996 4508384
1786823187582 4608964
1786823188122 4713464
1786823188717 4811988
1786823189254 4913468
1786823189841 5014052
1786823190544 5135996
1786823191083 5240300
1786823191773 5353192
1786823192486 5471612
1786823193139 5590664
1786823193846 5716008
1786823194559 5837108
1786823194985 5956048
1786823195185 6103836
1786823195390 6252336
1786823195595 6396732
1786823195805 6550672
1786823196172 6759924
1786823196381 6907784
1786823196584 7055828
1786823196963 7281752
1786823197167 7427488
1786823197374 7578684
1786823197759 7818836
1786823198140 8056884
1786823198522 8266380
1786823210873 8478476
1786823211195 8712292
1786823211580 8939452
1786823211907 9171272
1786823212297 9401756
1786823212689 9629476
1786823212997 9832332
1786823213387 10090824
1786823213716 10327520
1786823214055 10557292
1786823214578 10805140
1786823217744 11030976
1786823218629 11257532
1786823222608 11490012
1786823225226 11726992
1786823230052 11976928
1786823231783 12247172
1786823242103 12513324
1786823243515 12826344
1786823248462 13086948
1786823250892 13443228
1786823253989 13754776
1786823254636 14052800
1786823255175 14372832
1786823255720 14672120
1786823256265 14996240
1786823257799 15311604
1786823307480 15619396
1786823360923 15936884
1786823751262 16255660
1786823802504 16309436 (true peak, below trigger threshold; snapshot is in peaks/peak.smaps)
