1786770126259 60
1786770126372 57
1786770126491 42
1786770126631 56
1786770126773 63
1786770126994 38
1786770127085 64
1786770127211 59
1786770127360 66
1786770127617 62
1786770127757 58
1786770128005 76
1786770128152 31
1786770128259 62
1786770128420 61
1786770128552 39
1786770128653 61
1786770128864 38
1786770128947 45
1786770129071 59
1786770129191 51
1786770129314 64
1786770129485 35
1786770129607 63
1786770129766 71
1786770130014 52
1786770130177 66
1786770130371 73
1786770130548 54
1786770130729 64
1786770130866 61
1786770131095 88
1786770131284 68
1786770131469 71
1786770131618 37
1786770131802 46
1786770131948 71
1786770132069 86
1786770132239 42
1786770132410 45
1786770132553 70
1786770132710 39
1786770132836 69
1786770133060 69
1786770133318 87
1786770133518 37
1786770133701 68
1786770133862 40
1786770133946 40
1786770134029 37
1786770134110 72
1786770134228 39
1786770134312 39
1786770134395 36
1786770134473 37
1786770134554 36
1786770134634 37
1786770134714 37
1786770134794 65
1786770134903 35
1786770134982 65
1786770135110 68
1786770135261 66
1786770135392 70
1786770135617 40
1786770137403 71
1786770137693 79
1786770137967 86
1786770146686 86
