1786770126259 543260 26
1786770126372 608888 26
1786770126631 616812 25
1786770126773 626768 24
1786770127085 647532 25
1786770127211 657408 26
1786770127360 664948 26
1786770127617 674188 26
1786770127757 687832 26
1786770128005 696276 28
1786770128259 705860 26
1786770128420 716660 28
1786770128653 726368 26
1786770129071 745664 27
1786770129314 756884 27
1786770129607 772600 28
1786770129766 785276 27
1786770130177 805676 28
1786770130371 819784 30
1786770130729 836052 29
1786770130866 845452 27
1786770131095 854584 30
1786770131284 864940 29
1786770131469 878204 29
1786770131948 899736 29
1786770132069 909176 28
1786770132553 929348 29
1786770132836 943288 29
1786770133060 964020 29
1786770133318 974048 30
1786770133701 995612 29
1786770134110 1006752 33
1786770134794 1006912 29
1786770134982 1021828 28
1786770135110 1043220 31
1786770135261 1074972 28
1786770135392 1109128 30
1786770137403 1221236 31
1786770137693 1603500 33
1786770137967 2556648 35
1786770146686 2609328 38
