# timestamp_ms rss_kb
1790407208824 28660
1790407208922 45376
1790407209000 61852
1790407209081 78664
1790407209159 171000
1790407209239 263284
1790407209316 281172
1790407209395 301720
1790407209509 324336
1790407209640 330992
1790407209843 340264
1790407209922 350448
1790407210071 358064
1790407210150 369904
1790407210352 384012
1790407210431 397552
1790407210511 638984
1790407210606 965928
1790407210711 1488908
1790407210814 1687192
1790407210915 2650092
1790407211022 3091076
1790407211127 3317496
1790407211234 3548888
1790407211346 3799132
1790407211454 4032896
1790407211572 4316328
1790407211700 4698680
1790407211837 5096044
1790407211988 5536696
1790407212162 5819868
1790407212368 6150900
1790407212611 6542600
1790407212905 7032528
1790407213208 7500404
1790407213542 7994076
1790407213912 8622808
1790407214396 9286764
1790407214919 9839832
1790407215473 10316732
1790407215969 10745908
1790407216587 11361892
1790407217151 11955900
1790407217887 12982288
1790407218683 13923216
1790407219544 14801784
1790407220312 15365248
1790407221116 15958780
1790407221968 16531004
1790407222851 17122984
1790407223916 17914196
1790407224873 18472536
1790407226056 19695496
1790407227113 20461424
1790407228420 21596076
1790407229592 22466852
1790407231025 23396760
1790407238350 24156088
1790407240920 24768412
1790407244240 25386648
1790407247031 25954420
1790407248355 26982204
1790407250004 29043408
1790407251791 30662364
1790407269679 31289948
1790407299094 31922680
1790407325024 32563368
1790407352151 33224080
1790407601993 33948848
1790407604627 34672752
1790407607920 35505640
1790407611566 36557544
1790407614574 37544420
1790407617620 38358724
1790407621032 39218588
1790407624402 40199472
1790407628102 41245920
1790407631491 42170820
1790407634930 43341200
1790407638897 44299944
1790407642207 45275216
1790407645882 46297144
1790407649265 47295296
1790407652860 48252852
1790407656754 49295372
1790407659835 50306132
1790407663942 51557076
1790407668663 52783076
1790407672715 53841832
1790407677156 55133668
1790407681588 56494976
1790407690178 57974408
1790407698901 59245260
1790407707778 60482700
1790407713193 61707620
1790407719603 63010416
1790407736366 64464756
1790407744904 65821104
1790407763492 67251556
1790407774396 68669568
1790407784085 70144948
1790407793873 71768044
1790407806229 73292744
1790407874097 74778552
1790407988071 76339708
1790407997611 77928300
1790408005242 79736116
1790408019171 81368856
1790408029275 83199348
1790408045311 85050516
1790408123121 86801704
1790408141440 88577320
1790408150690 90375464
1790408169092 92239616
1790408212783 94312020
1790408228723 96227576
1790408237816 98211636
1790408261241 100296692
1790408280650 102357508
1790408295917 104405868
1790408359275 106580148
1790408387690 108740788
1790408404700 111069432
1790408445404 113326660
1790408452612 115614844
1790408482318 117958808
1790408492216 120500432
1790408501915 122933696
1790408513473 125530608
1790408525226 128271692
1790408566104 132395872
1790408575123 135131032
1790408591443 137907208
1790408601602 140828768
1790408618825 143770504
1790408628591 146794680
1790408638620 149844952
1790408649044 152854108
1790408670491 156186696
1790408761828 159460500
1790408779248 163987280
1790408888366 167296504
1790408951898 170756144
1790408970730 175802688
1790408973004 179348484
1790408980846 183161156
1790409071741 186883892
1790409093673 190930016
1790409192202 194784060
1790409200104 199441272
1790409207951 203553976
1790409227934 207758004
1790409436709 212381084
1790409687604 217573948
1790411017775 222124304
1790411253286 226644220
1790411273224 231572352
1790411502739 236396516
1790411923948 241215896
1790412147623 246210508
1790414235061 251277504
1790414283777 256375560
1790415850440 261513524
1790416328971 266847696
1790420167692 272343844
1790423631039 276340184 (true peak, below trigger threshold; snapshot is in peaks/peak.smaps)
