1790407208824 65
1790407208922 43
1790407209000 45
1790407209081 44
1790407209159 45
1790407209239 43
1790407209316 45
1790407209395 40
1790407209509 41
1790407209590 24
1790407209640 45
1790407209720 24
1790407209771 45
1790407209843 43
1790407209922 43
1790407210000 44
1790407210071 45
1790407210150 45
1790407210229 24
1790407210280 44
1790407210352 43
1790407210431 43
1790407210511 49
1790407210606 55
1790407210711 55
1790407210814 50
1790407210915 55
1790407211022 56
1790407211127 56
1790407211234 58
1790407211346 57
1790407211454 59
1790407211572 64
1790407211700 69
1790407211837 73
1790407211988 84
1790407212162 99
1790407212368 115
1790407212611 136
1790407212905 160
1790407213208 181
1790407213542 200
1790407213912 228
1790407214396 254
1790407214919 264
1790407215473 279
1790407215969 299
1790407216587 317
1790407217151 347
1790407217887 387
1790407218683 410
1790407219544 436
1790407220312 463
1790407221116 494
1790407221968 514
1790407222851 509
1790407223916 553
1790407224873 570
1790407226056 610
1790407227113 635
1790407228420 681
1790407229592 704
1790407231025 732
1790407232506 493
1790407233269 499
1790407234036 498
1790407234799 498
1790407235559 498
1790407237329 723
1790407238350 732
1790407239626 732
1790407240391 498
1790407240920 732
1790407242173 501
1790407242707 741
1790407243714 494
1790407244240 729
1790407245489 496
1790407246256 743
1790407247031 510
1790407248355 788
1790407250004 868
1790407251791 930
1790407253676 626
1790407254633 633
1790407255603 625
1790407256563 639
1790407257540 636
1790407258512 937
1790407259785 632
1790407260746 629
1790407261708 643
1790407262686 633
1790407263652 617
1790407264597 918
1790407265852 636
1790407266813 619
1790407267756 635
1790407268721 627
1790407269679 616
1790407271219 902
1790407272456 628
1790407273412 623
1790407274364 627
1790407275324 626
1790407276271 621
1790407277223 911
1790407278461 624
1790407279417 626
1790407280364 622
1790407281313 630
1790407282276 626
1790407283235 918
1790407284484 623
1790407285433 636
1790407286399 622
1790407287356 626
1790407288316 626
1790407288973 623
1790407289923 918
1790407291175 631
1790407292135 628
1790407293092 629
1790407294052 631
1790407295014 627
1790407295968 903
1790407297199 623
1790407298145 622
1790407299094 625
1790407300664 607
1790407301599 621
1790407302551 918
1790407303795 628
1790407304752 629
1790407305704 610
1790407306642 630
1790407307602 620
1790407308542 921
1790407309789 622
1790407310742 631
1790407311702 635
1790407312368 631
1790407313332 629
1790407314294 627
1790407315249 917
1790407316497 622
1790407317450 620
1790407318393 615
1790407319325 623
1790407320278 620
1790407320929 619
1790407321882 924
1790407323130 620
1790407324076 614
1790407325024 613
1790407326544 625
1790407327504 622
1790407328459 921
1790407329709 613
1790407330650 625
1790407331600 626
1790407332545 606
1790407333477 618
1790407334427 923
1790407335678 620
1790407336627 625
1790407337586 610
1790407338530 626
1790407339488 624
1790407340440 911
1790407341682 617
1790407342330 635
1790407343292 618
1790407344238 618
1790407345188 625
1790407346142 630
1790407347102 914
1790407348352 616
1790407349297 630
1790407350244 625
1790407351199 618
1790407352151 628
1790407353718 914
1790407354969 625
1790407355925 615
1790407356863 618
1790407357813 631
1790407358772 619
1790407359721 923
1790407360964 615
1790407361911 621
1790407362859 611
1790407363803 622
1790407364753 626
1790407365701 914
1790407366946 628
1790407367898 624
1790407368855 616
1790407369803 614
1790407370744 617
1790407371693 920
1790407372942 624
1790407373897 620
1790407375162 620
1790407376108 614
1790407377052 619
1790407377995 910
1790407379232 621
1790407380500 619
1790407382074 608
1790407383635 623
1790407385527 904
1790407386757 609
1790407387694 616
1790407388639 611
1790407389281 613
1790407390217 609
1790407391146 614
1790407392088 911
1790407393327 619
1790407394277 621
1790407395219 612
1790407396165 615
1790407397107 620
1790407398051 913
1790407399282 609
1790407400210 610
1790407401146 621
1790407402094 610
1790407403035 603
1790407403964 903
1790407405191 611
1790407406120 604
1790407407048 615
1790407407988 624
1790407408934 617
1790407409872 905
1790407411101 613
1790407412037 616
1790407412966 611
1790407413901 604
1790407414825 604
1790407415761 913
1790407416705 610
1790407417641 615
1790407418577 613
1790407419516 608
1790407420446 598
1790407421367 609
1790407422302 909
1790407423534 613
1790407424473 611
1790407425413 614
1790407426350 616
1790407427292 609
1790407428225 895
1790407429437 617
1790407430376 611
1790407431310 611
1790407432248 601
1790407433170 618
1790407434106 894
1790407435325 610
1790407436260 611
1790407437195 613
1790407438131 604
1790407439055 604
1790407439977 888
1790407441190 618
1790407442135 609
1790407443060 614
1790407443996 621
1790407444934 603
1790407445856 897
1790407447076 615
1790407448017 613
1790407448956 620
1790407449896 615
1790407450826 604
1790407451753 893
1790407452968 611
1790407453903 598
1790407454830 621
1790407455773 616
1790407456705 614
1790407457645 902
1790407458867 613
1790407459802 615
1790407460744 597
1790407461658 616
1790407462599 619
1790407463536 910
1790407464766 608
1790407465698 609
1790407466635 600
1790407467562 613
1790407468494 611
1790407469429 895
1790407470647 613
1790407471574 614
1790407472514 604
1790407473441 612
1790407474375 609
1790407475308 898
1790407476239 612
1790407477173 604
1790407478091 585
1790407478706 584
1790407479601 597
1790407480514 591
1790407481419 895
1790407482640 588
1790407483535 604
1790407484446 611
1790407485375 607
1790407486302 596
1790407487215 898
1790407488429 602
1790407489353 597
1790407490265 590
1790407491177 603
1790407492105 598
1790407493027 894
1790407494238 608
1790407495167 607
1790407496095 609
1790407497028 601
1790407497950 602
1790407498870 871
1790407500054 596
1790407500963 603
1790407501884 612
1790407502817 595
1790407503723 599
1790407504643 892
1790407505851 603
1790407506776 603
1790407507704 599
1790407508620 596
1790407509537 597
1790407510453 871
1790407511647 602
1790407512567 594
1790407513476 591
1790407514384 603
1790407515306 604
1790407516228 886
1790407517429 600
1790407518346 585
1790407519252 602
1790407520172 598
1790407521087 592
1790407522001 881
1790407523198 591
1790407524109 593
1790407525010 589
1790407525916 595
1790407526822 595
1790407527733 870
1790407528917 595
1790407529544 588
1790407530447 592
1790407531349 585
1790407532255 597
1790407533166 604
1790407534088 878
1790407535285 593
1790407536197 602
1790407537117 603
1790407538036 591
1790407538944 598
1790407539856 886
1790407541056 598
1790407541970 584
1790407542874 596
1790407543789 587
1790407544694 596
1790407545612 886
1790407546816 593
1790407547726 578
1790407548616 596
1790407549530 592
1790407550440 595
1790407551352 858
1790407552519 582
1790407553418 602
1790407554337 604
1790407555256 586
1790407556158 592
1790407557061 867
1790407558235 599
1790407559147 603
1790407560067 600
1790407560974 589
1790407561869 588
1790407562778 879
1790407563978 597
1790407564894 588
1790407565795 591
1790407566694 602
1790407567610 602
1790407568527 880
1790407569723 601
1790407570644 587
1790407571553 600
1790407572471 597
1790407573384 584
1790407574276 878
1790407575468 597
1790407576383 599
1790407577610 599
1790407578529 591
1790407579730 602
1790407580652 883
1790407582162 604
1790407583700 603
1790407584622 599
1790407585541 595
1790407586452 878
1790407587644 600
1790407588552 588
1790407589454 591
1790407590358 596
1790407591271 592
1790407592175 885
1790407593372 586
1790407594274 588
1790407595174 594
1790407596089 567
1790407596963 600
1790407597878 886
1790407600005 589
1790407601385 574
1790407601993 599
1790407603476 837
1790407604627 585
1790407606081 891
1790407607291 592
1790407607920 878
1790407609711 887
1790407610633 604
1790407611566 895
1790407613068 849
1790407613952 585
1790407614574 896
1790407616394 895
1790407617620 609
1790407618865 897
1790407620090 614
1790407621032 905
1790407622568 895
1790407623786 580
1790407624402 897
1790407626218 905
1790407627452 614
1790407628102 905
1790407629646 581
1790407630261 896
1790407631491 616
1790407633027 911
1790407633972 611
1790407634930 871
1790407636721 615
1790407637670 904
1790407638897 586
1790407640096 877
1790407641290 595
1790407642207 880
1790407644021 906
1790407645256 589
1790407645882 911
1790407647434 597
1790407648067 877
1790407649265 586
1790407650752 886
1790407651959 583
1790407652860 870
1790407654643 582
1790407655550 886
1790407656754 587
1790407657961 907
1790407658905 601
1790407659835 931
1790407661409 593
1790407662043 920
1790407663296 608
1790407663942 924
1790407665811 618
1790407666468 921
1790407667713 619
1790407668663 920
1790407670510 617
1790407671460 922
1790407672715 610
1790407674272 917
1790407675226 618
1790407676179 938
1790407677156 614
1790407678713 923
1790407679675 613
1790407680326 930
1790407681588 616
1790407683162 925
1790407684421 619
1790407685077 612
1790407686028 622
1790407686983 628
1790407687947 623
1790407688907 931
1790407690178 616
1790407691713 941
1790407692992 601
1790407693922 622
1790407694885 619
1790407695834 605
1790407696772 882
1790407697982 603
1790407698901 593
1790407700416 899
1790407701635 624
1790407702590 620
1790407703573 610
1790407704219 632
1790407704887 610
1790407705532 606
1790407706174 925
1790407707133 611
1790407707778 612
1790407709028 615
1790407709679 929
1790407710946 598
1790407711580 606
1790407712223 930
1790407713193 620
1790407714881 933
1790407716273 620
1790407716937 615
1790407718102 937
1790407719603 626
1790407722000 607
1790407723403 936
1790407725046 619
1790407726561 614
1790407727968 609
1790407729519 618
1790407730863 903
1790407732426 625
1790407733807 599
1790407735073 623
1790407736366 948
1790407739112 614
1790407740323 938
1790407741308 629
1790407742475 626
1790407743691 622
1790407744904 940
1790407747698 626
1790407748942 631
1790407750283 620
1790407751568 958
1790407753179 625
1790407754431 633
1790407755726 622
1790407756989 628
1790407758245 941
1790407759855 617
1790407761061 618
1790407762269 630
1790407763492 611
1790407765718 942
1790407767347 617
1790407768534 630
1790407769746 612
1790407770975 945
1790407772470 621
1790407773730 614
1790407774396 627
1790407776681 945
1790407778170 626
1790407779269 628
1790407780408 616
1790407781535 921
1790407782959 613
1790407784085 619
1790407786234 945
1790407787760 614
1790407788888 596
1790407790009 620
1790407791194 946
1790407792667 598
1790407793873 628
1790407795717 917
1790407797233 603
1790407798460 618
1790407799655 627
1790407800336 610
1790407801591 604
1790407802804 908
1790407804327 595
1790407804981 597
1790407806229 625
1790407808798 624
1790407810073 945
1790407811693 631
1790407812996 608
1790407814254 634
1790407815485 621
1790407816698 955
1790407818255 619
1790407819466 588
1790407820623 602
1790407821790 606
1790407823042 619
1790407824324 914
1790407825917 595
1790407827193 586
1790407828460 594
1790407829733 588
1790407831015 912
1790407832613 594
1790407833888 595
1790407835164 601
1790407836446 606
1790407837823 906
1790407839432 600
1790407840747 613
1790407842098 590
1790407843426 623
1790407844830 902
1790407846510 592
1790407847916 596
1790407849332 594
1790407850782 600
1790407852260 963
1790407854119 597
1790407855564 603
1790407857013 587
1790407858473 617
1790407860006 952
1790407861865 614
1790407863409 599
1790407864921 605
1790407866443 597
1790407867940 913
1790407869709 600
1790407871153 627
1790407872636 620
1790407874097 643
1790407876977 953
1790407878657 619
1790407879972 618
1790407881273 623
1790407882562 619
1790407883864 950
1790407885510 627
1790407886829 602
1790407888081 628
1790407889994 607
1790407891233 955
1790407892846 602
1790407894100 606
1790407895381 599
1790407896612 595
1790407897856 919
1790407899453 615
1790407900756 623
1790407902055 620
1790407903334 614
1790407904611 919
1790407906174 591
1790407907403 599
1790407908637 599
1790407909860 614
1790407911125 946
1790407912709 620
1790407913977 604
1790407915206 599
1790407916440 606
1790407917683 944
1790407919244 599
1790407920475 599
1790407921708 606
1790407922944 601
1790407924173 635
1790407925453 911
1790407926977 605
1790407928184 619
1790407929418 626
1790407930707 623
1790407932015 968
1790407933684 635
1790407937031 626
1790407939761 970
1790407941462 643
1790407943564 637
1790407944836 613
1790407946043 613
1790407947227 960
1790407948248 622
1790407949555 624
1790407950864 628
1790407957618 920
1790407961949 619
1790407968290 975
1790407972668 615
1790407974461 624
1790407976842 965
1790407978293 623
1790407980208 625
1790407981572 606
1790407983197 630
1790407984799 958
1790407986085 622
1790407986744 631
1790407987410 626
1790407988071 638
1790407989668 630
1790407990631 956
1790407991621 635
1790407992290 629
1790407992955 639
1790407993928 638
1790407994603 629
1790407995271 979
1790407996283 631
1790407996947 632
1790407997611 627
1790407998900 630
1790407999566 638
1790408000238 944
1790408001219 627
1790408001885 624
1790408002547 633
1790408003217 632
1790408003889 977
1790408005242 618
1790408006653 622
1790408007769 973
1790408008790 636
1790408009480 632
1790408010696 629
1790408011944 629
1790408014479 628
1790408015729 940
1790408017973 608
1790408019171 624
1790408021466 611
1790408022679 984
1790408024287 637
1790408025497 629
1790408026675 631
1790408027837 972
1790408029275 633
1790408031434 630
1790408032681 992
1790408034353 628
1790408035655 629
1790408036917 631
1790408038198 623
1790408039470 610
1790408040667 978
1790408042247 630
1790408043400 634
1790408044087 635
1790408045311 629
1790408046827 983
1790408048397 621
1790408049582 606
1790408050788 627
1790408052036 640
1790408053245 623
1790408054457 980
1790408056003 627
1790408057242 637
1790408058528 609
1790408059767 625
1790408061069 624
1790408063682 994
1790408065328 631
1790408066571 641
1790408067848 600
1790408069049 615
1790408070268 623
1790408071491 979
1790408074419 608
1790408076319 603
1790408080636 938
1790408083471 606
1790408096957 977
1790408098555 607
1790408099776 606
1790408123121 972
1790408125931 602
1790408127158 593
1790408128409 943
1790408129962 629
1790408131215 598
1790408132431 626
1790408133697 600
1790408134912 598
1790408136131 950
1790408137695 596
1790408138913 617
1790408140182 617
1790408141440 625
1790408143824 939
1790408145465 626
1790408146729 617
1790408148028 626
1790408149375 621
1790408150690 977
1790408153512 608
1790408154787 628
1790408156094 629
1790408157371 612
1790408158602 942
1790408160158 618
1790408161408 601
1790408162618 622
1790408163865 605
1790408165076 595
1790408166273 938
1790408167825 628
1790408169092 603
1790408171517 609
1790408172764 599
1790408174002 939
1790408175585 605
1790408176827 605
1790408178078 598
1790408181842 936
1790408183422 605
1790408184665 608
1790408185920 630
1790408187199 591
1790408197744 981
1790408208409 984
1790408209433 628
1790408210101 637
1790408210773 626
1790408211439 633
1790408212116 625
1790408212783 984
1790408214477 634
1790408215151 626
1790408216207 632
1790408217332 996
1790408218382 635
1790408219078 631
1790408220398 635
1790408225875 988
1790408227497 629
1790408228723 611
1790408231123 627
1790408232367 630
1790408233553 961
1790408234998 629
1790408236068 610
1790408236728 619
1790408237816 988
1790408240313 638
1790408241626 630
1790408243534 602
1790408244767 607
1790408245964 948
1790408247500 617
1790408248723 632
1790408249949 604
1790408251145 640
1790408252449 639
1790408253745 996
1790408255318 639
1790408256564 644
1790408257713 623
1790408258395 641
1790408259590 997
1790408261241 634
1790408263656 627
1790408264347 630
1790408265607 628
1790408266864 988
1790408268487 633
1790408269719 629
1790408271001 632
1790408272314 641
1790408273632 616
1790408274890 987
1790408276506 625
1790408277688 627
1790408278370 615
1790408279540 642
1790408280650 634
1790408282738 993
1790408284153 611
1790408284815 634
1790408285898 618
1790408287026 624
1790408288168 987
1790408289722 631
1790408290925 628
1790408292124 630
1790408293385 635
1790408294635 639
1790408295917 994
1790408298812 631
1790408300084 614
1790408301306 621
1790408302604 639
1790408303880 949
1790408305445 636
1790408306140 614
1790408307336 600
1790408308520 615
1790408309770 639
1790408311087 1000
1790408312739 635
1790408313946 631
1790408315210 611
1790408316421 637
1790408317708 632
1790408318999 967
1790408342135 987
1790408344469 620
1790408345763 633
1790408347069 646
1790408348399 641
1790408349711 1013
1790408351397 629
1790408352698 634
1790408353995 640
1790408355265 596
1790408356484 605
1790408357707 958
1790408359275 619
1790408361680 602
1790408362900 606
1790408364126 602
1790408365944 951
1790408367493 605
1790408368697 605
1790408369927 603
1790408371784 596
1790408373018 955
1790408374591 607
1790408375833 606
1790408377058 600
1790408378285 602
1790408379532 611
1790408380763 952
1790408382421 635
1790408383735 638
1790408385055 632
1790408386370 625
1790408387690 993
1790408390725 633
1790408392065 625
1790408393352 612
1790408394619 633
1790408395932 970
1790408397567 629
1790408398883 632
1790408400245 635
1790408401594 632
1790408402961 1002
1790408404700 629
1790408407383 640
1790408408733 638
1790408411447 993
1790408413111 635
1790408414453 641
1790408416164 630
1790408417500 631
1790408418831 996
1790408420492 641
1790408421787 603
1790408423035 627
1790408440088 960
1790408441402 637
1790408442411 638
1790408443418 636
1790408444405 650
1790408445404 1021
1790408447409 644
1790408448408 973
1790408449721 604
1790408450665 622
1790408451635 633
1790408452612 601
1790408454169 991
1790408455506 621
1790408456472 629
1790408457454 630
1790408458418 626
1790408459386 640
1790408460064 642
1790408461041 597
1790408461972 954
1790408463260 617
1790408464217 629
1790408465195 639
1790408466179 635
1790408467159 633
1790408467833 645
1790408468832 644
1790408469827 1025
1790408471192 632
1790408472171 634
1790408473154 639
1790408474138 641
1790408474818 627
1790408475785 634
1790408476765 637
1790408477746 980
1790408478775 616
1790408479431 615
1790408480380 618
1790408481340 629
1790408482318 640
1790408483921 970
1790408485223 621
1790408485884 622
1790408486862 651
1790408487550 617
1790408488509 1020
1790408489869 637
1790408490545 638
1790408491533 644
1790408492216 647
1790408493538 1017
1790408494597 648
1790408495598 646
1790408496589 646
1790408497275 632
1790408498253 628
1790408499226 993
1790408500258 619
1790408500917 648
1790408501915 635
1790408503524 630
1790408504193 1042
1790408505582 618
1790408506540 621
1790408507507 641
1790408508495 634
1790408509467 633
1790408510444 1027
1790408511817 639
1790408512806 627
1790408513473 644
1790408514793 648
1790408515789 1045
1790408517191 650
1790408518196 650
1790408519198 628
1790408520168 646
1790408521162 649
1790408521850 1032
1790408523236 651
1790408524235 640
1790408525226 644
1790408526550 654
1790408527561 1046
1790408528964 663
1790408529993 661
1790408531009 654
1790408532028 655
1790408533052 629
1790408534030 634
1790408535018 629
1790408535687 1027
1790408537058 650
1790408538070 621
1790408539048 638
1790408540037 649
1790408541043 645
1790408542053 657
1790408543069 627
1790408544049 998
1790408545398 642
1790408546398 627
1790408547374 632
1790408548349 642
1790408549343 622
1790408550306 632
1790408550973 629
1790408551938 996
1790408553271 626
1790408554242 638
1790408555215 622
1790408556177 635
1790408557152 648
1790408557837 636
1790408558813 643
1790408559493 1024
1790408560869 642
1790408561860 648
1790408562858 650
1790408563867 630
1790408564856 644
1790408566104 1039
1790408568156 642
1790408568836 624
1790408569497 627
1790408570168 623
1790408571118 1004
1790408572176 625
1790408573147 632
1790408574129 641
1790408575123 646
1790408576464 1008
1790408577509 633
1790408578514 655
1790408579558 636
1790408580591 639
1790408581600 649
1790408582626 641
1790408583641 643
1790408584654 1048
1790408586068 637
1790408587051 659
1790408588072 643
1790408589067 647
1790408589752 656
1790408590461 635
1790408591443 633
1790408593087 1019
1790408594453 638
1790408595437 654
1790408596453 647
1790408597435 657
1790408598452 1073
1790408599563 661
1790408600571 660
1790408601602 658
1790408602980 1017
1790408604345 638
1790408605338 637
1790408606323 660
1790408607341 645
1790408608339 642
1790408609332 638
1790408610320 660
1790408611340 1057
1790408612756 632
1790408613737 630
1790408614720 665
1790408615744 655
1790408616777 660
1790408617801 666
1790408618825 656
1790408620188 1060
1790408621610 672
1790408622320 665
1790408623345 661
1790408624045 664
1790408624749 659
1790408625447 1064
1790408626550 660
1790408627567 662
1790408628591 656
1790408630271 640
1790408631268 1071
1790408632379 665
1790408633404 667
1790408634109 661
1790408635133 649
1790408635823 659
1790408636521 1075
1790408637639 642
1790408638620 656
1790408640297 667
1790408641326 1070
1790408642761 666
1790408643791 670
1790408644499 672
1790408645536 654
1790408646556 1090
1790408648006 673
1790408649044 665
1790408650734 664
1790408651763 659
1790408652462 1064
1790408653881 671
1790408654998 661
1790408656069 679
1790408656793 672
1790408657880 673
1790408658990 681
1790408660073 676
1790408661123 1097
1790408662598 660
1790408663744 651
1790408664430 648
1790408665116 653
1790408665807 665
1790408666511 667
1790408667217 675
1790408667931 650
1790408669176 668
1790408670491 1079
1790408672889 1092
1790408674340 654
1790408675349 656
1790408676041 658
1790408676735 646
1790408677743 652
1790408678756 650
1790408679774 663
1790408680797 647
1790408681803 1056
1790408683219 663
1790408684249 658
1790408685271 657
1790408686289 668
1790408687321 655
1790408688340 642
1790408689346 657
1790408690366 1058
1790408691829 655
1790408692893 659
1790408693992 651
1790408695091 668
1790408696657 677
1790408699107 1071
1790408704509 669
1790408705619 659
1790408709749 1053
1790408711677 663
1790408714989 654
1790408716950 652
1790408718049 1113
1790408722254 670
1790408726434 1086
1790408730639 668
1790408734878 1060
1790408738991 652
1790408742704 655
1790408746390 1083
1790408747925 652
1790408752045 667
1790408756272 1082
1790408760793 668
1790408761828 669
1790408763526 670
1790408764559 1091
1790408765690 682
1790408766408 678
1790408767126 683
1790408767849 683
1790408768571 678
1790408769603 671
1790408770635 672
1790408771346 679
1790408772062 1106
1790408773205 672
1790408773913 665
1790408774618 682
1790408775339 664
1790408776042 657
1790408777063 666
1790408778112 680
1790408779248 1134
1790408787999 1191
1790408789665 746
1790408790911 740
1790408792222 733
1790408793872 737
1790408795010 732
1790408796140 748
1790408797296 1204
1790408800059 741
1790408802763 736
1790408807033 1181
1790408809803 738
1790408811754 744
1790408816534 1210
1790408818158 766
1790408819339 772
1790408820518 735
1790408821655 746
1790408822810 768
1790408825582 1227
1790408830545 782
1790408831750 799
1790408832977 790
1790408834194 790
1790408835410 1259
1790408837099 793
1790408838323 791
1790408839545 811
1790408840774 796
1790408841996 794
1790408843215 809
1790408844454 812
1790408845700 1242
1790408847372 783
1790408848582 788
1790408849803 794
1790408851016 790
1790408852234 788
1790408853453 786
1790408854666 791
1790408855876 1254
1790408857553 815
1790408858796 789
1790408860009 797
1790408861231 789
1790408862447 811
1790408863693 807
1790408864926 791
1790408866145 1285
1790408867861 806
1790408869095 781
1790408870295 810
1790408871537 790
1790408872752 808
1790408873990 816
1790408875232 808
1790408876475 1281
1790408878166 774
1790408879359 793
1790408880574 784
1790408881774 803
1790408882999 786
1790408884211 801
1790408885443 806
1790408886663 1271
1790408888366 805
1790408890406 804
1790408891627 813
1790408892871 809
1790408894110 804
1790408895339 814
1790408896586 1272
1790408898300 786
1790408899518 781
1790408900729 815
1790408903283 811
1790408905385 801
1790408906628 1279
1790408908350 791
1790408909580 812
1790408910833 783
1790408912052 800
1790408913300 808
1790408914545 790
1790408915774 789
1790408917004 1243
1790408918676 795
1790408919911 801
1790408921151 797
1790408922390 791
1790408923612 784
1790408924835 811
1790408926084 793
1790408928165 1279
1790408929887 810
1790408931137 821
1790408932398 817
1790408933657 815
1790408934919 797
1790408936581 811
1790408938689 1275
1790408940408 815
1790408941665 826
1790408943357 811
1790408945036 816
1790408946331 820
1790408948461 1251
1790408951898 1308
1790408954057 819
1790408954915 809
1790408955760 789
1790408956587 805
1790408957428 804
1790408958269 800
1790408959105 797
1790408959938 823
1790408960798 818
1790408962051 1311
1790408963399 795
1790408964231 826
1790408965096 830
1790408965962 807
1790408966810 799
1790408967666 830
1790408968538 840
1790408969416 830
1790408970730 1305
1790408973004 1293
1790408975629 1306
1790408977407 830
1790408978701 819
1790408979970 839
1790408980846 815
1790408982895 813
1790408983767 1312
1790408985120 819
1790408985997 831
1790408987278 800
1790408988532 824
1790408990043 827
1790408991737 832
1790408993892 1286
1790409012263 1298
1790409014104 815
1790409031474 1303
1790409033320 829
1790409051014 1322
1790409052787 830
1790409054048 817
1790409055762 817
1790409057112 824
1790409058449 798
1790409060115 843
1790409061506 1296
1790409063345 839
1790409065255 839
1790409066540 815
1790409067797 835
1790409069093 863
1790409070419 862
1790409071741 1312
1790409074355 838
1790409075647 845
1790409076954 841
1790409078258 858
1790409079590 845
1790409080901 850
1790409082211 1319
1790409083988 848
1790409084876 832
1790409085752 842
1790409087048 843
1790409087932 833
1790409089229 850
1790409090538 1358
1790409092367 845
1790409093673 863
1790409095869 847
1790409097181 853
1790409098492 839
1790409099374 1316
1790409101149 843
1790409102460 862
1790409103793 846
1790409105305 847
1790409107263 843
1790409108653 852
1790409110094 1359
1790409112057 878
1790409113922 864
1790409117534 878
1790409137906 1372
1790409143918 885
1790409145272 887
1790409147084 860
1790409148417 1371
1790409153416 852
1790409161582 1352
1790409166520 868
1790409175595 1366
1790409177881 869
1790409182507 880
1790409184495 873
1790409185405 871
1790409186311 1383
1790409187731 855
1790409188623 875
1790409189532 846
1790409190417 857
1790409191312 852
1790409192202 870
1790409194425 1349
1790409195811 854
1790409196703 867
1790409197611 879
1790409198553 883
1790409200104 843
1790409202491 1368
1790409204318 875
1790409205230 854
1790409206124 878
1790409207039 873
1790409207951 873
1790409209735 879
1790409210652 881
1790409211569 869
1790409212473 859
1790409213367 1372
1790409214776 860
1790409216093 862
1790409216992 872
1790409217901 874
1790409219231 859
1790409220131 876
1790409221046 886
1790409221971 852
1790409222862 861
1790409226065 1375
1790409227934 894
1790409230973 1404
1790409233215 879
1790409236369 874
1790409291268 1404
1790409293243 897
1790409294673 901
1790409296545 883
1790409433426 1403
1790409435320 895
1790409436709 895
1790409438985 1417
1790409440860 904
1790409442235 907
1790409443614 897
1790409444971 901
1790409446341 901
1790409447722 906
1790409449091 895
1790409450449 1435
1790409452357 928
1790409453760 899
1790409455110 894
1790409456462 892
1790409457812 891
1790409459167 895
1790409460522 885
1790409461888 1423
1790409463780 889
1790409465135 901
1790409466499 919
1790409467880 921
1790409469276 911
1790409470662 912
1790409472046 914
1790409473431 1458
1790409475370 928
1790409476776 901
1790409478139 902
1790409479508 903
1790409480873 902
1790409482235 902
1790409483600 914
1790409484972 1455
1790409524721 1466
1790409527107 904
1790409528931 934
1790409530663 933
1790409590431 1442
1790409593063 923
1790409595585 933
1790409597097 909
1790409598595 912
1790409600157 916
1790409601664 1450
1790409603701 900
1790409605841 915
1790409607923 918
1790409629677 1416
1790409638414 891
1790409647127 1466
1790409654451 926
1790409655865 918
1790409666926 1461
1790409671250 896
1790409677925 1445
1790409679424 895
1790409680375 927
1790409681358 903
1790409682316 911
1790409683283 918
1790409686171 904
1790409687604 1429
1790409691433 904
1790409693091 894
1790409895296 1493
1790409897295 923
1790409898729 956
1790409900186 921
1790409901605 953
1790409903053 918
1790409904455 915
1790409905870 919
1790409907285 1459
1790409909245 930
1790409910673 941
1790409912120 955
1790409913580 924
1790409915000 955
1790409916458 950
1790409917913 946
1790409919369 1489
1790409921361 944
1790409922808 946
1790409924250 953
1790409925701 943
1790409927144 957
1790409928602 955
1790409930050 914
1790409931465 1482
1790409933449 963
1790409934913 954
1790409936362 941
1790409937792 930
1790409939221 921
1790409940635 942
1790409978540 1466
1790410037114 1520
1790410042329 953
1790410044492 943
1790410046073 942
1790410047664 963
1790410049234 1474
1790410051916 934
1790410053535 943
1790410055079 958
1790410057254 954
1790410058885 936
1790410060952 1476
1790410091913 1483
1790410097403 947
1790410101363 933
1790410111103 1519
1790410118896 923
1790410125656 1462
1790410359525 1521
1790410361548 940
1790410362995 974
1790410364480 939
1790410365927 941
1790410367366 961
1790410368836 943
1790410370283 965
1790410371757 1502
1790410373765 969
1790410375250 967
1790410376733 984
1790410378229 943
1790410379672 972
1790410381157 980
1790410382641 945
1790410384090 1485
1790410386077 946
1790410387529 977
1790410389018 944
1790410390464 938
1790410391905 947
1790410393363 946
1790410394815 968
1790410396291 1489
1790410413041 1530
1790410415418 958
1790410417304 954
1790410419617 936
1790410421583 981
1790410423559 977
1790410425349 1492
1790410427451 948
1790410428988 948
1790410430532 957
1790410432094 985
1790410433692 942
1790410435249 950
1790410436811 1538
1790410438974 972
1790410440567 945
1790410442126 951
1790410443713 981
1790410445319 953
1790410446900 954
1790410448465 1515
1790410450600 952
1790410452173 957
1790410454359 979
1790410503152 1521
1790410505870 955
1790410508117 961
1790410510329 973
1790410511923 970
1790410513541 966
1790410515163 1531
1790410517285 968
1790410518772 966
1790410520262 963
1790410521749 982
1790410523250 978
1790410524745 987
1790410526259 959
1790410527748 1525
1790410529798 978
1790410531295 978
1790410532796 988
1790410534312 961
1790410535795 976
1790410537303 966
1790410538789 943
1790411016150 1559
1790411017775 981
1790411020321 977
1790411021356 986
1790411022403 986
1790411023942 979
1790411025487 988
1790411027006 958
1790411028510 1565
1790411030907 985
1790411032669 1006
1790411034425 1003
1790411036222 986
1790411038008 969
1790411039759 968
1790411041481 1513
1790411043822 989
1790411045746 951
1790411047532 974
1790411049399 987
1790411051328 984
1790411053222 1580
1790411055669 994
1790411057596 1002
1790411059616 971
1790411061600 1003
1790411063541 988
1790411065497 1546
1790411068038 1004
1790411072710 990
1790411074592 989
1790411076448 998
1790411079877 1569
1790411084786 1002
1790411088704 963
1790411091930 1554
1790411101664 1002
1790411107257 1554
1790411115186 995
1790411122918 1556
1790411126636 1014
1790411129939 997
1790411133203 993
1790411134942 1566
1790411137302 962
1790411139027 993
1790411140803 994
1790411144021 1004
1790411145794 1003
1790411147553 1561
1790411149896 1002
1790411151681 988
1790411153447 1008
1790411155233 987
1790411157779 989
1790411159567 1557
1790411164281 1001
1790411166899 968
1790411169529 987
1790411171342 1578
1790411182901 1578
1790411196737 1577
1790411205345 995
1790411231757 1573
1790411242925 1009
1790411244488 1577
1790411246126 974
1790411247631 966
1790411248656 995
1790411249708 969
1790411250739 966
1790411252259 969
1790411253286 970
1790411255325 1562
1790411256925 986
1790411258450 986
1790411259987 1014
1790411261553 981
1790411262593 980
1790411263633 1007
1790411264700 1610
1790411266885 1018
1790411268458 1011
1790411270031 1003
1790411271612 1033
1790411273224 1043
1790411275841 1034
1790411277670 1605
1790411280049 1012
1790411281862 1046
1790411283716 1045
1790411285542 1035
1790411287410 1037
1790411289281 1039
1790411291200 1586
1790411293585 1024
1790411295436 1011
1790411297325 1048
1790411299257 999
1790411301063 1016
1790411302957 1575
1790411305437 1001
1790411307243 1001
1790411309032 1015
1790411310909 999
1790411312748 1031
1790411317315 1575
1790411323950 1040
1790411328304 1003
1790411332425 1617
1790411336236 1015
1790411343553 1015
1790411347172 1576
1790411368317 1620
1790411372106 1035
1790411374780 1044
1790411377374 1007
1790411379856 1011
1790411381628 1586
1790411383961 1012
1790411385702 1005
1790411389687 1046
1790411392259 1041
1790411393923 1591
1790411395578 1022
1790411397205 1043
1790411398824 1029
1790411400653 1043
1790411405556 1010
1790411408916 1618
1790411413012 1021
1790411415632 1017
1790411417491 1008
1790411420957 1601
1790411431014 1045
1790411442075 1586
1790411468711 1591
1790411474659 1022
1790411483044 1600
1790411488350 1025
1790411490118 1019
1790411491752 1022
1790411493362 1061
1790411495004 1645
1790411496709 1034
1790411497806 1041
1790411498913 1027
1790411500541 1026
1790411501627 1049
1790411502739 1046
1790411504915 1658
1790411504915 186469 census
1790411693856 1482
1790411696115 1008
1790411697942 1024
1790411699758 995
1790411701528 990
1790411703308 998
1790411705132 1580
1790411707598 1000
1790411709438 989
1790411711261 1023
1790411713142 1028
1790411715018 993
1790411716815 1579
1790411719271 1001
1790411721180 1003
1790411723087 940
1790411724830 1001
1790411726672 998
1790411728490 1593
1790411730907 999
1790411732794 1002
1790411734759 1032
1790411736707 995
1790411738575 1024
1790411740456 1618
1790411743651 1033
1790411745513 942
1790411748093 951
1790411749807 997
1790411751579 947
1790411754736 1591
1790411759280 1011
1790411762447 1024
1790411770425 1607
1790411784183 1592
1790411790380 1028
1790411792157 1026
1790411793942 1004
1790411795693 1007
1790411800228 1589
1790411802679 1027
1790411804496 1022
1790411806280 1055
1790411808118 1020
1790411809890 1021
1790411811664 1025
1790411813477 1615
1790411816515 1020
1790411818350 1011
1790411820938 1031
1790411822749 1018
1790411824566 1015
1790411826456 1600
1790411828926 1011
1790411830746 1012
1790411837557 1017
1790411843724 1612
1790411854830 1025
1790411863147 1651
1790411894268 1518
1790411899511 1025
1790411901301 1016
1790411903144 1050
1790411908063 1609
1790411910432 1012
1790411912182 1060
1790411913313 1050
1790411914977 968
1790411916006 1001
1790411917067 1025
1790411918154 974
1790411919193 949
1790411920738 1521
1790411922326 1021
1790411923948 977
1790411926488 966
1790411927978 959
1790411929001 960
1790411930026 951
1790411931547 1605
1790411933728 981
1790411934771 1024
1790411936416 1074
1790411938094 1064
1790411939738 1066
1790411941606 985
1790411943398 1635
1790411945875 984
1790411947653 1078
1790411949567 1043
1790411951392 994
1790411953199 1082
1790411955159 1040
1790411956987 1521
1790411959306 1043
1790411961193 1033
1790411963095 1042
1790411965029 1040
1790411966977 1044
1790411968966 1642
1790411971498 1049
1790411973402 1040
1790411975314 1043
1790411977234 1036
1790411979147 1071
1790411990469 1553
1790411996015 1055
1790412015216 1680
1790412022058 1017
1790412026179 1036
1790412027928 1524
1790412033918 1004
1790412035656 1076
1790412037536 1048
1790412039416 1695
1790412044341 1035
1790412046925 994
1790412048664 1047
1790412052924 1633
1790412055413 1023
1790412057280 1039
1790412061538 1041
1790412063411 1050
1790412069654 1633
1790412073957 1046
1790412081375 1033
1790412130818 1562
1790412133960 990
1790412140659 1068
1790412142566 1647
1790412144851 1049
1790412145963 1057
1790412147623 1003
1790412150305 1062
1790412151954 1004
1790412153528 1717
1790412155307 1091
1790412156462 1072
1790412158132 1067
1790412159261 1076
1790412159261 196024 census
1790412357187 1620
1790412359612 1011
1790412361378 1010
1790412363103 1016
1790412364850 1065
1790412366683 1011
1790412368505 1092
1790412370408 1634
1790412374300 1024
1790412376034 1010
1790412377806 1045
1790412379675 1010
1790412381488 1094
1790412383425 1698
1790412385909 1042
1790412391510 1084
1790412399598 1719
1790412401934 1114
1790412405570 1124
1790412407346 1052
1790412409004 1046
1790412410646 1030
1790412412278 1636
1790412414490 1053
1790412416106 1042
1790412417716 1047
1790412419346 1124
1790412421048 1104
1790412422744 1082
1790412424435 1122
1790412426159 1758
1790412428500 1120
1790412430202 1116
1790412431909 1046
1790412433510 1033
1790412435108 1129
1790412436834 1048
1790412438422 1078
1790412440057 1702
1790412442326 1100
1790412444024 1107
1790412445719 1051
1790412447327 1132
1790412449035 1115
1790412450189 1093
1790412451874 1048
1790412452963 1753
1790412455327 1105
1790412456997 1051
1790412458620 1052
1790412460226 1117
1790412461910 1107
1790412463616 1051
1790412465243 1055
1790412466852 1771
1790412469206 1098
1790412470904 1056
1790412472537 1057
1790412474168 1129
1790412475893 1144
1790412477643 1107
1790412479392 1114
1790412481095 1741
1790412484683 1028
1790412539256 1737
1790412542159 1131
1790412544012 1092
1790412546261 1117
1790412548554 1136
1790412550794 1090
1790412552988 1701
1790412555833 1111
1790412558106 1101
1790412560384 1100
1790412562639 1108
1790412564478 1130
1790412566730 1764
1790412569636 1091
1790412571866 1091
1790412574099 1092
1790412576341 1094
1790412578577 1100
1790412580843 1721
1790412583685 1025
1790412585475 1029
1790412587600 1029
1790412589679 1115
1790412591583 1057
1790412593464 1721
1790412596008 1029
1790412597978 1025
1790412599684 1027
1790412601412 1090
1790412603181 1073
1790412604939 1095
1790412606716 1708
1790412609128 1101
1790412610936 1109
1790412612725 1099
1790412614523 1104
1790412616330 1100
1790412618114 1104
1790412619915 1723
1790414232379 2637
1790414235061 1768
1790414239557 1725
1790414241325 1758
1790414244031 1717
1790414246680 1784
1790414249405 1787
1790414252125 2567
1790414254735 1768
1790414257452 1739
1790414259233 1709
1790414261854 1815
1790414263713 1750
1790414266365 1721
1790414268131 1722
1790414269901 2660
1790414273515 1797
1790414276272 1799
1790414278115 1845
1790414280965 1840
1790414283777 1841
1790414288472 2725
1790414292742 1810
1790414295970 1834
1790414299502 1804
1790414302968 1862
1790414306370 2747
1790414310943 1843
1790414315776 1810
1790414319230 1854
1790414322713 1843
1790414326155 2703
1790414330830 1856
1790414334194 1817
1790414337563 1851
1790414341106 1854
1790414344542 2687
1790414348712 1821
1790414353810 1832
1790414357252 1834
1790414360872 1834
1790414366013 2719
1790414370435 1871
1790414373830 1869
1790414377395 1819
1790414382380 1870
1790414386102 2714
1790414390428 1831
1790414395532 1830
1790414400494 1893
1790414404228 2780
1790414410130 1855
1790414413677 1826
1790414418698 1872
1790414422346 2806
1790414426686 1831
1790414430154 1891
1790414433738 1871
1790414437148 1885
1790414440750 2713
1790414445233 1883
1790414450411 1825
1790414453893 1824
1790414457308 1884
1790414461064 2787
1790414467106 1842
1790414470668 1864
1790414475706 1885
1790414479296 2724
1790414485379 1886
1790414488927 1836
1790414492322 1875
1790414495967 1898
1790414499551 2804
1790414504005 1778
1790414507480 1906
1790414512595 1900
1790414516274 1902
1790414519853 2660
1790414523986 1834
1790414530765 1822
1790414534332 1893
1790414537871 2791
1790414542315 1890
1790414545887 1797
1790414549225 1914
1790414552904 1895
1790414556519 2749
1790414562673 1892
1790414567822 1901
1790414571416 1805
1790414576485 2818
1790414580994 1793
1790414584315 1900
1790414587925 1901
1790414591609 1796
1790414595058 2852
1790414599620 1899
1790414604779 1800
1790414608288 1850
1790414611891 1855
1790414615416 2770
1790414619922 1784
1790414626657 1809
1790414630116 1854
1790414633630 2762
1790414638053 1863
1790414641513 1847
1790414645049 1913
1790414652115 2685
1790414658042 1821
1790414661607 1807
1790414665105 1858
1790414670373 2689
1790414674596 1893
1790414678192 1813
1790414681718 1861
1790414685281 1858
1790414688862 2780
1790414693249 1862
1790414696723 1811
1790414701922 1877
1790414705449 1904
1790414709100 2668
1790414716779 1822
1790414721999 1905
1790414725582 1826
1790414728941 2780
1790414733469 1870
1790414737140 1817
1790414747502 2686
1790414751865 1818
1790414758644 1827
1790414762148 1875
1790414765767 2758
1790414775208 1826
1790414778666 1867
1790414782295 1834
1790414785784 2787
1790414790301 1874
1790414795497 1825
1790414799026 1939
1790414804493 2716
1790414810435 1891
1790414814031 1891
1790414819402 1893
1790414824619 2710
1790414828976 1879
1790414834357 1837
1790414837890 1827
1790414841295 1878
1790414858850 2748
1790414875734 1907
1790414882965 2822
1790414892642 1855
1790414896234 1863
1790414903224 2920
1790414907847 1920
1790414911617 1859
1790414917051 1832
1790414920547 1886
1790414933096 2905
1790414937715 1956
1790414941489 1862
1790414945176 1922
1790414954241 2831
1790414958782 1916
1790414967619 1912
1790414973222 2752
1790414977612 1971
1790414981345 1972
1790414986838 1970
1790414990641 1878
1790414995417 2842
1790415005790 1871
1790415034105 2891
1790415038969 1863
1790415042839 1925
1790415141665 2835
1790415807901 3082
1790415811029 2082
1790415813163 2177
1790415816538 2179
1790415819833 2114
1790415823070 2113
1790415825227 2171
1790415827448 2140
1790415830723 3044
1790415833822 2175
1790415836039 2129
1790415838223 2138
1790415840454 2202
1790415842703 2196
1790415844957 2132
1790415848316 2075
1790415850440 2037
1790415850440 117935 census
1790415974319 3168
1790415979137 2171
1790415986420 2020
1790416001271 3017
1790416072552 3301
1790416077074 2364
1790416079482 2254
1790416081787 2366
1790416085422 2325
1790416089008 2378
1790416092694 2284
1790416096340 3384
1790416101070 2255
1790416105075 2254
1790416109011 2250
1790416113007 2284
1790416117073 2358
1790416121261 3355
1790416126403 2259
1790416130499 2233
1790416134477 2281
1790416138548 2250
1790416142648 3347
1790416147716 2377
1790416151872 2267
1790416155869 2244
1790416159826 2288
1790416163893 3367
1790416168978 2285
1790416172998 2235
1790416176935 2299
1790416180973 2289
1790416184978 3278
1790416189917 2237
1790416193909 2319
1790416197937 2307
1790416208903 3272
1790416213831 2303
1790416217851 2292
1790416300576 3508
1790416305295 2394
1790416308927 2293
1790416312426 2309
1790416314777 2402
1790416318404 2285
1790416320729 2332
1790416324307 3416
1790416328971 2409
1790416333812 2359
1790416375466 3388
1790416381325 2459
1790416385742 2353
1790416390178 2355
1790416393947 2414
1790416397753 3434
1790420134941 4208
1790420139211 2775
1790420143504 2802
1790420146364 2827
1790420149248 2814
1790420153548 2814
1790420157839 2802
1790420162132 4097
1790420167692 2831
1790420174866 2832
1790420179227 2841
1790420183586 2843
1790420187947 4101
1790420192106 2826
1790420196413 2856
1790420196413 128004 census
1790420329499 3966
1790420335726 2763
1790420341001 2758
1790423609568 5533
1790423615169 3942
1790423619183 3871
1790423625144 3887
1790423631039 3851
