1790407208824 28660 41
1790407208922 45376 18
1790407209000 61852 20
1790407209081 78664 21
1790407209159 171000 19
1790407209239 263284 18
1790407209316 281172 20
1790407209395 301720 18
1790407209509 324336 17
1790407209640 330992 19
1790407209771 335848 18
1790407209843 340264 18
1790407209922 350448 18
1790407210000 354200 19
1790407210071 358064 21
1790407210150 369904 20
1790407210280 376436 20
1790407210352 384012 18
1790407210431 397552 18
1790407210511 638984 22
1790407210606 965928 24
1790407210711 1488908 25
1790407210814 1687192 24
1790407210915 2650092 26
1790407211022 3091076 27
1790407211127 3317496 28
1790407211234 3548888 28
1790407211346 3799132 27
1790407211454 4032896 29
1790407211572 4316328 32
1790407211700 4698680 33
1790407211837 5096044 35
1790407211988 5536696 38
1790407212162 5819868 45
1790407212368 6150900 49
1790407212611 6542600 52
1790407212905 7032528 58
1790407213208 7500404 64
1790407213542 7994076 71
1790407213912 8622808 78
1790407214396 9286764 86
1790407214919 9839832 93
1790407215473 10316732 96
1790407215969 10745908 101
1790407216587 11361892 107
1790407217151 11955900 116
1790407217887 12982288 124
1790407218683 13923216 137
1790407219544 14801784 145
1790407220312 15365248 151
1790407221116 15958780 159
1790407221968 16531004 166
1790407222851 17122984 164
1790407223916 17914196 179
1790407224873 18472536 184
1790407226056 19695496 198
1790407227113 20461424 203
1790407228420 21596076 219
1790407229592 22466852 228
1790407231025 23396760 234
1790407237329 23560260 232
1790407238350 24156088 228
1790407239626 24471796 231
1790407240920 24768412 233
1790407242707 25081756 234
1790407244240 25386648 232
1790407246256 25809344 237
1790407248355 26982204 253
1790407250004 29043408 274
1790407251791 30662364 296
1790407258512 30986440 299
1790407264597 31171844 295
1790407271219 31325784 293
1790407277223 31459916 290
1790407283235 31573008 293
1790407289923 31719564 293
1790407295968 31853580 293
1790407302551 32004316 296
1790407308542 32142536 293
1790407315249 32307936 292
1790407321882 32483816 296
1790407328459 32651356 295
1790407334427 32783260 297
1790407340440 32940332 295
1790407347102 33110976 291
1790407353718 33257576 289
1790407359721 33345744 294
1790407365701 33427708 294
1790407371693 33530168 293
1790407377995 33548656 294
1790407385527 33548680 293
1790407392088 33548788 291
1790407398051 33548892 291
1790407403964 33548960 290
1790407409872 33549024 291
1790407415761 33549084 293
1790407422302 33549152 291
1790407428225 33550876 288
1790407434106 33553212 289
1790407439977 33555540 287
1790407445856 33557856 287
1790407451753 33560172 287
1790407457645 33562920 294
1790407463536 33565104 291
1790407469429 33567656 286
1790407475308 33574480 285
1790407481419 33577676 287
1790407487215 33577752 284
1790407493027 33577824 290
1790407498870 33577960 283
1790407504643 33578032 287
1790407510453 33578108 285
1790407516228 33578176 285
1790407522001 33578248 284
1790407527733 33578316 278
1790407534088 33578392 283
1790407539856 33578460 282
1790407545612 33578532 284
1790407551352 33578600 274
1790407557061 33578656 280
1790407562778 33578736 284
1790407568527 33578788 285
1790407574276 33578836 281
1790407580652 33578876 288
1790407586452 33578904 280
1790407592175 33578940 284
1790407597878 33653040 286
1790407603476 34373408 268
1790407606081 35015304 287
1790407607920 35505640 283
1790407609711 35931664 286
1790407611566 36557544 286
1790407613068 36969912 274
1790407614574 37544420 285
1790407616394 38012964 291
1790407618865 38713364 291
1790407621032 39218588 291
1790407622568 39624232 291
1790407624402 40199472 285
1790407626218 40650076 290
1790407628102 41245920 295
1790407630261 41895552 288
1790407633027 42638280 294
1790407634930 43341200 287
1790407637670 44012916 294
1790407640096 44707380 285
1790407642207 45275216 293
1790407644021 45735864 295
1790407645882 46297144 292
1790407648067 46974288 287
1790407650752 47697364 295
1790407652860 48252852 286
1790407655550 48993280 296
1790407657961 49711700 292
1790407659835 50306132 307
1790407662043 50956596 296
1790407663942 51557076 311
1790407666468 52249308 306
1790407668663 52783076 304
1790407671460 53530388 306
1790407674272 54294116 304
1790407676179 54870424 312
1790407678713 55577248 305
1790407680326 56193836 309
1790407683162 56936896 306
1790407688907 57580172 312
1790407691713 58214960 315
1790407696772 58949524 296
1790407700416 59559344 307
1790407706174 60200624 308
1790407709679 60842812 313
1790407712223 61471572 319
1790407714881 62093476 319
1790407718102 62766416 319
1790407723403 63459508 318
1790407730863 63748844 312
1790407736366 64464756 325
1790407740323 65133760 323
1790407744904 65821104 318
1790407751568 66151676 327
1790407758245 66676808 323
1790407765718 67397460 324
1790407770975 68123808 324
1790407776681 68936336 323
1790407781535 69730568 321
1790407786234 70450712 326
1790407791194 71257328 325
1790407795717 72088032 314
1790407802804 72898476 315
1790407810073 73389668 325
1790407816698 74017192 324
1790407824324 74550672 318
1790407831015 74551100 316
1790407837823 74551600 316
1790407844830 74552124 313
1790407852260 74552640 324
1790407860006 74708260 326
1790407867940 74710680 314
1790407876977 74825508 327
1790407883864 74905800 331
1790407891233 74906340 325
1790407897856 74907000 315
1790407904611 74907996 316
1790407911125 74908508 326
1790407917683 74908720 326
1790407925453 74909544 313
1790407932015 75122972 334
1790407939761 75221400 334
1790407947227 75537400 327
1790407957618 75701412 317
1790407968290 75701444 333
1790407976842 75701680 326
1790407984799 75786160 330
1790407990631 76683464 332
1790407995271 77535168 343
1790408000238 78452676 335
1790408003889 79422352 343
1790408007769 80480732 344
1790408015729 81284816 336
1790408022679 82096464 349
1790408027837 82992288 348
1790408032681 83844928 350
1790408040667 84318616 351
1790408046827 85202260 353
1790408054457 85944484 350
1790408063682 86313504 353
1790408071491 86750316 344
1790408080636 86750436 330
1790408096957 86750496 342
1790408123121 86801704 349
1790408128409 87706920 334
1790408136131 88126760 337
1790408143824 89603368 331
1790408150690 90375464 347
1790408158602 91020600 336
1790408166273 92045048 333
1790408174002 92323584 333
1790408181842 92419840 333
1790408197744 92595992 348
1790408208409 93192356 349
1790408212783 94312020 351
1790408217332 95460900 359
1790408225875 96053364 356
1790408233553 97113132 353
1790408237816 98211636 351
1790408245964 98578576 345
1790408253745 99003088 360
1790408259590 100073236 357
1790408266864 100762048 353
1790408274890 101440812 369
1790408282738 102693820 360
1790408288168 103817556 359
1790408295917 104405868 361
1790408303880 104528916 347
1790408311087 105107032 358
1790408318999 105687220 347
1790408342135 105722036 361
1790408349711 105965748 364
1790408357707 106465460 349
1790408365944 107247796 346
1790408373018 107653300 346
1790408380763 108157108 343
1790408387690 108740788 361
1790408395932 109643956 357
1790408402961 110821580 362
1790408411447 111411460 354
1790408418831 111728900 360
1790408440088 112165156 354
1790408445404 113326660 370
1790408448408 114561740 356
1790408454169 115896932 358
1790408461972 116735052 351
1790408469827 116805756 374
1790408477746 116878344 361
1790408483921 118291220 353
1790408488509 119565968 371
1790408493538 120817972 370
1790408499226 122237720 369
1790408504193 123484364 380
1790408510444 124811168 376
1790408515789 126066304 386
1790408521850 127512464 379
1790408527561 128841480 388
1790408535687 129359004 376
1790408544049 129715712 372
1790408551938 129729244 369
1790408559493 129731184 380
1790408566104 132395872 381
1790408571118 133997168 372
1790408576464 135631264 374
1790408584654 136671896 387
1790408593087 138405404 379
1790408598452 139848764 397
1790408602980 141314668 386
1790408611340 142745260 391
1790408620188 144272804 399
1790408625447 145917132 403
1790408631268 147581960 403
1790408636521 149222188 408
1790408641326 150740260 400
1790408646556 152270084 406
1790408652462 154043260 411
1790408661123 154706776 428
1790408670491 156186696 404
1790408672889 158964564 411
1790408681803 159187660 402
1790408690366 159209864 404
1790408699107 159210324 406
1790408709749 159210448 401
1790408718049 159210584 416
1790408726434 159210704 407
1790408734878 159210824 405
1790408746390 159210948 410
1790408756272 159211128 413
1790408764559 159528496 411
1790408772062 161214772 419
1790408779248 163987280 431
1790408787999 164126860 447
1790408797296 164245760 444
1790408807033 164249864 438
1790408816534 164292376 448
1790408825582 165080176 452
1790408835410 165255336 457
1790408845700 165622392 454
1790408855876 166053156 458
1790408866145 166496856 466
1790408876475 166836900 464
1790408886663 167247248 463
1790408896586 167651700 462
1790408906628 167674032 465
1790408917004 167676544 459
1790408928165 167676780 460
1790408938689 167681308 461
1790408948461 167752176 459
1790408951898 170756144 468
1790408962051 172194972 472
1790408970730 175802688 480
1790408973004 179348484 471
1790408975629 181731044 477
1790408983767 183862712 480
1790408993892 185056128 473
1790409012263 185062784 479
1790409031474 185070976 473
1790409051014 185078468 484
1790409061506 185125700 475
1790409071741 186883892 480
1790409082211 188156084 485
1790409090538 190237056 496
1790409099374 192290084 483
1790409110094 193323172 498
1790409137906 193323308 498
1790409148417 193324360 495
1790409161582 193324368 497
1790409175595 193324380 503
1790409186311 193921588 500
1790409194425 197640540 501
1790409202491 202421484 512
1790409213367 204298872 509
1790409226065 206383336 507
1790409230973 211078244 520
1790409291268 211079376 516
1790409433426 211263628 523
1790409438985 213877832 527
1790409450449 214282428 530
1790409461888 214666504 527
1790409473431 214960396 536
1790409484972 215311712 540
1790409524721 215323120 536
1790409590431 215326732 535
1790409601664 215326776 534
1790409629677 215326820 529
1790409647127 215326828 535
1790409666926 215326840 538
1790409677925 215370056 530
1790409687604 217573948 527
1790409895296 218441256 544
1790409907285 219474816 540
1790409919369 219822032 547
1790409931465 220165168 543
1790409978540 220464652 543
1790410037114 220464656 556
1790410049234 220464904 543
1790410060952 220465176 546
1790410091913 220465180 544
1790410111103 220465192 557
1790410125656 220465200 543
1790410359525 220481228 546
1790410371757 220859220 557
1790410384090 221208460 547
1790410396291 221624020 550
1790410413041 221630160 557
1790410425349 221631852 548
1790410436811 221632012 558
1790410448465 221632176 548
1790410503152 221632240 555
1790410515163 221636232 557
1790410527748 221648988 557
1790411016150 221829928 564
1790411028510 223993128 567
1790411041481 224004360 550
1790411053222 224006092 574
1790411065497 224007156 574
1790411079877 224007188 564
1790411091930 224007204 564
1790411107257 224007212 567
1790411122918 224007232 564
1790411134942 224007300 574
1790411147553 224008184 566
1790411159567 224009212 565
1790411171342 224009452 572
1790411182901 224009460 573
1790411196737 224009464 577
1790411231757 224009472 574
1790411244488 224491752 571
1790411255325 227246252 572
1790411264700 229613076 582
1790411277670 231977492 584
1790411291200 231977728 582
1790411302957 231977904 576
1790411317315 231978868 572
1790411332425 231978884 580
1790411347172 231978896 574
1790411368317 231978900 590
1790411381628 231978920 582
1790411393923 232277920 586
1790411408916 233140020 584
1790411420957 233140044 583
1790411442075 233140052 575
1790411468711 233140056 573
1790411483044 233140064 579
1790411495004 234460140 601
1790411504915 237064012 601
1790411693856 238357200 560
1790411705132 238358496 575
1790411716815 238359128 579
1790411728490 238359396 578
1790411740456 238359464 587
1790411754736 238359496 581
1790411770425 238359512 590
1790411784183 238359516 580
1790411800228 238359576 583
1790411813477 238361172 586
1790411826456 238361388 580
1790411843724 238363172 586
1790411863147 238363180 600
1790411894268 238363184 571
1790411908063 238363220 586
1790411920738 240616608 576
1790411931547 243341676 571
1790411943398 245064856 596
1790411956987 245065612 557
1790411968966 245065808 594
1790411990469 245065884 583
1790412015216 245065892 610
1790412027928 245065904 556
1790412039416 245065924 614
1790412052924 245065940 586
1790412069654 245113120 598
1790412130818 245113132 577
1790412142566 245185732 598
1790412153528 247729896 617
1790412357187 249878124 606
1790412370408 249892184 609
1790412383425 249910220 615
1790412399598 249914128 617
1790412412278 250386424 612
1790412426159 250392536 631
1790412440057 250448180 600
1790412452963 250504284 617
1790412466852 250568216 637
1790412481095 250602428 626
1790412539256 250603488 627
1790412552988 250607048 603
1790412566730 250610964 635
1790412580843 250612764 619
1790412593464 250624820 609
1790412606716 250654752 605
1790412619915 250681628 619
1790414232379 251103476 858
1790414252125 253326928 863
1790414269901 255336580 862
1790414288472 256486712 875
1790414306370 256502536 893
1790414326155 256502620 882
1790414344542 256502656 881
1790414366013 256502764 889
1790414386102 256502824 885
1790414404228 256502868 905
1790414422346 256502936 910
1790414440750 256502984 892
1790414461064 256503036 905
1790414479296 256503096 889
1790414499551 256503132 913
1790414519853 256503176 884
1790414537871 256503208 905
1790414556519 256503252 899
1790414576485 256503288 916
1790414595058 256503316 924
1790414615416 256503348 909
1790414633630 256503368 907
1790414652115 256503392 894
1790414670373 256503412 891
1790414688862 256503444 901
1790414709100 256503476 895
1790414728941 256503496 903
1790414747502 256503520 893
1790414765767 256503552 905
1790414785784 256503572 903
1790414804493 256503596 903
1790414824619 256503612 896
1790414858850 256503640 919
1790414882965 256503648 910
1790414903224 256503660 947
1790414933096 256503688 943
1790414954241 256503704 916
1790414973222 256503720 916
1790414995417 256503748 928
1790415034105 256512012 934
1790415141665 256512428 909
1790415807901 256615456 980
1790415830723 259342564 987
1790415974319 262283136 990
1790416001271 262290856 976
1790416072552 262469096 1052
1790416096340 263778488 1071
1790416121261 263806308 1040
1790416142648 263807016 1040
1790416163893 263808352 1044
1790416184978 263842724 1024
1790416208903 263843280 1032
1790416300576 263928292 1107
1790416324307 266538020 1071
1790416375466 267603560 1071
1790416397753 268841928 1087
1790420134941 269268840 1279
1790420162132 272066060 1262
1790420187947 273933108 1265
1790420329499 274851068 1229
1790423609568 275466464 1655
