1787188293275 50
1787188293548 42
1787188293623 42
1787188293698 41
1787188293880 46
1787188293960 27
1787188294118 26
1787188294172 42
1787188294249 44
1787188312639 51
1787188312784 27
1787188312840 27
1787188312917 26
1787188312993 28
1787188313071 25
1787188313125 48
1787188313202 26
1787188313256 28
1787188313339 27
1787188313396 27
1787188313475 26
1787188313613 46
1787188313688 27
1787188313765 27
1787188313846 28
1787188313924 27
1787188313981 27
1787188314037 47
1787188314112 25
1787188314189 26
1787188314267 26
1787188314343 27
1787188314400 26
1787188314455 49
1787188314532 26
1787188314609 28
1787188314687 27
1787188314744 27
1787188314800 28
1787188314857 26
1787188314934 45
1787188315115 27
1787188315193 26
1787188315271 27
1787188315349 50
1787188315448 26
1787188315510 28
1787188315611 28
1787188315668 26
1787188315744 26
1787188315798 50
1787188315877 28
1787188315956 26
1787188316031 28
1787188316088 28
1787188316166 26
1787188316221 51
1787188316302 27
1787188316357 25
1787188316495 27
1787188316550 26
1787188316628 27
1787188316706 48
1787188316805 26
1787188316881 27
1787188316939 29
1787188317041 27
1787188317098 27
1787188317154 47
1787188317231 26
1787188317309 27
1787188317387 25
1787188317441 28
1787188317499 26
1787188317554 51
1787188317658 28
1787188317715 27
1787188317771 26
1787188317827 29
1787188317995 47
1787188318109 26
1787188318182 27
1787188318237 27
1787188318331 26
1787188318394 53
1787188318500 27
1787188318558 28
1787188318614 26
1787188318693 27
1787188318748 30
1787188318829 27
1787188318907 48
1787188319007 26
1787188319063 27
1787188319118 27
1787188319192 26
1787188319247 30
1787188319371 50
1787188319473 27
1787188319550 28
1787188319629 27
1787188319686 26
1787188319765 26
1787188319821 51
1787188319966 26
1787188320022 26
1787188320099 27
1787188320155 27
1787188320211 27
1787188320268 47
1787188320365 28
1787188320447 30
1787188320529 29
1787188320587 28
1787188320668 48
1787188320809 28
1787188320888 27
1787188320965 27
1787188321043 27
1787188321121 47
1787188321197 25
1787188321252 28
1787188321316 29
1787188321396 28
1787188321453 27
1787188321509 27
1787188321565 48
1787188321664 27
1787188321742 27
1787188321798 27
1787188321854 28
1787188321911 27
1787188321988 26
1787188322044 50
1787188322123 26
1787188322178 25
1787188322343 27
1787188322422 27
1787188322499 49
1787188322598 27
1787188322676 25
1787188322732 27
1787188322835 26
1787188322892 27
1787188322971 48
1787188323048 27
1787188323105 26
1787188323160 26
1787188323237 26
1787188323314 28
1787188323373 28
1787188323430 51
1787188323511 26
1787188323566 26
1787188323687 27
1787188323783 27
1787188323839 27
1787188323916 48
1787188324013 26
1787188324071 28
1787188324130 28
1787188324196 28
1787188324275 27
1787188324352 49
1787188324429 28
1787188324508 28
1787188324589 28
1787188324647 27
1787188324703 27
1787188324760 27
1787188324839 53
1787188324922 28
1787188325000 25
1787188325159 29
1787188325240 26
1787188325319 50
1787188325420 28
1787188325499 32
1787188325559 27
1787188325661 27
1787188325718 27
1787188325774 51
1787188325854 27
1787188325932 33
1787188325994 27
1787188326051 28
1787188326109 26
1787188326187 27
1787188326244 51
1787188326327 27
1787188326384 29
1787188326443 27
1787188326610 28
1787188326690 31
1787188326773 50
1787188326853 28
1787188326932 27
1787188326988 26
1787188327044 28
1787188327124 28
1787188327190 27
1787188327271 51
1787188327352 27
1787188327409 26
1787188327464 27
1787188327544 28
1787188327626 29
1787188327684 27
1787188327740 27
1787188327798 52
1787188327879 27
1787188327935 26
1787188327992 26
1787188328048 49
1787188328126 26
1787188328182 26
1787188328245 27
1787188328302 27
1787188328358 51
1787188328439 26
1787188328495 28
1787188328553 27
1787188328609 26
1787188328665 49
1787188328743 30
1787188328812 27
1787188328869 51
1787188328949 47
1787188329036 53
1787188329118 50
1787188329205 52
1787188329291 27
1787188329357 54
1787188329442 27
1787188329499 51
1787188329588 28
1787188329645 51
1787188329725 56
1787188329817 54
1787188329910 53
1787188330002 56
1787188330225 27
1787188330762 56
1787188330986 27
1787188331044 53
1787188331136 54
1787188331233 59
1787188332151 56
1787188332238 55
1787188332323 53
1787188332418 58
1787188332519 29
1787188333382 54
1787188333467 61
1787188333564 59
1787188333665 57
1787188334597 59
1787188334689 57
1787188334773 60
1787188334880 62
1787188335821 62
1787188335916 59
1787188336008 59
1787188336114 63
1787188337058 65
1787188337156 61
1787188337252 32
1787188337333 64
1787188337446 33
1787188338339 64
1787188338439 34
1787188338517 65
1787188338635 64
1787188339548 65
1787188339642 35
1787188339730 69
1787188339837 67
1787188339961 36
1787188340847 68
1787188340952 35
1787188341025 68
1787188341146 70
1787188342114 69
1787188342222 37
1787188342299 69
1787188342423 72
1787188343387 70
1787188343515 38
1787188343593 76
1787188343716 76
1787188344029 38
1787188344115 291
1787188344446 38
1787188344527 72
1787188344658 40
1787188344739 74
1787188344855 40
1787188344959 75
1787188345062 41
1787188345147 78
1787188345288 44
1787188345378 79
1787188345501 39
1787188345603 77
1787188345723 41
1787188345807 75
1787188345932 77
1787188346053 79
1787188346199 80
1787188346348 83
1787188346486 83
1787188346644 85
1787188346805 90
1787188346972 89
1787188347139 95
1787188347294 94
1787188347472 93
1787188347648 98
1787188347830 98
1787188348016 97
1787188348167 51
1787188348306 54
1787188349688 105
1787188350033 100
1787188350221 105
1787188350474 102
1787188350662 106
1787188350950 52
1787188351057 103
1787188351391 105
1787188351583 104
1787188351868 105
1787188352061 105
1787188352347 107
1787188352543 106
1787188352798 52
1787188352939 106
1787188353225 109
1787188353423 108
1787188353729 108
1787188353926 52
1787188354130 106
1787188354323 109
1787188354628 106
1787188354822 106
1787188355078 54
1787188355221 107
1787188355511 109
1787188355710 56
1787188355968 106
1787188356128 52
1787188356269 108
1787188356431 52
1787188356571 109
1787188356733 52
1787188356840 106
1787188357034 108
1787188357199 55
1787188357309 107
1787188357505 108
1787188357669 54
1787188357779 108
1787188357975 108
1787188358138 53
1787188358246 105
1787188358439 107
1787188358600 53
1787188358711 108
1787188358909 108
1787188359107 111
1787188359305 109
1787188360753 113
1787188360920 53
1787188361027 109
1787188361191 53
1787188361334 110
1787188361498 53
1787188361605 108
1787188361803 55
1787188361914 110
1787188362079 53
1787188362188 110
1787188362388 53
1787188362495 113
1787188362662 54
1787188362772 110
1787188362971 54
1787188363080 110
1787188363245 51
1787188363351 115
1787188363558 55
1787188363669 110
1787188363833 53
1787188363942 108
1787188364140 53
1787188364249 109
1787188364413 55
1787188364522 57
1787188364672 115
1787188364843 53
1787188364953 111
1787188365119 52
1787188365263 113
1787188365431 54
1787188365540 54
1787188365649 115
1787188365857 56
1787188365969 111
1787188366135 55
1787188366247 54
1787188366392 110
1787188366558 53
1787188366665 56
1787188366780 114
1787188366983 55
1787188367095 113
1787188367262 54
1787188367371 52
1787188367514 113
1787188367686 54
1787188367795 53
1787188367904 113
1787188368106 53
1787188368215 111
1787188368384 55
1787188368497 54
1787188368642 114
1787188368811 54
1787188368921 54
1787188369030 112
1787188369197 52
1787188369340 116
1787188369511 54
1787188369621 53
1787188369731 112
1787188369898 54
1787188370041 113
1787188370244 116
1787188370452 121
1787188370664 119
1787188370876 117
1787188371084 117
1787188371292 119
1787188371503 120
1787188371715 120
1787188371932 122
1787188372110 54
1787188372219 54
1787188372368 56
1787188372480 56
1787188372595 56
1787188372709 55
1787188372821 53
1787188372932 55
1787188373045 54
1787188373156 56
1787188373270 55
1787188373382 120
1787188373559 55
1787188373671 55
1787188373783 54
1787188373896 56
1787188374009 55
1787188374122 55
1787188374236 55
1787188374349 55
1787188374461 54
1787188374573 54
1787188374686 54
1787188374797 119
1787188374972 54
1787188375082 53
1787188375193 56
1787188375306 54
1787188375418 56
1787188375532 55
1787188375644 55
1787188375757 55
1787188375871 55
1787188375983 53
1787188376094 121
1787188376269 54
1787188376381 55
1787188376492 54
1787188376602 53
1787188376713 54
1787188376823 54
1787188376933 54
1787188377042 55
1787188377154 56
1787188377267 54
1787188377377 57
1787188377490 118
1787188377664 54
1787188377774 55
1787188377885 55
1787188377997 54
1787188378106 56
1787188378218 54
1787188378328 55
1787188378440 54
1787188378551 57
1787188378666 55
1787188378780 56
1787188378893 120
1787188379071 54
1787188379182 55
1787188379294 55
1787188379406 56
1787188379520 59
1787188379636 55
1787188379749 55
1787188379862 56
1787188379975 56
1787188380087 55
1787188380199 55
1787188380311 119
1787188380486 55
1787188380598 54
1787188380709 57
1787188380823 55
1787188380936 56
1787188381048 55
1787188381158 55
1787188381270 54
1787188381382 57
1787188381497 55
1787188381609 56
1787188381722 120
1787188381898 54
1787188382009 57
1787188382124 56
1787188382237 54
1787188382348 55
1787188382459 54
1787188382571 55
1787188382682 55
1787188382793 54
1787188382904 55
1787188383016 54
1787188383127 120
1787188383304 57
1787188383418 120
1787188383594 118
1787188383804 120
1787188384017 121
1787188384230 121
1787188384443 122
1787188384660 124
1787188384877 124
1787188385093 125
1787188385311 124
1787188385528 126
1787188385750 58
1787188385843 160
1787188386063 85
1787188386210 88
1787188386359 59
1787188386482 139
1787188386727 64
1787188386855 61
1787188386980 62
1787188387107 63
1787188387235 60
1787188387360 61
1787188387487 139
1787188387747 63
1787188388558 63
1787188388689 57
1787188389749 154
1787188390020 71
1787188390160 71
1787188390302 153
1787188390525 72
1787188390666 70
1787188390807 157
1787188391079 70
1787188391220 69
1787188391728 94
1787188394694 151
1787188394933 70
1787188395071 70
1787188395209 142
1787188395414 72
1787188395629 94
1787188395806 64
1787188395910 71
1787188396050 165
1787188396284 75
1787188396431 100
1787188396612 77
1787188396774 65
1787188396915 68
1787188397049 57
1787188397179 73
1787188397467 77
1787188397615 68
1787188397758 64
1787188398177 173
1787188398447 68
1787188398592 76
1787188398758 75
1787188398985 174
1787188399243 68
1787188399404 78
1787188399531 70
1787188399671 70
1787188407921 169
1787188408164 73
1787188408310 74
1787188408457 73
1787188408603 73
1787188408712 165
1787188408951 73
1787188412435 166
1787188412675 74
1787188412875 71
1787188413021 72
1787188413166 70
1787188413309 70
1787188413453 72
1787188413600 166
1787188413840 72
1787188442485 199
1787188442762 103
1787188442943 79
1787188443104 80
1787188443458 77
1787188443615 78
1787188443773 75
1787188443943 180
1787188444202 78
1787188444360 78
1787188444518 78
1787188444676 211
1787188444938 109
1787188445123 110
1787188445312 75
1787188445474 83
1787188445616 83
1787188445859 192
1787188446100 76
1787188446230 79
1787188446421 86
1787188446607 85
1787188446789 76
1787188447188 115
1787188447361 86
1787188447520 80
1787188447685 118
1787188447897 166
1787188449148 87
1787188449324 87
1787188449501 87
1787188449678 86
1787188449852 193
1787188450133 89
1787188450309 90
1787188450487 92
1787188450667 90
1787188450845 87
1787188451021 86
1787188451195 87
1787188451369 85
1787188451541 194
1787188451821 85
1787188451994 86
1787188452233 85
1787188452369 85
1787188452693 85
1787188452832 169
1787188453078 87
1787188453253 87
1787188453502 73
1787188453726 91
1787188453913 91
1787188454100 91
1787188454246 218
1787188454695 224
1787188455018 89
1787188455291 99
1787188457313 241
1787188457656 98
1787188457856 217
1787188458176 90
1787188458434 182
1787188458702 98
1787188458985 220
1787188459308 98
1787188459592 223
1787188459910 95
1787188460190 223
1787188460515 100
1787188460669 96
1787188460934 85
1787188461104 219
1787188461509 96
1787188461676 111
1787188461888 87
1787188462080 106
1787188462289 223
1787188462631 103
1787188463312 95
1787188463500 111
1787188470301 231
1787188472318 102
1787188472521 103
1787188472903 229
1787188473413 103
1787188475388 101
1787188475590 227
1787188476096 104
1787188476477 104
1787188477039 102
1787188477242 103
1787188477447 101
1787188477649 106
1787188477856 107
1787188478065 105
1787188478256 236
1787188478582 107
1787188478793 107
1787188479006 106
1787188479203 105
1787188479409 107
1787188479620 105
1787188479829 106
1787188480039 105
1787188480246 105
1787188480455 107
1787188480667 106
1787188480877 236
1787188481217 106
1787188481427 105
1787188481636 106
1787188481845 106
1787188482057 105
1787188482266 109
1787188482479 106
1787188482688 106
1787188482898 105
1787188483108 107
1787188483318 106
1787188483526 233
1787188483864 107
1787188484072 105
1787188484280 104
1787188484486 105
1787188484695 102
1787188484903 105
1787188485112 105
1787188485319 104
1787188485526 104
1787188485732 105
1787188485940 105
1787188486148 233
1787188486483 104
1787188486691 106
1787188486899 105
1787188487106 106
1787188487314 105
1787188487521 105
1787188487729 102
1787188487934 106
1787188488144 104
1787188488349 106
1787188488559 106
1787188488768 227
1787188489098 100
1787188489300 102
1787188489505 103
1787188489711 104
1787188489919 105
1787188490126 105
1787188490333 109
1787188490542 105
1787188490751 108
1787188490962 106
1787188491170 106
1787188491379 233
1787188491716 107
1787188491924 105
1787188492224 138
1787188496359 267
1787188497384 104
1787188499237 235
1787188499582 98
1787188499931 99
1787188500130 111
1787188500405 104
1787188500610 106
1787188500833 111
1787188501012 110
1787188501226 103
1787188501442 111
1787188501769 110
1787188501995 247
1787188502650 102
1787188502815 110
1787188503020 112
1787188503231 92
1787188503634 104
1787188516131 235
1787188544261 239
1787188544610 109
1787188545813 108
1787188546046 111
1787188546268 113
1787188546510 115
1787188546845 205
1787188550797 253
1787188551425 147
1787188551691 145
1787188551972 118
1787188552204 109
1787188552537 240
1787188553001 118
1787188553238 117
1787188553581 117
1787188554036 117
1787188556860 222
1787188557169 114
1787188557415 121
1787188572289 227
1787188572609 102
1787188572814 103
1787188573018 104
1787188573224 104
1787188573428 104
1787188573633 104
1787188573838 103
1787188574043 102
1787188574247 101
1787188574449 101
1787188574651 104
1787188574855 241
1787188575206 112
1787188575429 115
1787188575657 116
1787188575886 108
1787188576095 102
1787188576297 102
1787188576506 105
1787188576713 102
1787188576916 103
1787188577118 102
1787188577321 103
1787188577523 222
1787188577846 109
1787188578066 113
1787188578291 114
1787188578519 113
1787188578738 108
1787188578950 103
1787188579153 103
1787188579359 105
1787188579567 102
1787188579771 107
1787188579983 231
1787188580318 105
1787188580524 104
1787188580732 103
1787188580939 104
1787188581148 107
1787188581356 100
1787188581557 100
1787188581757 102
1787188581960 101
1787188582161 100
1787188582361 102
1787188582563 221
1787188582886 100
1787188583087 102
1787188583291 104
1787188583496 102
1787188583699 103
1787188583902 101
1787188584103 100
1787188584305 101
1787188584509 103
1787188584719 107
1787188584926 108
1787188585137 233
1787188585474 107
1787188585685 109
1787188585898 109
1787188586112 107
1787188586323 108
1787188586535 144
1787188593450 256
1787188593784 109
1787188594104 117
1787188594336 119
1787188594775 106
1787188594999 120
1787188595227 110
1787188595445 112
1787188595880 110
1787188596106 112
1787188596765 240
1787188597241 148
1787188597512 135
1787188597759 149
1787188641790 262
1787188642169 116
1787188642408 110
1787188646355 252
1787188647021 154
1787188647289 153
1787188647550 135
1787188647872 142
1787188648124 146
1787188651974 239
1787188652295 119
1787188652531 113
1787188652783 123
1787188666515 260
1787188666883 118
1787188667094 117
1787188667325 117
1787188667557 119
1787188667792 116
1787188668021 117
1787188668253 119
1787188668488 120
1787188668682 118
1787188668918 117
1787188669149 122
1787188669387 259
1787188669763 120
1787188670000 118
1787188670234 122
1787188670473 121
1787188670710 119
1787188670942 119
1787188671174 116
1787188671402 117
1787188671633 119
1787188671870 118
1787188672104 122
1787188672344 257
1787188672718 120
1787188672954 120
1787188673190 121
1787188673429 119
1787188673664 119
1787188673902 120
1787188674140 119
1787188674377 121
1787188674615 116
1787188674846 119
1787188675078 119
1787188675313 255
1787188675686 120
1787188675923 120
1787188676159 116
1787188676389 117
1787188676620 117
1787188676849 116
1787188677078 115
1787188677306 117
1787188677540 119
1787188677773 116
1787188678001 117
1787188678230 251
1787188678598 118
1787188678832 117
1787188679066 119
1787188679285 119
1787188679515 120
1787188679753 116
1787188679985 117
1787188680217 109
1787188680432 120
1787188680614 119
1787188680958 291
1787188687669 221
1787188687996 111
1787188688324 124
1787188688565 124
1787188688910 134
1787188689157 118
1787188689410 122
1787188689895 120
1787188690140 223
1787188690490 123
1787188691056 116
1787188691351 120
1787188736457 268
1787188736856 118
1787188737107 114
1787188737349 124
1787188741672 262
1787188742170 164
1787188742467 161
1787188742756 146
1787188742985 151
1787188746886 239
1787188747262 131
1787188747534 130
1787188747795 126
1787188761748 271
1787188762105 125
1787188762351 127
1787188762600 123
1787188762846 124
1787188763093 126
1787188763341 125
1787188763588 125
1787188763833 125
1787188764081 126
1787188764330 125
1787188764572 124
1787188764817 261
1787188765196 123
1787188765437 121
1787188765677 122
1787188765918 119
1787188766153 121
1787188766394 123
1787188766636 122
1787188766877 120
1787188767115 112
1787188767340 122
1787188767579 122
1787188767819 260
1787188768198 123
1787188768442 123
1787188768686 124
1787188768931 123
1787188769163 125
1787188769408 123
1787188769651 122
1787188769893 125
1787188770138 124
1787188770382 122
1787188770625 267
1787188771012 124
1787188771258 124
1787188771501 121
1787188771740 121
1787188771981 122
1787188772221 121
1787188772463 122
1787188772704 122
1787188772945 123
1787188773188 122
1787188773429 122
1787188773670 265
1787188774045 124
1787188774277 125
1787188774506 125
1787188774752 122
1787188774996 123
1787188775237 121
1787188775478 122
1787188775682 159
1787188782443 233
1787188782792 128
1787188783160 118
1787188783573 125
1787188783769 116
1787188784394 158
1787188784654 109
1787188784835 108
1787188785053 267
1787188785683 126
1787188785927 122
1787188786263 152
1787188786549 162
1787188830628 282
1787188831042 120
1787188835242 318
1787188835691 166
1787188835928 168
1787188836237 164
1787188836639 141
1787188840474 238
1787188840838 123
1787188841081 111
1787188854207 274
1787188854556 130
1787188854811 130
1787188855066 130
1787188855320 131
1787188855575 129
1787188855831 118
1787188856067 131
1787188856322 130
1787188856577 128
1787188856831 126
1787188857079 125
1787188857326 273
1787188857724 132
1787188857976 126
1787188858226 126
1787188858476 128
1787188858728 128
1787188858981 129
1787188859234 127
1787188859486 130
1787188859737 125
1787188859982 122
1787188860224 267
1787188860597 128
1787188860850 130
1787188861101 130
1787188861336 128
1787188861587 128
1787188861839 129
1787188862089 128
1787188862340 127
1787188862591 126
1787188862843 128
1787188863094 274
1787188863492 125
1787188863738 129
1787188863992 129
1787188864244 128
1787188864495 127
1787188864745 129
1787188864997 131
1787188865250 125
1787188865497 129
1787188865749 134
1787188866006 118
1787188866240 277
1787188866627 126
1787188866876 125
1787188867119 125
1787188867365 125
1787188867612 130
1787188867865 125
1787188868110 126
1787188868359 130
1787188868614 131
1787188868993 167
1787188869762 275
1787188876046 236
1787188876402 119
1787188876752 121
1787188877171 131
1787188877439 130
1787188877810 120
1787188878154 130
1787188878392 132
1787188879179 280
1787188879599 129
1787188924143 287
1787188924561 123
1787188924825 136
1787188929355 292
1787188930504 132
1787188930770 133
1787188934256 280
1787188934675 116
1787188948354 276
1787188948754 128
1787188949007 128
1787188949261 134
1787188949525 131
1787188949786 135
1787188950048 134
1787188950310 124
1787188950557 128
1787188950807 134
1787188951070 128
1787188951325 283
1787188951734 132
1787188951953 131
1787188952212 130
1787188952469 131
1787188952729 121
1787188952969 129
1787188953226 129
1787188953475 132
1787188953733 133
1787188953993 125
1787188954239 124
1787188954486 268
1787188954879 126
1787188955114 123
1787188955361 125
1787188955610 125
1787188955858 132
1787188956121 133
1787188956380 129
1787188956630 128
1787188956885 132
1787188957143 131
1787188957400 266
1787188957772 125
1787188958021 124
1787188958267 124
1787188958515 124
1787188958762 127
1787188959010 124
1787188959257 124
1787188959504 130
1787188959761 129
1787188960015 130
1787188960274 279
1787188960668 129
1787188960902 122
1787188961109 124
1787188961358 130
1787188961614 129
1787188961857 131
1787188962115 128
1787188962373 126
1787188962588 168
1787188968193 281
1787188969443 136
1787188969710 126
1787188970035 123
1787188970495 115
1787188970748 138
1787188971479 286
1787188972324 115
1787188972541 118
1787188972793 138
1787189013602 292
1787189015144 132
1787189015417 125
1787189015663 133
1787189015953 141
1787189020454 286
1787189020999 128
1787189021220 142
1787189025117 282
1787189025476 125
1787189025745 143
1787189039509 290
1787189039932 136
1787189040197 134
1787189040461 134
1787189040728 141
1787189041002 136
1787189041270 133
1787189041533 136
1787189041800 135
1787189042067 134
1787189042331 136
1787189042581 290
1787189043000 135
1787189043267 133
1787189043528 135
1787189043793 136
1787189044059 133
1787189044322 134
1787189044586 134
1787189044851 135
1787189045119 135
1787189045385 134
1787189045650 135
1787189045915 287
1787189046333 133
1787189046596 132
1787189046859 133
1787189047121 135
1787189047386 132
1787189047647 345
1787189048121 133
1787189048385 136
1787189048644 132
1787189048903 130
1787189049157 279
1787189049565 132
1787189049826 132
1787189050087 133
1787189050349 132
1787189050611 137
1787189050877 137
1787189051144 133
1787189051403 132
1787189051662 131
1787189051919 136
1787189052167 287
1787189052583 136
1787189052845 134
1787189053107 135
1787189053369 135
1787189053630 136
1787189060538 288
1787189060961 125
1787189061291 123
1787189061476 115
1787189061899 127
1787189062604 136
1787189062870 112
1787189063112 139
1787189063651 134
1787189063912 289
1787189064343 126
1787189106931 287
1787189107368 132
1787189107573 123
1787189107829 137
1787189112389 332
1787189112852 139
1787189113249 150
1787189117381 254
1787189117763 115
1787189130999 286
1787189131384 135
1787189131648 130
1787189131910 133
1787189132173 133
1787189132436 132
1787189132698 135
1787189132966 131
1787189133227 132
1787189133489 132
1787189133739 131
1787189134003 130
1787189134263 285
1787189134678 131
1787189134939 130
1787189135202 130
1787189135463 132
1787189135726 132
1787189135990 134
1787189136254 131
1787189136517 132
1787189136779 133
1787189136979 132
1787189137241 133
1787189137506 289
1787189137926 135
1787189138191 131
1787189138453 129
1787189138706 132
1787189138970 134
1787189139234 135
1787189139501 131
1787189139760 133
1787189140026 134
1787189140291 131
1787189140553 132
1787189140814 287
1787189141232 131
1787189141497 130
1787189141758 131
1787189142014 132
1787189142275 132
1787189142538 134
1787189142803 134
1787189143070 132
1787189143330 132
1787189143585 132
1787189143839 131
1787189144101 286
1787189144512 133
1787189151048 293
1787189151474 137
1787189151821 126
1787189152276 122
1787189152529 138
1787189153188 135
1787189153465 136
1787189154037 112
1787189154237 285
1787189154662 139
1787189199662 252
1787189200053 129
1787189200322 145
1787189205075 344
1787189205692 178
1787189206008 171
1787189210146 295
1787189225645 296
1787189226041 114
1787189226393 135
1787189226650 135
1787189226917 135
1787189227185 136
1787189227455 136
1787189227724 137
1787189227994 136
1787189228263 136
1787189228531 137
1787189228802 294
1787189229230 136
1787189229499 135
1787189229769 137
1787189230037 139
1787189230308 138
1787189230580 136
1787189230849 125
1787189231086 111
1787189231306 111
1787189231528 110
1787189231762 136
1787189232032 292
1787189232457 124
1787189232693 113
1787189232917 111
1787189233139 110
1787189233360 112
1787189233582 111
1787189233803 112
1787189234026 111
1787189234248 113
1787189234472 114
1787189234696 112
1787189234920 111
1787189235141 236
1787189235486 112
1787189235709 113
1787189235934 112
1787189236157 111
1787189236378 122
1787189236622 112
1787189236845 111
1787189237066 110
1787189237288 112
1787189237509 111
1787189237743 246
1787189238100 110
1787189238321 111
1787189238542 111
1787189238765 112
1787189238987 113
1787189239210 112
1787189239433 111
1787189239656 111
1787189239878 112
1787189240112 139
1787189240383 138
1787189240651 293
1787189241077 138
1787189241349 137
1787189241748 182
1787189248598 289
1787189249259 128
1787189249711 115
1787189249960 140
1787189250203 139
1787189250723 140
1787189251014 139
1787189251611 137
1787189251885 297
1787189296733 299
1787189297148 117
1787189297339 118
1787189297540 132
1787189301995 330
1787189302470 158
1787189302756 178
1787189303206 145
1787189307283 300
1787189322623 293
1787189323025 138
1787189323300 140
1787189323577 139
1787189323852 141
1787189324129 141
1787189324405 141
1787189324682 137
1787189324951 139
1787189325222 140
1787189325498 138
1787189325770 294
1787189326199 138
1787189326471 140
1787189326746 141
1787189327023 138
1787189327296 140
1787189327571 138
1787189327844 137
1787189328115 136
1787189328373 139
1787189328646 140
1787189328921 510
1787189329566 138
1787189329839 140
1787189330114 136
1787189330385 139
1787189330659 138
1787189330932 140
1787189331207 137
1787189331476 138
1787189331750 139
1787189332025 294
1787189332453 139
1787189332726 140
1787189332999 141
1787189333275 139
1787189333547 140
1787189333822 140
1787189334097 139
1787189334371 138
1787189334636 138
1787189334908 140
1787189335181 292
1787189335608 141
1787189335885 140
1787189336156 139
1787189336430 139
1787189336704 138
1787189336974 138
1787189337245 140
1787189337521 140
1787189337774 141
1787189338179 183
1787189344891 281
1787189345304 137
1787189345692 138
1787189346177 136
1787189346450 129
1787189347124 142
1787189347414 133
1787189347949 290
1787189348376 128
1787189348639 135
1787189392382 302
1787189392808 144
1787189393097 139
1787189397095 303
1787189397779 189
1787189398112 169
1787189398414 185
1787189398824 177
1787189399089 170
1787189399515 137
1787189399932 136
1787189400201 131
1787189403547 300
1787189417932 303
1787189418344 142
1787189418625 137
1787189418880 132
1787189419139 128
1787189419395 130
1787189419652 131
1787189419912 131
1787189420170 131
1787189420430 134
1787189420693 131
1787189420951 133
1787189421204 277
1787189421607 133
1787189421869 129
1787189422126 132
1787189422386 130
1787189422649 141
1787189422926 141
1787189423204 141
1787189423481 136
1787189423742 133
1787189424002 133
1787189424261 275
1787189424663 130
1787189424922 131
1787189425180 130
1787189425437 132
1787189425696 132
1787189425956 132
1787189426215 131
1787189426473 131
1787189426731 133
1787189426993 134
1787189427258 305
1787189427700 142
1787189427979 142
1787189428258 142
1787189428536 143
1787189428816 141
1787189429090 129
1787189429347 131
1787189429606 132
1787189429865 129
1787189430120 132
1787189430383 134
1787189430645 274
1787189431045 130
1787189431305 136
1787189431577 137
1787189431841 134
1787189432091 131
1787189432349 134
1787189432610 132
1787189432864 134
1787189433133 140
1787189433410 141
1787189433688 302
1787189440859 283
1787189441271 132
1787189441662 130
1787189442065 140
1787189442350 147
1787189443061 144
1787189443345 140
1787189443878 291
1787189444311 146
1787189489112 305
1787189489524 142
1787189489765 139
1787189494423 317
1787189494837 191
1787189495173 184
1787189495499 190
1787189496073 137
1787189499664 314
1787189502068 150
1787189502367 134
