# timestamp_ms rss_kb
1790702856297 86824
1790702856325 89088
1790702856455 109600
1790702856482 150616
1790702856510 191632
1790702856538 230596
1790702856568 271280
1790702856596 312648
1790702856626 355708
1790702856656 396724
1790702856686 439820
1790702856717 455976
1790702856882 521336
1790702856978 544404
1790702857011 572844
1790702857044 702404
1790702857080 1173444
1790702857116 1667012
1790702857157 2215876
1790702857199 2774980
1790702857242 3348420
1790702857289 3968964
1790702857340 4657092
1790702857395 5386180
1790702857452 6141892
1790702857511 6928324
1790702857573 7755716
1790702857641 8652740
1790702857714 9621444
1790702857790 10637252
1790702857872 11722692
1790702857959 12875716
1790702858050 14088132
1790702858146 15357892
1790702858248 16721860
1790702858357 18169796
1790702858472 19455940
1790702858915 20322256
1790702859038 21508060
1790702860691 21938464
