1786134827431 22
1786134827487 21
1786134827589 22
1786134828546 24
1786134828591 21
1786134828636 318
1786134828978 29
1786134829038 33
1786134829096 23
1786134829151 22
1786134829198 21
1786134829244 22
1786134829298 22
1786134829351 23
1786134829408 23
1786134829468 23
1786134829528 25
1786134829588 23
1786134829649 25
1786134829711 25
1786134829772 27
1786134829838 24
1786134829901 25
1786134829963 26
1786134830027 26
1786134830092 27
1786134830156 26
1786134830210 26
1786134830276 26
1786134830341 27
1786134830408 27
1786134830465 26
1786134830535 27
1786134830597 26
1786134830666 26
1786134830733 27
1786134830789 28
1786134830852 28
1786134830923 29
1786134830995 27
1786134831044 29
1786134831117 28
1786134831188 30
1786134831249 28
1786134831322 29
1786134831382 30
1786134831455 30
1786134831529 29
1786134831590 28
1786134831662 31
1786134831724 30
1786134831800 34
1786134831866 30
1786134831943 31
1786134832007 31
1786134832085 31
1786134832149 30
1786134832218 32
1786134832283 31
1786134832362 33
1786134832428 31
1786134832509 32
1786134832574 31
1786134832655 33
1786134832722 32
1786134832806 33
1786134832873 32
1786134832955 34
1786134833011 32
1786134833096 34
1786134833165 32
1786134833250 34
1786134833320 33
1786134833407 35
1786134833464 33
1786134833553 35
1786134833624 33
1786134833700 34
1786134833770 34
1786134833859 35
1786134833931 34
1786134834009 36
1786134834082 35
1786134834175 36
1786134834234 35
1786134834326 37
1786134834400 35
1786134834473 36
1786134834568 36
1786134834643 36
1786134834717 36
1786134834812 37
1786134834888 36
1786134834963 37
1786134835061 38
1786134835138 38
1786134835215 37
1786134835314 39
1786134835376 36
1786134835453 38
1786134835555 39
1786134835634 38
1786134835695 38
1786134835798 39
1786134835878 38
1786134835958 40
1786134836063 40
1786134836144 40
1786134836226 40
1786134836333 40
1786134836416 40
1786134836499 39
1786134836605 41
1786134836688 40
1786134836770 90
1786134837006 78
1786134837596 81
1786134837783 60
1786134838490 69
1786134847330 57
1786134847729 43
1786134847816 44
1786134847904 44
1786134850369 45
1786134852104 46
1786134852220 44
1786134852309 42
1786134852396 42
1786134852483 40
1786134852567 42
1786134852655 43
1786134852753 45
1786134853310 45
1786134853400 46
1786134853957 46
1786134854049 47
1786134854143 46
1786134854237 46
1786134854331 46
1786134854424 47
1786134854518 46
1786134854612 47
1786134854705 45
1786134854797 47
1786134854890 68
1786134855006 44
1786134855096 99
1786134855243 45
1786134855336 78
1786134855461 47
1786134855556 78
1786134855680 47
1786134855774 73
1786134855893 48
1786134855988 90
1786134856126 47
1786134856221 69
1786134856337 47
1786134856431 47
1786134856525 47
1786134856619 46
1786134856713 46
1786134856806 46
1786134856901 46
1786134856994 47
1786134857088 46
1786134857182 46
1786134857712 48
1786134857810 48
1786134857905 47
1786134858000 46
1786134858095 46
1786134858192 46
1786134858288 45
1786134858384 46
1786134858480 47
1786134872022 45
1786134872114 44
1786134886781 44
1786134887264 45
1786134887614 44
1786135159416 46
1786135692895 47
1786135714684 44
1786135734200 45
1786135753633 44
1786135773225 45
1786135794005 46
1786135813586 45
1786135833589 47
1786135853076 44
1786136330551 47
1786136342949 45
1786136355164 46
1786136368683 44
1786136369176 45
1786136605577 46
1786136605767 45
1786136606138 45
1786137434090 48
1786137452839 45
1786137473918 44
1786137492865 45
1786137514376 44
1786137533220 44
1786137554081 44
1786137573726 71
1786137593986 44
1786137614032 45
1786137634319 46
1786137653814 43
1786138170878 45
