1785349108479 78024 36
1785349108594 125940 35
1785349108697 169004 35
1785349108800 208012 34
1785349108902 252604 35
1785349109007 294152 35
1785349109112 335604 34
1785349109214 376224 34
1785349109318 420816 36
1785349109425 462368 35
1785349109528 502736 35
1785349109632 544436 37
1785349109739 589028 37
1785349109849 630584 36
1785349109956 671632 34
1785349180730 673436 43
1785349180845 686400 36
1785349180969 702628 39
1785349181097 710536 44
1785349200993 715720 39
1785349201105 729404 38
1785349201234 745648 41
1785349201365 762320 41
1785349220990 764428 46
1785349221113 778928 37
1785349221244 797292 40
1785349221376 814132 41
1785349240854 814736 42
1785349240969 830236 42
1785349241090 844796 41
1785349241226 862016 40
1785349260802 872804 41
1785349260925 888036 41
1785349261068 907796 44
1785349261218 917680 43
1785349281744 921100 40
1785349281869 936176 43
1785349282022 955188 41
1785349282169 969492 44
1785349302415 972664 40
1785349302542 987604 39
1785349302692 1006456 44
1785349302825 1021064 42
1785349323248 1024108 44
1785349323376 1039640 44
1785349323508 1055640 43
1785349323649 1073056 46
1785349343639 1074848 47
1785349343771 1090564 42
1785349343920 1110280 45
1785349344052 1124844 44
