# timestamp_ms rss_kb
1785346108039 88456
1785346108149 132640
1785346108254 175144
1785346108356 220268
1785346108459 261024
1785346108558 303860
1785346108660 345404
1785346108765 386436
1785346108872 428792
1785346108976 472076
1785346109077 517716
1785346109183 560828
1785346109287 603896
1785346109393 645444
1785346109502 686164
1785346109746 705712
1785346109946 724848
1785346110522 746556
1785346110812 766100
1785346111008 783204
1785346111215 799920
1785346111868 819004
1785346111973 836788
1785346112083 859424
1785346112196 882608
1785346112305 906700
1785346112430 930656
1785346112550 954576
1785346112673 976244
1785346112895 999628
1785346113112 1023752
1785346113327 1046832
1785346124507 1068096
1785346124740 1093904
1785346124970 1119696
1785346125212 1146308
1785346125335 1172496
1785346125462 1205976
1785346125592 1237496
1785346125836 1269592
1785346126113 1295792
1785346134185 1327056
1785346134382 1355448
1785346144736 1384164
1785346145322 1414808
1785346146248 1445220
1785346146488 1475196
1785346146687 1505496
1785346146907 1540732
1785346147040 1578288
1785346147182 1613680
1785346154773 1646456
1785346165196 1683960
1785346165902 1718756
1785346166878 1757168
1785346167179 1797100
1785346167506 1860748
1785346167651 1898896
1785346175763 1937480
1785346176170 1980852
1785346187754 2020940
1785346188855 2069236
1785346189149 2111928
1785346189430 2174640
1785346189713 2220668
1785346197717 2275588
1785346208354 2323536
1785346209310 2374352
1785346209760 2427360
1785346210049 2492424
1785346217869 2544668
1785346228602 2599068
1785346230084 2661940
1785346230579 2733328
1785346230883 2795572
1785346239299 2858548
1785346239828 2926864
1785346251683 2990220
1785346252279 3058924
1785346252844 3124156
1785346261118 3194476
1785346271691 3262508
1785346273130 3332132
1785346273588 3398944
1785346281464 3467112
1785346282001 3541360
1785346293359 3612340
1785346293950 3690848
1785346301927 3771664
1785346312492 3853920
1785346314222 3941904
1785346314972 4034984
1785346323366 4128284
1785346335406 4215384
1785346336221 4304980
1785346344602 4402824
1785346357554 4500428
1785346358441 4593076
1785346362661 4657260 (true peak, below trigger threshold; snapshot is in peaks/peak.smaps)
