1787342045836 38
1787342045906 34
1787342045971 36
1787342046037 36
1787342046105 38
1787342046177 37
1787342046248 39
1787342046321 23
1787342046791 38
1787342052069 41
1787342052137 24
1787342052233 40
1787342052302 386
1787342052726 92
1787342052846 26
1787342052901 40
1787342052978 25
1787342053032 44
1787342053114 43
1787342053196 27
1787342053324 27
1787342053451 45
1787342053596 26
1787342053724 46
1787342053884 28
1787342054012 46
1787342054158 27
1787342054287 45
1787342054444 28
1787342054573 47
1787342054720 27
1787342054848 45
1787342054982 28
1787342055111 46
1787342055259 28
1787342055388 28
1787342055446 45
1787342055578 28
1787342055708 47
1787342055857 28
1787342055985 47
1787342056121 27
1787342056178 27
1787342056283 29
1787342056413 48
1787342056562 29
1787342056692 28
1787342056829 49
1787342056980 29
1787342057110 29
1787342057240 46
1787342057389 29
1787342057507 29
1787342057639 47
1787342057789 29
1787342057921 28
1787342058053 47
1787342058190 27
1787342058248 46
1787342058334 26
1787342058441 27
1787342058572 26
1787342058701 46
1787342058852 26
1787342058983 26
1787342059100 46
1787342059252 26
1787342059381 28
1787342059514 46
1787342059665 26
1787342059781 27
1787342059912 46
1787342060064 28
1787342060197 26
1787342060328 45
1787342060464 27
1787342060597 28
1787342060730 48
1787342060883 27
1787342060992 27
1787342061049 27
1787342061168 48
1787342061296 27
1787342061428 27
1787342061560 46
1787342061712 27
1787342061831 28
1787342061965 48
1787342062118 27
1787342062250 27
1787342062383 48
1787342062523 29
1787342062659 28
1787342062793 49
1787342062949 28
1787342063084 28
1787342063154 50
1787342063236 27
1787342063370 27
1787342063505 48
1787342063661 28
1787342063787 28
1787342063922 51
1787342064079 28
1787342064215 28
1787342064326 49
1787342064483 27
1787342064604 28
1787342064740 48
1787342064895 28
1787342065006 29
1787342065067 26
1787342065176 49
1787342065331 28
1787342065454 28
1787342065591 49
1787342065747 28
1787342065879 28
1787342066015 49
1787342066147 27
1787342066295 28
1787342066407 50
1787342066565 28
1787342066701 29
1787342066813 28
1787342066873 50
1787342067007 28
1787342067130 29
1787342067269 51
1787342067428 27
1787342067564 29
1787342067677 50
1787342067836 29
1787342067961 29
1787342068049 51
1787342068132 28
1787342068243 29
1787342068357 29
1787342068495 51
1787342068640 29
1787342068783 28
1787342068895 27
1787342069031 53
1787342069193 29
1787342069307 28
1787342069446 29
1787342069571 53
1787342069734 28
1787342069847 29
1787342069986 28
1787342070099 52
1787342070184 27
1787342070296 29
1787342070410 28
1787342070483 30
1787342070572 53
1787342070736 29
1787342070851 29
1787342070991 29
1787342071105 53
1787342071190 28
1787342071303 29
1787342071418 29
1787342071546 53
1787342071711 29
1787342071826 29
1787342071967 29
1787342072083 53
1787342072248 28
1787342072363 29
1787342072491 30
1787342072634 54
1787342072721 28
1787342072783 28
1787342072899 29
1787342073042 51
1787342073178 29
1787342073305 30
1787342073448 30
1787342073565 54
1787342073732 30
1787342073875 29
1787342073991 30
1787342074135 56
1787342074289 30
1787342074432 30
1787342074549 29
1787342074692 55
1787342074835 29
1787342074898 28
1787342075013 29
1787342075130 30
1787342075285 57
1787342075430 30
1787342075575 30
1787342075693 29
1787342075838 54
1787342075980 30
1787342076125 30
1787342076244 30
1787342076375 58
1787342076547 29
1787342076665 29
1787342076810 30
1787342076928 54
1787342077099 30
1787342077218 29
1787342077282 29
1787342077359 57
1787342077504 30
1787342077622 30
1787342077768 31
1787342077887 57
1787342078059 30
1787342078179 30
1787342078311 31
1787342078458 58
1787342078606 30
1787342078726 31
1787342078873 31
1787342078993 58
1787342079168 30
1787342079288 31
1787342079423 31
1787342079544 57
1787342079712 30
1787342079832 30
1787342079979 31
1787342080100 56
1787342080245 31
1787342080310 29
1787342080430 30
1787342080564 31
1787342080686 58
1787342080836 31
1787342080987 31
1787342081109 31
1787342081232 56
1787342081406 31
1787342081528 31
1787342081664 31
1787342081730 73
1787342081922 31
1787342082045 31
1787342082168 31
1787342082291 59
1787342082469 31
1787342082592 31
1787342082729 32
1787342082853 60
1787342083005 32
1787342083157 32
1787342083282 31
1787342083406 31
1787342083557 60
1787342083710 32
1787342083835 31
1787342083973 32
1787342084099 32
1787342084251 62
1787342084406 32
1787342084534 31
1787342084660 31
1787342084788 32
1787342084857 57
1787342084982 31
1787342085110 29
1787342085249 30
1787342085374 32
1787342085499 62
1787342085655 31
1787342085722 30
1787342085816 32
1787342085970 32
1787342086039 31
1787342086163 62
1787342086319 32
1787342086459 33
1787342086585 32
1787342086711 32
1787342086836 62
1787342086936 31
1787342087032 32
1787342087187 32
1787342087313 32
1787342087439 62
1787342087595 32
1787342087735 33
1787342087862 33
1787342087990 33
1787342088146 64
1787342088305 32
1787342088432 33
1787342088560 32
1787342088687 33
1787342088845 62
1787342088986 34
1787342089115 33
1787342089272 33
1787342089400 32
1787342089528 63
1787342089686 32
1787342089813 33
1787342089883 33
1787342089982 32
1787342090110 32
1787342090195 67
1787342090298 33
1787342090427 32
1787342090555 33
1787342090684 33
1787342090813 33
1787342090970 65
1787342091130 32
1787342091260 33
1787342091390 33
1787342091519 32
1787342091663 67
1787342091827 33
1787342091958 33
1787342092088 32
1787342092217 33
1787342092378 66
1787342092540 34
1787342092672 33
1787342092804 33
1787342092934 32
1787342093079 69
1787342093246 34
1787342093377 33
1787342093508 33
1787342093639 33
1787342093770 67
1787342093964 33
1787342094095 34
1787342094228 34
1787342094299 32
1787342094447 69
1787342094613 33
1787342094744 33
1787342094875 33
1787342095005 34
1787342095135 68
1787342095301 34
1787342095433 33
1787342095565 33
1787342095697 33
1787342095843 68
1787342096009 33
1787342096139 33
1787342096271 33
1787342096402 33
1787342096534 67
1787342096698 34
1787342096830 33
1787342096962 33
1787342097094 33
1787342097242 69
1787342097410 33
1787342097542 33
1787342097674 33
1787342097807 33
1787342097939 69
1787342098106 33
1787342098178 33
1787342098249 33
1787342098351 34
1787342098485 35
1787342098620 69
1787342098812 32
1787342098944 34
1787342099079 33
1787342099212 34
1787342099345 72
1787342099517 34
1787342099651 34
1787342099785 34
1787342099919 33
1787342100052 34
1787342100187 69
1787342100342 35
1787342100507 34
1787342100613 35
1787342100748 35
1787342100883 72
1787342101055 34
1787342101189 33
1787342101325 34
1787342101459 35
1787342101595 72
1787342101768 34
1787342101889 35
1787342101964 33
1787342102098 34
1787342102234 35
1787342102370 73
1787342102544 34
1787342102680 35
1787342102816 35
1787342102952 34
1787342103088 71
1787342103261 34
1787342103397 34
1787342103517 34
1787342103653 35
1787342103790 34
1787342103928 73
1787342104102 35
1787342104239 35
1787342104376 35
1787342104513 34
1787342104650 34
1787342104787 73
1787342104962 35
1787342105100 36
1787342105224 35
1787342105363 34
1787342105500 35
1787342105575 73
1787342105752 36
1787342105890 34
1787342106026 35
1787342106165 35
1787342106304 36
1787342106442 75
1787342106619 35
1787342106757 36
1787342106882 51
1787342107038 37
1787342107178 35
1787342107316 76
1787342107498 34
1787342107636 36
1787342107775 35
1787342107914 35
1787342108053 35
1787342108193 77
1787342108373 36
1787342108514 34
1787342108637 36
1787342108778 36
1787342108919 36
1787342109060 77
1787342109177 34
1787342109283 36
1787342109423 36
1787342109563 36
1787342109705 35
1787342109846 36
1787342109986 78
1787342110168 36
1787342110308 36
1787342110434 37
1787342110576 36
1787342110716 36
1787342110857 79
1787342111041 36
1787342111182 36
1787342111324 37
1787342111467 37
1787342111611 37
1787342111753 80
1787342111938 36
1787342112081 38
1787342112225 36
1787342112354 35
1787342112498 37
1787342112575 34
1787342112716 78
1787342112902 38
1787342113048 37
1787342113191 36
1787342113335 37
1787342113480 37
1787342113624 81
1787342113814 33
1787342113957 35
1787342114099 35
1787342114227 35
1787342114369 36
1787342114512 82
1787342114701 35
1787342114845 35
1787342114989 36
1787342115132 37
1787342115276 35
1787342115419 82
1787342115609 36
1787342115753 36
1787342115896 36
1787342115972 35
1787342116082 36
1787342116245 36
1787342116355 83
1787342116546 35
1787342116690 35
1787342116833 37
1787342116978 36
1787342117122 36
1787342117267 84
1787342117461 36
1787342117605 36
1787342117751 36
1787342117896 36
1787342118041 36
1787342118171 84
1787342118365 37
1787342118511 37
1787342118657 37
1787342118804 37
1787342118951 36
1787342119096 85
1787342119223 35
1787342119335 36
1787342119480 36
1787342119626 36
1787342119771 36
1787342119917 36
1787342120062 86
1787342120243 36
1787342120389 38
1787342120538 36
1787342120684 36
1787342120829 37
1787342120975 36
1787342121121 83
1787342121313 36
1787342121461 37
1787342121609 38
1787342121757 37
1787342121905 37
1787342122053 87
1787342122252 48
1787342122363 37
1787342122442 36
1787342122588 37
1787342122736 36
1787342122883 37
1787342123030 87
1787342123229 37
1787342123378 37
1787342123525 37
1787342123674 38
1787342123824 37
1787342123973 89
1787342124174 37
1787342124325 37
1787342124475 38
1787342124612 36
1787342124761 38
1787342124910 37
1787342125059 89
1787342125261 43
1787342125347 37
1787342125462 37
1787342125611 37
1787342125759 38
1787342125908 37
1787342126057 88
1787342126257 37
1787342126406 37
1787342126555 38
1787342126704 37
1787342126839 37
1787342126988 37
1787342127137 88
1787342127338 38
1787342127488 38
1787342127637 38
1787342127787 39
1787342127938 38
1787342128087 38
1787342128238 89
1787342128440 38
1787342128590 37
1787342128739 37
1787342128890 38
1787342129026 39
1787342129178 38
1787342129330 90
1787342129533 40
1787342129687 38
1787342129838 38
1787342129988 38
1787342130124 38
1787342130275 38
1787342130427 91
1787342130632 37
1787342130768 38
1787342130919 41
1787342131074 36
1787342131222 38
1787342131361 37
1787342131512 91
1787342131717 38
1787342131869 38
1787342132008 39
1787342132147 38
1787342132299 38
1787342132451 39
1787342132604 93
1787342132776 38
1787342132928 38
1787342133081 64
1787342133260 38
1787342133414 39
1787342133567 39
1787342133707 93
1787342133914 39
1787342134067 38
1787342134206 39
1787342134359 39
1787342134513 38
1787342134666 38
1787342134819 95
1787342135030 39
1787342135148 38
1787342135302 38
1787342135456 38
1787342135611 38
1787342135764 39
1787342135921 94
1787342136117 39
1787342136235 39
1787342136390 39
1787342136508 39
1787342136663 39
1787342136818 39
1787342136937 39
1787342137019 95
1787342137193 39
1787342137349 40
1787342137469 40
1787342137625 39
1787342137781 40
1787342137939 39
1787342138096 96
1787342138273 39
1787342138429 39
1787342138571 39
1787342138728 41
1787342138851 39
1787342139007 39
1787342139128 39
1787342139284 96
1787342139498 39
1787342139618 39
1787342139774 39
1787342139931 40
1787342140090 39
1787342140210 39
1787342140366 39
1787342140486 97
1787342140702 42
1787342140826 40
1787342140910 40
1787342141018 39
1787342141175 39
1787342141331 39
1787342141452 39
1787342141610 97
1787342141826 40
1787342141985 40
1787342142108 38
1787342142230 40
1787342142390 38
1787342142512 38
1787342142594 36
1787342142714 96
1787342142930 39
1787342143054 40
1787342143178 38
1787342143339 41
1787342143487 38
1787342143608 37
1787342143767 39
1787342143893 95
1787342144111 39
1787342144234 38
1787342144393 38
1787342144516 39
1787342144677 38
1787342144799 37
1787342144884 38
1787342145006 38
1787342145131 94
1787342145349 38
1787342145470 37
1787342145626 40
1787342145787 41
1787342145911 40
1787342146059 40
1787342146219 41
1787342146380 95
1787342146558 39
1787342146718 40
1787342146842 41
1787342147004 41
1787342147128 42
1787342147291 41
1787342147453 40
1787342147578 101
1787342147801 41
1787342147925 40
1787342148010 41
1787342148134 41
1787342148296 40
1787342148420 42
1787342148548 41
1787342148658 40
1787342148743 102
1787342148966 41
1787342149091 40
1787342149215 40
1787342149300 41
1787342149424 41
1787342149549 41
1787342149634 40
1787342149758 41
1787342149883 41
1787342150046 105
1787342150235 41
1787342150321 41
1787342150447 42
1787342150611 42
1787342150776 42
1787342150902 41
1787342151027 43
1787342151116 41
1787342151241 41
1787342151366 104
1787342151579 41
1787342151743 41
1787342151869 41
1787342151955 41
1787342152079 41
1787342152166 40
1787342152252 105
1787342152427 42
1787342152514 42
1787342152601 77
1787342152853 57
1787342153450 71
1787342154681 131
1787342156548 126
1787342179790 122
1787342180259 44
1787342180350 42
1787342180440 43
1787342180529 42
1787342180618 43
1787342180708 107
1787342180863 43
1787342180953 44
1787342181045 44
1787342182262 109
1787342184052 105
1787342186118 108
1787342186274 43
1787342186367 43
1787342186486 44
1787342186578 43
1787342186650 43
1787342186741 43
1787342186833 107
1787342186988 42
1787342187078 43
1787342187169 44
1787342187263 44
1787342187356 110
1787342187542 111
1787342187732 45
1787342188245 114
1787342188439 116
1787342189036 46
1787342189133 45
1787342189229 107
1787342189387 45
1787342189484 45
1787342189580 46
1787342189677 109
1787342189838 116
1787342190005 53
1787342190111 45
1787342190207 83
1787342190342 46
1787342190439 87
1787342190577 50
1787342190679 88
1787342190820 74
1787342190946 46
1787342191043 109
1787342191205 69
1787342191327 118
1787342191495 46
1787342191593 110
1787342191756 45
1787342191852 47
1787342191949 46
1787342192046 45
1787342192142 47
1787342192240 46
1787342192337 47
1787342192434 45
1787342192531 45
1787342192628 45
1787342192723 118
1787342192891 45
1787342192988 46
1787342193103 46
1787342193202 50
1787342193304 50
1787342193407 50
1787342199319 115
1787342199485 46
1787342199581 46
1787342199678 45
1787342199773 69
1787342199893 120
1787342200101 47
1787342214376 120
1787342214806 47
1787342214905 47
1787342216387 121
1787342221183 121
1787342229415 119
1787342229992 47
1787342230218 47
1787342230403 46
1787342230949 116
1787342241100 118
1787342251286 119
1787342261723 119
1787342351850 120
1787342382439 119
1787342412991 120
1787342443642 120
1787342566589 157
1787343214580 120
1787343214754 67
1787343214873 46
1787343214971 46
1787343215068 46
1787343671634 119
1787343691643 116
1787343712893 119
1787343734829 121
1787343736765 119
1787343971453 122
1787343985771 122
1787343988131 121
1787343990555 124
1787343992926 120
1787343995005 121
1787344603937 119
1787344655761 118
1787344729844 125
1787344827929 121
1787344906607 120
1787344984550 119
1787345064730 121
1787345583568 751
