# timestamp_ms rss_kb
1786577650432 38896
1786577650503 46316
1786577650565 65604
1786577650630 83212
1786577650715 84932
1786577650778 89208
1786577650844 94880
1786577650906 120104
1786577650969 122644
1786577651113 159740
1786577661793 163236
1786577662728 166528
1786577663900 171096
1786577664797 174552
1786577666038 179132
1786577667292 183724
1786577668580 188644
1786577669887 193612
1786577671641 198136
1786577673803 202588
1786577675874 207712
1786577678029 212592
1786577680056 217240
1786577682164 221984
1786577683556 227588
1786577683634 235616
1786577735518 344156
1786577735621 357208
1786577735729 433016
1786577736170 443048
1786577736250 480780
1786577736367 505308
1786577736812 517500
1786577737432 528408
1786577738095 554072
1786577738216 584744
1786577739120 607152
1786577739309 645232
1786577739441 724944
1786577739590 741624
1786577740319 758664
1786577753917 792004
1786577756077 809272
1786577756275 839192
1786577756425 925872
1786577756716 1000196
1786577756871 1022176
1786577758159 1049068
1786577763450 1076296
1786577763881 1286644
1786577764256 1314928
1786577764640 1353308
1786577771141 1395024
1786577771319 1423852
1786577771495 1467912
1786577808172 1497460
1786577808694 1577300
1786577823527 1612872
1786577823722 1669736
1786577823916 1706716
1786577828457 1743136
1786577828813 1789776
1786577833355 1837852
1786577868212 1886364
1786577888659 1924960
1786577893740 1966304
1786577947065 2018084
1786577952368 2058780
1786578006371 2102636
1786578044690 2154024
1786578127314 2202740
1786578224179 2247828
1786578395613 2294964
1786578422078 2331352 (true peak, below trigger threshold; snapshot is in peaks/peak.smaps)
