# timestamp_ms rss_kb
1790758441988 262676
1790758442276 270412
1790758442601 278596
1790758443055 285584
1790758443599 307004
1790758447920 343180
1790758448032 368236
1790758448228 376868
1790758448634 384868
1790758449110 395372
1790758449760 417080
1790758450331 442220
1790758450656 468640
1790758451120 578272
1790758451312 591636
1790758451425 656108
1790758461637 679704
1790758462480 693400
1790758465654 711788
1790758469006 731664
1790758469637 746308
1790758470468 768924
1790758470594 818332
1790758483865 846672
1790758485589 863812
1790758512566 927384
1790758514477 942512 (true peak, below trigger threshold; snapshot is in peaks/peak.smaps)
