# timestamp_ms rss_kb
1790747799128 16332
1790747799213 22508
1790747799280 28040
1790747799346 47020
1790747800441 48540
1790747801422 57784
1790747801496 84624
1790747801687 147088
1790747801828 168896
1790747801909 177832
1790747802901 189196
1790747803062 197888
1790747803148 202252
1790747803908 206660
1790747804071 223448
1790747804343 229240
1790747804510 260104
1790747804598 297052
1790747804690 334056
1790747804783 381252
1790747806101 414636
1790747806189 455648
1790747806278 490496
1790747806371 531504
1790747807070 542572
1790747807713 554636
1790747808913 571708
1790747809135 615412
1790747809227 652716
1790747809321 670052
1790747809626 684484
1790747809724 708868
1790747809814 729608
1790747810197 749192
1790747812091 764184
1790747827336 782352
1790747842864 798076
1790747912277 827556
1790747914400 876796
1790747915781 897704
1790748015612 915856
1790748042738 943568
1790748043358 966112
1790748169614 1011040
1790748683494 1025992 (true peak, below trigger threshold; snapshot is in peaks/peak.smaps)
