1790747799128 16332 32
1790747799213 22508 18
1790747799280 28040 19
1790747799346 47020 21
1790747800371 47044 23
1790747800441 48540 21
1790747801350 48872 22
1790747801422 57784 19
1790747801496 84624 22
1790747801617 85628 21
1790747801687 147088 22
1790747801828 168896 23
1790747801909 177832 22
1790747802360 177884 21
1790747802828 178320 23
1790747802901 189196 21
1790747802987 191596 24
1790747803062 197888 24
1790747803148 202252 24
1790747803643 202304 22
1790747803908 206660 24
1790747803994 208832 24
1790747804071 223448 24
1790747804343 229240 25
1790747804432 233412 25
1790747804510 260104 25
1790747804598 297052 26
1790747804690 334056 27
1790747804783 381252 25
1790747804871 385348 24
1790747805396 385912 23
1790747806025 385916 23
1790747806101 414636 24
1790747806189 455648 26
1790747806278 490496 29
1790747806371 531504 27
1790747806462 541804 24
1790747806995 541860 24
1790747807265 548116 24
1790747807713 554636 25
1790747808061 561416 25
1790747808836 564220 25
1790747808913 571708 24
1790747809003 577852 26
1790747809135 615412 24
1790747809227 652716 29
1790747809321 670052 27
1790747809626 684484 27
1790747809724 708868 26
1790747809814 729608 26
1790747809962 738444 25
1790747810197 749192 24
1790747810487 758040 26
1790747811479 763160 24
1790747812010 763804 25
1790747815427 767256 29
1790747818861 769304 27
1790747822181 773400 26
1790747825453 775448 28
1790747827196 776632 29
1790747827516 788588 28
1790747828869 791016 33
1790747829621 791372 29
1790747830362 791404 29
1790747831274 791416 30
1790747831962 791428 31
1790747833667 792472 29
1790747834277 792836 30
1790747834920 792876 31
1790747835623 792896 29
1790747836359 792936 31
1790747837428 792960 29
1790747838364 792972 31
1790747839201 792996 31
1790747839896 793016 29
1790747840679 793048 29
1790747841460 793060 29
1790747842075 793072 26
1790747842724 793140 29
1790747843922 798128 29
1790747844562 798140 27
1790747845447 798172 29
1790747846090 798204 28
1790747846820 798452 27
1790747847897 798672 28
1790747848721 798768 31
1790747849622 798788 29
1790747850600 798920 26
1790747851399 798996 28
1790747852009 799048 27
1790747852639 799072 28
1790747853396 799120 28
1790747854084 799128 29
1790747855257 799164 26
1790747855932 799172 29
1790747856871 799192 28
1790747857457 800228 29
1790747858328 800260 29
1790747859034 800276 28
1790747859891 800960 27
1790747860478 802416 29
1790747861078 802480 29
1790747861764 802520 28
1790747862610 802524 26
1790747863273 802548 29
1790747865805 802564 28
1790747866746 802576 29
1790747867354 802608 30
1790747868026 802620 29
1790747868891 802624 31
1790747870585 802632 31
1790747871721 802644 29
1790747872337 802944 28
1790747873789 803036 29
1790747874395 803148 30
1790747875492 803156 28
1790747876358 803276 28
1790747877608 803344 28
1790747878365 803348 29
1790747879114 803356 28
1790747879994 803704 30
1790747885500 803808 29
1790747887177 803876 28
1790747888430 808144 30
1790747889238 809912 29
1790747912277 827556 29
1790747914315 844028 27
1790747914400 876796 27
1790747914990 886644 30
1790747915781 897704 28
1790747918077 898872 29
1790747920873 903420 29
1790747921976 905412 29
1790747942310 909488 28
1790747943511 910708 30
1790747944682 914496 29
1790748014290 915508 29
1790748015612 915856 31
1790748041124 920528 33
1790748042738 943568 28
1790748042840 953812 31
1790748043358 966112 28
1790748045018 973120 29
1790748047823 974224 28
1790748049387 974456 31
1790748167990 983212 30
1790748169524 984416 29
1790748169614 1011040 28
1790748171711 1011044 30
1790748173838 1011048 29
1790748174808 1011056 29
1790748297413 1014388 30
1790748424071 1015708 30
1790748428283 1024444 30
1790748683494 1025992 31
