# timestamp_ms rss_kb
1785835272898 116336
1785835272991 133480
1785835273056 171672
1785835273144 208708
1785835273213 227004
1785835273299 277488
1785835273448 328744
1785835273514 337672
1785835273640 393008
1785835273729 404068
1785835273798 448340
1785835273883 482480
1785835273955 503676
1785835274040 559008
1785835274150 599348
1785835274221 614344
1785835274291 629012
1785835274365 669676
1785835274457 684128
1785835274532 739864
1785835274604 790264
1785835289167 816668
1785835289248 867068
1785835415340 869044 (true peak, below trigger threshold; snapshot is in peaks/peak.smaps)
