1785835272898 116336 15
1785835272991 133480 12
1785835273056 171672 13
1785835273144 208708 13
1785835273213 227004 13
1785835273299 277488 14
1785835273365 282340 13
1785835273448 328744 13
1785835273514 337672 12
1785835273580 342572 13
1785835273640 393008 13
1785835273729 404068 12
1785835273798 448340 13
1785835273883 482480 13
1785835273955 503676 14
1785835274040 559008 13
1785835274150 599348 15
1785835274221 614344 14
1785835274291 629012 15
1785835274365 669676 13
1785835274457 684128 16
1785835274532 739864 14
1785835274604 790264 15
1785835289167 816668 16
1785835289248 867068 15
1785835340094 868888 17
1785835415340 869044 16
