# timestamp_ms rss_kb
1785806067515 12644
1785806068412 17540
1785806068472 69600
1785806068526 91888
1785806068582 144208
1785806068645 148200
1785806068706 190024
1785806068762 194632
1785806068880 207192
1785806068950 249136
1785806069018 286020
1785806069092 311876
1785806069168 342092
1785806069910 352020
1785806069989 362692
1785806071367 370020
1785806072870 378344
1785806073837 434868
1785806074937 445108
1785806075352 455348
1785806076577 465588
1785806077111 471732 (true peak, below trigger threshold; snapshot is in peaks/peak.smaps)
