1786939467418 48
1786939467643 41
1786939467718 38
1786939467791 41
1786939468181 41
1786939468256 44
1786939468333 47
1786939468408 25
1786939468467 24
1786939468866 39
1786939476106 44
1786939476178 26
1786939476232 26
1786939476285 25
1786939476400 26
1786939476474 41
1786939476565 26
1786939476639 25
1786939476713 26
1786939476789 43
1786939476860 25
1786939476955 27
1786939477029 25
1786939477104 25
1786939477157 42
1786939477227 26
1786939477281 27
1786939477356 25
1786939477430 25
1786939477504 40
1786939477571 24
1786939477623 25
1786939477676 25
1786939477791 24
1786939477864 40
1786939477952 25
1786939478026 25
1786939478099 25
1786939478174 24
1786939478233 44
1786939478347 26
1786939478402 25
1786939478475 25
1786939478549 25
1786939478624 42
1786939478694 24
1786939478746 26
1786939478801 26
1786939478876 25
1786939478929 25
1786939478982 43
1786939479053 25
1786939479230 27
1786939479305 24
1786939479358 42
1786939479468 25
1786939479521 25
1786939479573 28
1786939479629 26
1786939479727 42
1786939479797 24
1786939479871 25
1786939479923 26
1786939479978 27
1786939480054 27
1786939480108 44
1786939480201 26
1786939480255 27
1786939480309 27
1786939480363 27
1786939480418 26
1786939480473 45
1786939480609 26
1786939480683 25
1786939480757 26
1786939480831 45
1786939480924 27
1786939481001 27
1786939481064 26
1786939481160 25
1786939481213 43
1786939481304 24
1786939481356 26
1786939481411 29
1786939481489 27
1786939481544 44
1786939481637 29
1786939481695 27
1786939481750 26
1786939481804 28
1786939481861 25
1786939481914 47
1786939482052 25
1786939482127 26
1786939482202 27
1786939482277 26
1786939482352 45
1786939482445 26
1786939482499 26
1786939482595 25
1786939482648 25
1786939482701 24
1786939482753 44
1786939482847 27
1786939482922 25
1786939482975 24
1786939483027 25
1786939483080 26
1786939483154 44
1786939483227 28
1786939483282 26
1786939483336 25
1786939483514 46
1786939483608 27
1786939483684 25
1786939483758 25
1786939483811 27
1786939483868 28
1786939483933 47
1786939484029 24
1786939484082 26
1786939484136 25
1786939484188 27
1786939484264 26
1786939484338 43
1786939484428 24
1786939484501 27
1786939484556 25
1786939484608 25
1786939484662 24
1786939484714 43
1786939484785 28
1786939484943 26
1786939485018 28
1786939485095 45
1786939485188 28
1786939485243 26
1786939485297 28
1786939485353 28
1786939485450 42
1786939485521 27
1786939485597 27
1786939485653 27
1786939485708 26
1786939485763 26
1786939485837 44
1786939485929 26
1786939485985 25
1786939486037 27
1786939486092 26
1786939486146 28
1786939486202 46
1786939486338 26
1786939486413 27
1786939486489 27
1786939486565 28
1786939486621 45
1786939486716 27
1786939486770 26
1786939486833 28
1786939486910 26
1786939486964 26
1786939487018 43
1786939487087 26
1786939487163 26
1786939487237 27
1786939487291 26
1786939487344 26
1786939487398 49
1786939487495 26
1786939487549 26
1786939487603 25
1786939487655 24
1786939487828 44
1786939487920 25
1786939487996 26
1786939488072 26
1786939488126 24
1786939488179 27
1786939488234 45
1786939488330 25
1786939488384 27
1786939488440 26
1786939488516 26
1786939488569 30
1786939488648 45
1786939488723 27
1786939488779 28
1786939488856 29
1786939488934 26
1786939488988 45
1786939489084 25
1786939489242 26
1786939489317 27
1786939489394 44
1786939489466 25
1786939489542 25
1786939489596 26
1786939489700 27
1786939489755 45
1786939489827 25
1786939489880 26
1786939489955 26
1786939490030 27
1786939490085 27
1786939490140 45
1786939490213 28
1786939490291 27
1786939490346 26
1786939490403 30
1786939490463 27
1786939490624 44
1786939490718 27
1786939490795 27
1786939490872 26
1786939490950 28
1786939491009 48
1786939491127 25
1786939491201 25
1786939491275 26
1786939491329 27
1786939491385 25
1786939491438 47
1786939491534 26
1786939491588 26
1786939491684 25
1786939491737 26
1786939491811 47
1786939491991 26
1786939492067 27
1786939492143 27
1786939492221 47
1786939492296 26
1786939492350 29
1786939492418 25
1786939492493 24
1786939492566 23
1786939492637 47
1786939492735 25
1786939492788 28
1786939492844 26
1786939492897 28
1786939492976 25
1786939493029 27
1786939493084 45
1786939493158 25
1786939493211 26
1786939493391 26
1786939493466 27
1786939493543 47
1786939493618 24
1786939493690 26
1786939493745 27
1786939493801 28
1786939493879 27
1786939493936 47
1786939494012 25
1786939494087 26
1786939494141 28
1786939494220 25
1786939494275 25
1786939494328 44
1786939494401 27
1786939494478 29
1786939494535 26
1786939494589 28
1786939494644 24
1786939494778 45
1786939494851 25
1786939494927 25
1786939495001 26
1786939495077 25
1786939495151 24
1786939495212 49
1786939495330 28
1786939495385 27
1786939495461 25
1786939495514 28
1786939495572 28
1786939495629 46
1786939495726 28
1786939495804 28
1786939495860 28
1786939495917 27
1786939495974 30
1786939496053 44
1786939496232 26
1786939496309 24
1786939496383 28
1786939496459 48
1786939496557 26
1786939496611 26
1786939496709 26
1786939496784 24
1786939496857 26
1786939496910 48
1786939497008 26
1786939497084 29
1786939497162 26
1786939497238 26
1786939497293 26
1786939497368 46
1786939497505 26
1786939497596 25
1786939497650 26
1786939497726 24
1786939497800 48
1786939497898 27
1786939497961 26
1786939498058 25
1786939498113 26
1786939498189 27
1786939498265 46
1786939498362 28
1786939498419 26
1786939498475 29
1786939498531 26
1786939498608 25
1786939498661 27
1786939498734 46
1786939498931 27
1786939499009 26
1786939499063 27
1786939499141 46
1786939499236 23
1786939499288 27
1786939499385 28
1786939499442 24
1786939499495 24
1786939499547 45
1786939499642 26
1786939499719 26
1786939499793 25
1786939499868 25
1786939499920 25
1786939499975 46
1786939500049 26
1786939500102 25
1786939500222 25
1786939500297 25
1786939500373 45
1786939500469 26
1786939500545 28
1786939500601 29
1786939500657 26
1786939500719 26
1786939500798 48
1786939500895 27
1786939500971 24
1786939501043 26
1786939501097 29
1786939501176 26
1786939501251 47
1786939501347 25
1786939501401 31
1786939501460 25
1786939501513 27
1786939501634 26
1786939501709 45
1786939501806 26
1786939501860 27
1786939501937 25
1786939502012 26
1786939502067 26
1786939502166 44
1786939502239 27
1786939502294 25
1786939502349 26
1786939502424 26
1786939502500 25
1786939502553 25
1786939502607 45
1786939502681 26
1786939502756 28
1786939502812 25
1786939502867 29
1786939502925 24
1786939503085 44
1786939503178 28
1786939503255 26
1786939503331 23
1786939503408 27
1786939503465 27
1786939503574 49
1786939503652 25
1786939503727 26
1786939503781 24
1786939503834 26
1786939503888 25
1786939503965 27
1786939504043 49
1786939504120 26
1786939504175 28
1786939504232 25
1786939504308 27
1786939504428 26
1786939504504 47
1786939504601 26
1786939504656 24
1786939504730 26
1786939504807 25
1786939504860 27
1786939504960 46
1786939505056 25
1786939505131 26
1786939505206 27
1786939505284 24
1786939505336 26
1786939505392 48
1786939505469 27
1786939505546 26
1786939505602 26
1786939505673 26
1786939505854 50
1786939505932 24
1786939506007 24
1786939506082 26
1786939506158 25
1786939506212 28
1786939506321 47
1786939506397 26
1786939506472 26
1786939506547 26
1786939506626 26
1786939506680 27
1786939506735 26
1786939506790 48
1786939506887 27
1786939506943 25
1786939507020 24
1786939507183 26
1786939507259 47
1786939507356 26
1786939507434 27
1786939507489 25
1786939507544 28
1786939507602 28
1786939507681 46
1786939507777 25
1786939507851 24
1786939507903 27
1786939507958 26
1786939508014 27
1786939508092 29
1786939508171 47
1786939508246 28
1786939508304 52
1786939508399 59
1786939508497 55
1786939508592 53
1786939508684 53
1786939508776 55
1786939508874 53
1786939508968 54
1786939509060 56
1786939509156 56
1786939509252 56
1786939509347 55
1786939509446 55
1786939509542 57
1786939509641 56
1786939509742 59
1786939509849 61
1786939509961 61
1786939510070 65
1786939510186 64
1786939510306 70
1786939510435 70
1786939510558 72
1786939510685 74
1786939510818 72
1786939510949 80
1786939511087 73
1786939511217 83
1786939511367 92
1786939511543 97
1786939511730 101
1786939511886 58
1786939512046 52
1786939512142 48
1786939512269 54
1786939512372 98
1786939512518 55
1786939512620 50
1786939512748 86
1786939512877 48
1786939512967 49
1786939513059 86
1786939513189 49
1786939513319 93
1786939513460 51
1786939513556 50
1786939513649 88
1786939513781 53
1786939513912 89
1786939514046 87
1786939514207 104
1786939514389 103
1786939514572 108
1786939514770 92
1786939514942 107
1786939515140 108
1786939515290 108
1786939515491 96
1786939515636 94
1786939515808 110
1786939515972 111
1786939516165 97
1786939516613 60
1786939516735 119
1786939516957 120
1786939517167 102
1786939517528 118
1786939517753 122
1786939518084 122
1786939518306 129
1786939519503 64
1786939519630 123
1786939519814 74
1786939519948 130
1786939520187 135
1786939520439 136
1786939520687 73
1786939520825 74
1786939521281 74
1786939521419 75
1786939521555 75
1786939521682 136
1786939521879 73
1786939522015 73
1786939522150 75
1786939522288 73
1786939522423 74
1786939522561 72
1786939522696 72
1786939522830 65
1786939522954 133
1786939523149 72
1786939523284 73
1786939523419 132
1786939523611 73
1786939523800 116
1786939523976 71
1786939524110 135
1786939524360 117
1786939524537 65
1786939524661 133
1786939524910 135
1786939525107 66
1786939525233 63
1786939525354 114
1786939525579 65
1786939525705 115
1786939525878 73
1786939526013 117
1786939526243 115
1786939526421 136
1786939526619 65
1786939526745 74
1786939526934 117
1786939527110 65
1786939527212 70
1786939527343 138
1786939527598 75
1786939527736 136
1786939527935 71
1786939528069 72
1786939528257 116
1786939528433 64
1786939528557 63
1786939528680 135
1786939528928 67
1786939529051 116
1786939529227 65
1786939529350 63
1786939529525 118
1786939529702 73
1786939529837 76
1786939529952 135
1786939530151 65
1786939530327 118
1786939530504 72
1786939530639 64
1786939530763 114
1786939530991 72
1786939531127 118
1786939531305 66
1786939531430 66
1786939531555 138
1786939531810 66
1786939531935 117
1786939532101 64
1786939532222 64
1786939532348 139
1786939532601 120
1786939532836 120
1786939533071 135
1786939533305 122
1786939533520 142
1786939533779 143
1786939534036 145
1786939534297 126
1786939534526 123
1786939534767 66
1786939534949 75
1786939535087 73
1786939535223 73
1786939535359 73
1786939535496 74
1786939535633 75
1786939535771 144
1786939535978 74
1786939536114 72
1786939536249 74
1786939536388 76
1786939536528 75
1786939536666 75
1786939536806 67
1786939536934 67
1786939537061 67
1786939537188 147
1786939537399 77
1786939537539 75
1786939537677 66
1786939537804 72
1786939537941 76
1786939538083 75
1786939538209 66
1786939538336 73
1786939538473 66
1786939538589 122
1786939538771 76
1786939538911 66
1786939539038 65
1786939539162 64
1786939539287 65
1786939539413 64
1786939539537 64
1786939539661 74
1786939539798 123
1786939539983 65
1786939540109 66
1786939540235 75
1786939540373 66
1786939540500 65
1786939540625 64
1786939540749 65
1786939540874 66
1786939541000 131
1786939541193 75
1786939541331 66
1786939541458 66
1786939541586 66
1786939541712 67
1786939541839 68
1786939541968 75
1786939542107 66
1786939542233 66
1786939542360 124
1786939542543 65
1786939542670 66
1786939542797 65
1786939542921 65
1786939543046 66
1786939543172 65
1786939543298 64
1786939543422 66
1786939543549 66
1786939543676 145
1786939543885 66
1786939544011 67
1786939544139 64
1786939544264 67
1786939544392 73
1786939544530 73
1786939544666 75
1786939544804 66
1786939544930 67
1786939545057 66
1786939545185 143
1786939545391 74
1786939545528 73
1786939545664 74
1786939545802 67
1786939545928 66
1786939546056 74
1786939546182 145
1786939546446 147
1786939546712 146
1786939546977 147
1786939547242 150
1786939547510 150
1786939547780 151
1786939548048 151
1786939548311 159
1786939551150 157
1786939551363 67
1786939551487 67
1786939551610 62
1786939551730 128
1786939551916 67
1786939552026 65
1786939552158 62
1786939552329 59
1786939552680 67
1786939552812 65
1786939553273 146
1786939554183 67
1786939555837 149
1786939556051 69
1786939556162 62
1786939556277 158
1786939556508 76
1786939556648 69
1786939556777 73
1786939556919 72
1786939557044 148
1786939557315 68
1786939557449 70
1786939557605 74
1786939557749 75
1786939557907 67
1786939558047 70
1786939558180 72
1786939558400 73
1786939558547 74
1786939558693 69
1786939558851 175
1786939559302 75
1786939559458 72
1786939559612 78
1786939559751 75
1786939559920 171
1786939560175 76
1786939560334 72
1786939560485 78
1786939560640 78
1786939561718 71
1786939561861 180
1786939562110 76
1786939562395 75
1786939562547 77
1786939562693 150
1786939562976 76
1786939565647 185
1786939565907 82
1786939566054 79
1786939566205 93
1786939566490 92
1786939566660 90
1786939566830 191
1786939567083 89
1786939567251 84
1786939567413 85
1786939567574 193
1786939567900 86
1786939568066 80
1786939568216 87
1786939568362 81
1786939568508 91
1786939568720 191
1786939568974 85
1786939569151 192
1786939569518 85
1786939569951 87
1786939570140 81
1786939570433 85
1786939571585 176
1786939571846 88
1786939572023 88
1786939572201 88
1786939572360 91
1786939572536 90
1786939572712 89
1786939572886 174
1786939573142 80
1786939573305 80
1786939573467 88
1786939573640 95
1786939573898 81
1786939574061 81
1786939574225 88
1786939574380 194
1786939574650 87
1786939574821 88
1786939574964 86
1786939575120 88
1786939575277 83
1786939575504 87
1786939575671 79
1786939575836 84
1786939576007 92
1786939576192 221
1786939576604 208
1786939576909 93
1786939577105 94
1786939577294 91
1786939577718 103
1786939579184 213
1786939579488 90
1786939579724 202
1786939580005 90
1786939580261 189
1786939580542 91
1786939580797 201
1786939581075 92
1786939581331 202
1786939581625 87
1786939581870 204
1786939582164 91
1786939582346 106
1786939582536 92
1786939582813 95
1786939582992 95
1786939583204 214
1786939583519 88
1786939583706 94
1786939597737 211
1786939598040 91
1786939598222 92
1786939598404 92
1786939598587 92
1786939598772 91
1786939598954 93
1786939599136 91
1786939599316 94
1786939599500 91
1786939599680 92
1786939599862 93
1786939600045 93
1786939600227 214
1786939600532 94
1786939600715 94
1786939600885 93
1786939601066 93
1786939601247 93
1786939601429 97
1786939601618 96
1786939601806 97
1786939601993 88
1786939602170 95
1786939602354 94
1786939602527 93
1786939609053 221
1786939609371 97
1786939609774 96
1786939610117 98
1786939610308 97
1786939610519 98
1786939610766 88
1786939611118 97
1786939611304 98
1786939611905 197
1786939612197 96
1786939612394 93
1786939612585 99
1786939612782 95
1786939612954 96
1786939618500 224
1786939618835 96
1786939619020 101
1786939619222 103
1786939623227 233
1786939623564 115
1786939623782 101
1786939623987 103
1786939624196 108
1786939628032 207
1786939628374 100
1786939651747 227
1786939652260 99
1786939652463 105
1786939652955 107
1786939653170 103
1786939653357 102
1786939653561 99
1786939659449 214
1786939659760 104
1786939659986 101
1786939664047 237
1786939664387 110
1786939664628 109
1786939664937 102
1786939665147 108
1786939668744 222
1786939669048 100
1786939669240 103
1786939693006 234
1786939693349 101
1786939693849 104
1786939694049 105
1786939694267 103
1786939696516 235
1786939696857 103
1786939699667 236
1786939699992 106
1786939701163 108
1786939701382 102
1786939701578 104
1786939705697 238
1786939706039 98
1786939706327 99
1786939706509 102
1786939710099 236
1786939710425 109
1786939710637 108
1786939710859 100
1786939735581 238
1786939735933 104
1786939736518 98
1786939736714 102
1786939742635 239
1786939742988 107
1786939743220 104
1786939747276 242
1786939747639 105
1786939747916 105
1786939748136 107
1786939751791 215
1786939752133 107
1786939775607 235
1786939775955 109
1786939776556 105
1786939776792 109
1786939782573 234
1786939782906 103
1786939783124 108
1786939787203 269
1786939787587 95
1786939787789 102
1786939787990 107
1786939791649 236
1786939791993 99
1786939792212 102
1786939815860 236
1786939816670 110
1786939816900 108
1786939822779 229
1786939823122 102
1786939823333 106
1786939823553 103
1786939827678 220
1786939828083 107
1786939828821 108
1786939829021 105
1786939829231 105
1786939829444 103
1786939856885 238
1786939857240 104
1786939863235 235
1786939863536 104
1786939863745 107
1786939863922 102
1786939868185 249
1786939868703 107
1786939872472 228
1786939872815 113
1786939897215 232
1786939897620 106
1786939897998 116
1786939898223 106
1786939904909 226
1786939905255 109
1786939905487 110
1786939909612 263
1786939910930 110
1786939914660 246
1786939938764 249
1786939939109 112
1786939941671 225
1786939942007 109
1786939944831 254
1786939945193 109
1786939946325 106
1786939946563 111
1786939946790 107
1786939947019 111
1786939950989 239
1786939951545 112
1786939980443 233
1786939980791 107
1786939985607 228
1786939985935 110
1786939987033 106
1786939987269 107
1786939991667 252
1786939992122 101
1786939992332 107
1786939993013 107
1786939993209 105
1786939993426 107
1786939993627 108
1786940020670 234
1786940021015 106
1786940026898 250
1786940027263 113
1786940027501 109
1786940031799 236
1786940032241 108
1786940032456 108
1786940033110 112
1786940033290 109
1786940033510 108
1786940036915 248
1786940037290 114
1786940039209 125
