# timestamp_ms rss_kb
1790751196042 12596
1790751196924 19056
1790751196969 69556
1790751197050 95448
1790751197075 128736
1790751197119 184152
1790751197212 190040
1790751197279 194648
1790751197408 201500
1790751197463 224004
1790751197493 249168
1790751197548 279476
1790751197581 292712
1790751197634 316688
1790751197673 331208
1790751197730 342396
1790751198500 360952
1790751199914 368340
1790751201962 377600
1790751202869 433912
1790751203807 444152
1790751204435 454392
1790751205335 464632
1790751206191 470776 (true peak, below trigger threshold; snapshot is in peaks/peak.smaps)
