# timestamp_ms rss_kb
1785495153362 440928
1785495153486 453232
1785495153745 463016
1785495153873 499648
1785495153987 540376
1785495154107 612220
1785495154760 641456
1785495155050 654456
1785495155454 674652
1785495155758 689728
1785495156128 711512
1785495156713 727856
1785495156949 753224
1785495157406 771224
1785495157794 787976
1785495158317 823700
1785495158540 844620
1785495159176 863332
1785495159583 881156
1785495160207 906352
1785495160831 938352
1785495161539 961248
1785495162250 993460
1785495163418 1016156
1785495163713 1043480
1785495164009 1139532
1785495164174 1170968
1785495164343 1222476
1785495164512 1277772
1785495164680 1323864
1785495164993 1360728
1785495184592 1539928
1785495184792 1874208
1785495185010 2853720
1785495208314 2938068
