1790712753400 25376 29
1790712753482 26068 19
1790712753592 46200 23
1790712753670 46772 24
1790712754597 46828 22
1790712754712 48144 20
1790712755517 48268 22
1790712755585 56216 24
1790712755665 85348 25
1790712755770 121760 24
1790712755872 145588 25
1790712755955 177276 25
1790712756038 191188 23
1790712756120 228096 23
1790712756204 246568 21
1790712756331 281184 23
1790712756413 302032 24
1790712756496 320524 23
1790712756672 357532 22
1790712756753 376004 25
1790712756938 412960 22
1790712757021 431408 25
1790712757109 445280 23
1790712757190 463720 24
1790712757275 498932 24
1790712757479 519092 24
1790712757563 537532 27
1790712757654 556052 24
1790712757789 592980 24
1790712757874 611432 25
1790712757961 625344 23
1790712758067 643780 26
1790712758154 662236 25
1790712758237 676096 28
1790712758378 712972 25
1790712758462 731412 25
1790712758652 749872 24
1790712758737 768308 25
1790712758824 800580 25
1790712759011 819040 23
1790712759096 837476 24
1790712759834 837628 25
1790712760018 849504 23
1790712760096 859316 25
1790712760646 899836 29
1790712760749 924772 29
1790712760910 937792 30
1790712761128 948284 30
1790712761276 959128 28
1790712761494 971896 32
1790712761696 984524 29
1790712761912 997040 35
1790712762063 1009468 35
1790712762347 1024112 35
1790712762573 1036640 34
1790712762783 1049060 31
1790712763049 1063628 33
1790712763201 1076100 32
1790712763498 1092844 33
1790712763717 1108140 36
1790712763990 1124756 34
1790712764276 1139320 34
1790712764500 1151752 37
1790712764722 1164312 35
1790712764880 1176784 39
1790712764997 1393164 44
1790712765221 1420892 61
1790712765398 1445844 55
1790712765789 1480356 79
1790712766176 2479340 95
1790712766588 3923100 91
1790712768434 3931536 93
1790712769582 4081556 77
1790712770667 4129508 80
1790712771358 4184188 81
1790712771755 5306080 82
1790712772168 6578256 112
1790712772570 7612432 125
1790712772995 8794120 119
1790712773401 9504340 92
1790712773826 9807988 97
1790712774237 10376308 112
1790712776335 10737520 97
1790712776725 10884980 103
1790712777915 11457132 110
1790712780323 11542740 100
1790712782386 11549628 103
1790712784510 11553632 102
1790712786761 11555488 97
1790712788832 11557088 97
1790712790782 11557572 99
1790712792831 11558580 107
1790712795098 11560996 103
1790712797187 11561792 103
1790712799275 11562160 104
1790712800618 11792528 129
1790712801077 13328324 100
1790712802169 13507840 114
1790712803977 13644116 103
1790712804788 15037284 111
1790712807041 15059672 125
1790712810041 15091068 114
1790712812453 15092492 111
1790712814867 15092532 109
1790712817507 15092592 125
1790712820610 15092628 107
1790712824066 15092652 104
1790712826673 15092660 111
1790712829031 15092732 111
1790712831740 15092876 107
1790712834060 15093376 123
1790712836759 15094536 105
1790712839101 15123860 111
1790712842545 15126608 108
1790712846715 15127112 106
1790712848887 15127220 114
1790712851969 15134320 124
1790712856336 15134332 107
1790712858782 15134372 104
1790712861699 15135036 131
1790712864353 15135180 131
1790712867162 15136804 113
1790712869508 15192060 132
1790712873238 15192916 125
1790712875754 15192940 110
1790712883162 15198176 123
1790712886359 15198436 123
1790712891428 15198684 119
1790712894376 15198944 133
1790712897369 15201668 111
1790712902702 15201672 121
1790712910711 15201800 113
1790712917728 15202512 124
1790712920393 15203672 114
1790712924229 15205672 111
1790712927533 15205676 115
1790712931827 15208196 127
1790712936043 15208256 116
1790712941299 15215248 118
1790712945180 15215552 111
1790712949269 15221436 136
1790712953747 15223616 125
1790712956418 15223640 107
1790712963646 15223680 113
1790712972165 15223684 118
1790712975050 15273464 105
1790712977351 15289148 137
1790712981293 15289512 120
1790712985266 15289692 126
1790712990098 15289712 114
1790712994766 15289840 112
1790713003308 15289884 124
1790713008292 15295484 108
1790713011875 15295556 113
1790713014304 15295876 119
1790713024145 15295924 123
1790713031120 15295968 138
1790713038510 15297376 122
1790713041376 15297452 125
1790713047720 15297652 117
1790713056919 15297780 137
1790713059679 15299244 115
1790713064358 15299332 118
1790713071080 15299428 121
1790713085508 15306424 129
1790713088176 15310624 131
1790713090873 15310684 124
1790713093815 15310768 121
1790713112495 15310812 137
