# timestamp_ms rss_kb
1790742975380 20320
1790742975466 25516
1790742975596 44360
1790742976713 46204
1790742977654 67856
1790742977737 82972
1790742977818 138352
1790742977901 156908
1790742977984 189312
1790742978065 207768
1790742978149 226300
1790742978229 244764
1790742978362 281736
1790742978444 300184
1790742978528 318672
1790742978614 337144
1790742978699 355732
1790742978782 374192
1790742978941 411204
1790742979028 429664
1790742979114 443572
1790742979199 480432
1790742979286 498892
1790742979438 535856
1790742979522 554308
1790742979659 572888
1790742979744 609464
1790742979826 622672
1790742979965 642052
1790742980052 660500
1790742980140 674360
1790742980229 709996
1790742980318 729672
1790742980472 766572
1790742980578 784756
1790742980798 817288
1790742980883 835728
1790742982149 861208
1790742982672 884152
1790742982779 924216
1790742982995 942872
1790742983393 968432
1790742983765 988128
1790742984137 1013276
1790742984482 1034036
1790742984864 1057332
1790742985322 1086604
1790742985708 1109984
1790742986117 1137268
1790742986503 1160420
1790742986865 1394452
1790742987609 1451968
1790742988075 2185288
1790742988568 3950692
1790742991511 4106100
1790742993247 4213264
1790742993689 4500204
1790742994157 4674480
1790742994639 4889820
1790742995126 5149972
1790742995605 5346100
1790742997890 5851752
1790742999324 6495868
1790743023425 6685240
1790743023902 6824520
1790743026398 8232776
1790743204346 8415204
1790743346273 8490416 (true peak, below trigger threshold; snapshot is in peaks/peak.smaps)
