1790742975380 20320 33
1790742975466 25516 20
1790742975533 25984 21
1790742975596 44360 20
1790742975672 44968 21
1790742976594 44996 23
1790742976713 46204 20
1790742977582 46456 22
1790742977654 67856 25
1790742977737 82972 23
1790742977818 138352 25
1790742977901 156908 22
1790742977984 189312 23
1790742978065 207768 24
1790742978149 226300 21
1790742978229 244764 24
1790742978362 281736 24
1790742978444 300184 24
1790742978528 318672 26
1790742978614 337144 26
1790742978699 355732 24
1790742978782 374192 24
1790742978867 380220 25
1790742978941 411204 26
1790742979028 429664 24
1790742979114 443572 23
1790742979199 480432 24
1790742979286 498892 23
1790742979438 535856 25
1790742979522 554308 25
1790742979659 572888 23
1790742979744 609464 24
1790742979826 622672 25
1790742979965 642052 25
1790742980052 660500 26
1790742980140 674360 26
1790742980229 709996 26
1790742980318 729672 23
1790742980472 766572 24
1790742980578 784756 24
1790742980666 798848 29
1790742980798 817288 24
1790742980883 835728 25
1790742981615 835732 23
1790742982014 847256 26
1790742982149 861208 27
1790742982672 884152 32
1790742982779 924216 29
1790742982995 942872 30
1790742983241 956000 30
1790742983393 968432 31
1790742983613 979524 34
1790742983838 994296 32
1790742984047 1007048 32
1790742984265 1019484 33
1790742984482 1034036 36
1790742984653 1044540 35
1790742984864 1057332 34
1790742985109 1069760 39
1790742985322 1086604 34
1790742985611 1103480 37
1790742985842 1120400 36
1790742986117 1137268 36
1790742986407 1153996 35
1790742986639 1170812 38
1790742986865 1394452 41
1790742987139 1411748 134
1790742987609 1451968 111
1790742988075 2185288 113
1790742988568 3950692 109
1790742991170 3982264 93
1790742991511 4106100 94
1790742992670 4153704 91
1790742993247 4213264 97
1790742993689 4500204 122
1790742994157 4674480 122
1790742994639 4889820 118
1790742995126 5149972 95
1790742995605 5346100 100
1790742997511 5444156 108
1790742997890 5851752 100
1790742999324 6495868 107
1790743001650 6508752 107
1790743003965 6512768 112
1790743006285 6513996 113
1790743008585 6516936 104
1790743010696 6518028 101
1790743012796 6518884 115
1790743015277 6520164 107
1790743017635 6520760 104
1790743020026 6522704 102
1790743023033 6556052 108
1790743023425 6685240 124
1790743023902 6824520 114
1790743025985 6923976 106
1790743026398 8232776 120
1790743033952 8241692 120
1790743036829 8241704 109
1790743039274 8242876 103
1790743041584 8243376 118
1790743044640 8243756 112
1790743048034 8250928 114
1790743050562 8251116 109
1790743053103 8251184 113
1790743055905 8251428 106
1790743059362 8257464 109
1790743093041 8370688 106
1790743121789 8391856 112
1790743148599 8394368 132
1790743177951 8395852 133
1790743204346 8415204 112
1790743233635 8443408 132
1790743262248 8453092 137
1790743288693 8455252 126
1790743317759 8479112 134
1790743346273 8490416 132
