# timestamp_ms rss_kb
1787153698149 262200
1787153698392 269628
1787153698742 275148
1787153699175 283544
1787153699701 289528
1787153699777 298580
1787153700636 334348
1787153700750 398228
1787153700858 427772
1787153700971 496704
1787153701093 551340
1787153701212 566172
1787153701333 607248
1787153701460 753576
1787153701594 797664
1787153701727 918844
1787153702060 955588
1787153702362 984984
1787153702488 1018376
1787153702619 1049480
1787153702758 1079852
1787153702897 1107868
1787153703039 1138380
1787153703559 1165016
1787153705040 1204676
1787153708493 1332532
1787153708627 1533236
1787153708761 1595168
1787153708898 1816352
1787153710393 1963012
1787153710527 2135044
1787153714417 2202496
1787153714565 2331020
1787153720882 2391044
1787153721067 2442344
1787153721479 2514732
1787153733163 2568516
1787153733340 2670640
1787153736718 2781828
1787153788171 2838752
1787153821677 2919452
1787153821956 3018268
1787153835537 3098732
1787153845366 3161676
1787153845838 3190784 (true peak, below trigger threshold; snapshot is in peaks/peak.smaps)
