# timestamp_ms rss_kb
1790747799126 44516
1790747799347 46416
1790747801371 55260
1790747801458 68840
1790747801549 110600
1790747801704 142004
1790747801860 160768
1790747801950 175344
1790747802892 187072
1790747803077 196728
1790747803919 203816
1790747804081 216108
1790747804328 221736
1790747804427 233372
1790747804528 282680
1790747804629 331996
1790747804730 381332
1790747806094 406004
1790747806197 459312
1790747806302 512668
1790747806408 537280
1790747807458 548872
1790747808923 563156
1790747809118 607668
1790747809218 654392
1790747809483 670404
1790747809662 689752
1790747809928 708572
1790747810402 727868
1790747825238 743408
1790747827216 758320
1790747827323 781692
1790747889260 798908
1790747912277 830412
1790747914493 927004
1790747919718 961784
1790748043395 995284
1790748045119 1016544
1790748169622 1049244
1790749065573 1070156 (true peak, below trigger threshold; snapshot is in peaks/peak.smaps)
