# timestamp_ms rss_kb
1785799708137 13939024
1785799708857 14842192
1785799709757 16929104
1785799710664 19028304
1785799711569 21129552
1785799712464 23224656
1785799713345 25332048
1785799714203 27427152
1785799715003 29530448
1785799715807 31629648
1785799716627 33728848
1785799717432 35828048
1785799718235 37935440
1785799719035 40026448
1785799719851 42125648
1785799720655 44222800
1785799721499 46324048
1785799722339 48427344
1785799723154 50526544
1785799723969 52621648
1785799724765 54720848
1785799729770 55847960
1785799743732 56968692
1785799812633 57857868 (true peak, below trigger threshold; snapshot is in peaks/peak.smaps)
