1785801408116 792
1785801408942 879
1785801409854 880
1785801410768 872
1785801411676 858
1785801412571 872
1785801413482 831
1785801414349 774
1785801415158 769
1785801415962 783
1785801416783 787
1785801417607 784
1785801418429 782
1785801419250 781
1785801420072 764
1785801420874 779
1785801421693 776
1785801422510 775
1785801423329 777
1785801424147 775
1785801424966 582
1785801425587 448
1785801428865 152
1785801429051 30
1785801429113 35
1785801429181 36
1785801429248 35
1785801429316 37
1785801429425 35
1785801429486 39
1785801429556 43
1785801429636 44
1785801429707 39
1785801429781 57
1785801429864 199
1785801430090 51
1785801430168 75
1785801430349 68
1785801430469 72
1785801430823 64
1785801430939 73
1785801431428 73
1785801431781 59
1785801431937 68
1785801432060 68
1785801432181 68
1785801432301 70
1785801432424 72
1785801432547 73
1785801432673 217
1785801432943 69
1785801433064 71
1785801435154 79
1785801435280 75
1785801435405 82
1785801435544 241
1785801435842 91
1785801436922 53
1785801437035 70
1785801437165 54
1785801437277 54
1785801437979 57
1785801442892 210
1785801448755 210
1785801449026 51
