1790239959001 66176 54
1790239959119 111704 21
1790239959201 154700 22
1790239959285 198828 23
1790239959373 221096 23
1790239959461 252996 23
1790239959549 271692 76
1790239959695 297932 57
1790239959824 325880 55
1790239959950 353568 56
1790239960080 369800 53
1790239960207 400672 54
1790239960336 424296 52
1790239960459 453632 52
1790239960583 479536 54
1790239960705 508948 55
1790239960833 533556 55
1790239960961 551000 55
1790239961090 579324 56
1790239961220 606892 56
1790239961349 626084 55
1790239961479 653280 58
1790239961611 672884 58
1790239961744 695664 56
1790239961875 725088 57
1790239962008 752148 60
1790239962142 779100 59
1790239962275 795684 59
1790239962408 823568 60
1790239962543 851492 58
1790239962677 871600 59
1790239962811 894208 60
1790239962946 923568 61
1790239963082 963256 62
1790239963220 1013656 63
1790239963360 1065096 63
1790239963500 1121924 62
1790239963640 1173352 63
1790239963780 1226768 67
1790239963924 1285260 66
1790239964067 1334732 66
1790239964212 1395816 68
1790239964359 1446260 67
1790239964504 1502744 67
1790239964650 1565572 70
1790239964797 1613948 71
1790239964942 1664208 69
1790239965089 1716692 72
1790239965237 1773604 70
1790239965386 1831084 71
1790239965536 1890684 71
1790239965686 1952460 72
1790239965836 2007968 71
1790239965987 2069760 72
1790239966140 2127332 75
1790239966296 2180664 72
1790239966448 2243852 72
1790239966599 2301484 73
1790239966753 2366324 74
1790239966905 2419740 75
1790239967058 2480492 76
1790239967213 2534716 77
1790239967371 2595756 76
1790239967526 2657208 76
1790239967683 2714764 79
1790239967843 2775756 78
1790239968003 2839548 80
1790239968164 2896676 80
1790239968326 2958792 81
1790239968488 3018456 79
1790239968648 3083156 101
1790239968829 3143508 81
1790239968975 3187676 81
1790239969135 3249580 82
1790239969283 3294896 81
1790239969444 3355520 83
1790239969594 3402740 84
1790239969760 3468592 81
1790239969909 3513456 83
1790239970073 3571476 85
1790239970224 3614624 81
1790239970387 3696760 83
1790239970549 3770644 83
1790239970811 3844660 87
1790239971059 3900512 83
1790239971484 3974272 85
1790239971889 4048028 87
1790239972256 4121784 89
1790239972635 4195544 90
1790239972998 4269288 91
1790239973357 4343036 91
1790239973699 4412104 91
1790239974096 4490528 91
1790239974493 4564280 88
1790239974806 4638040 89
1790239975165 4711784 91
1790239975527 4785528 92
1790239975880 4859276 93
1790239976244 4933020 94
1790239976611 5006760 95
1790239976969 5080496 95
1790239977336 5154252 95
1790239977790 5229828 97
1790239978201 5303600 96
1790239978546 5377336 99
1790239978964 5451072 97
1790239979295 5505928 96
1790239979570 5561696 97
1790239979931 5635444 97
1790239980321 5709192 100
1790239980686 5782940 98
1790239981064 5856692 101
1790239981443 5930444 100
1790239981822 6004196 104
1790239982196 6077952 102
1790239982595 6151700 101
1790239982964 6225456 104
1790239983360 6299200 104
1790239983734 6372940 102
1790239984093 6446676 108
1790239984516 6520960 105
1790239984878 6594724 106
1790239985260 6668496 109
1790239985666 6742248 109
1790239986046 6815996 108
1790239986413 6889736 113
1790239986801 6963480 110
1790239987177 7037236 110
1790239987559 7110976 111
1790239987933 7184432 113
1790239988362 7258456 111
1790239988736 7332200 112
1790239989124 7405944 114
1790239989679 7516548 114
1790239990199 7627176 114
1790239990728 7737792 114
1790239991291 7848436 116
1790239991801 7959060 116
1790239992328 8069700 119
1790239992857 8180328 123
1790239993415 8290944 117
1790239993942 8401564 119
1790239994487 8512172 123
1790239995021 8622780 122
1790239995653 8733408 125
1790239996261 8844032 123
1790239996819 8954656 125
1790239997416 9066040 125
1790239998019 9176680 125
1790239998564 9287288 129
1790239999134 9397908 128
1790239999691 9508516 131
1790240000277 9619140 131
1790240000845 9729760 144
1790240001427 9840384 131
1790240001994 9951012 132
1790240002616 10061628 132
1790240003202 10172240 134
1790240003753 10282844 136
1790240004414 10393476 133
1790240005021 10504104 136
1790240005593 10614728 140
1790240006119 10725356 138
1790240006698 10835976 137
1790240007306 10946608 138
1790240007863 11057240 142
1790240008470 11167864 141
1790240009222 11315348 141
1790240010002 11462824 143
1790240010755 11610300 145
1790240011543 11757804 145
1790240012362 11905320 144
1790240013134 12052796 144
1790240013884 12200284 149
1790240014588 12347764 154
1790240015443 12495264 151
1790240016196 12642760 156
1790240017028 12790272 153
1790240017874 12938840 153
1790240018723 13086364 154
1790240019455 13233876 156
1790240020215 13381368 155
1790240020987 13528852 157
1790240021710 13676332 162
1790240022493 13823808 162
1790240023262 13971308 161
1790240024100 14118796 161
1790240024923 14266324 166
1790240025679 14413828 164
1790240026481 14561336 163
1790240027233 14708828 165
1790240027979 14856300 169
1790240028860 15040172 169
1790240029827 15224048 168
1790240030810 15409364 170
1790240031734 15593752 170
1790240032641 15778124 174
1790240033582 15962476 176
1790240034505 16127032 178
1790240035430 16294312 179
1790240036410 16478668 177
1790240037433 16663016 176
1790240038408 16847396 182
1790240039406 17031756 183
1790240040338 17216128 184
1790240041286 17400500 186
1790240042386 17584860 186
1790240043456 17769228 189
1790240044477 17953576 189
1790240045555 18139240 190
1790240046462 18323596 193
1790240047492 18507948 195
1790240048666 18729180 200
1790240049888 18950436 196
1790240051063 19171688 198
1790240052263 19392936 201
1790240053402 19614160 205
1790240054569 19835380 209
1790240055725 20056624 208
1790240056843 20277456 209
1790240058008 20499108 213
1790240059173 20720348 211
1790240060259 20941584 216
1790240061359 21162804 216
1790240062466 21384028 221
1790240063570 21605236 223
1790240064686 21826468 222
1790240065459 21941900 216
1790240119670 21948888 226
1790240126313 21973912 223
1790240130860 21990828 223
1790240131390 22016352 222
1790240132649 22241160 235
1790240134154 22480824 236
1790240135532 22738904 236
1790240136968 22996984 243
1790240138325 23255068 237
1790240139725 23513156 242
1790240141213 23771244 244
1790240142586 24028676 247
1790240144016 24287416 245
1790240145378 24545496 248
1790240146760 24803576 247
1790240148269 25061672 258
1790240149675 25319752 252
1790240151072 25577832 255
1790240152481 25835912 258
1790240154047 26112440 260
1790240155585 26388952 260
1790240157143 26683904 262
1790240158742 26978856 266
1790240160412 27273808 271
1790240162165 27568752 271
1790240163780 27863716 271
1790240165411 28158672 271
1790240167035 28453628 278
1790240168771 28748584 277
1790240170517 29043544 281
1790240172194 29338496 285
1790240173872 29633448 288
1790240175731 29965268 289
1790240177740 30297376 292
1790240179629 30629208 292
1790240181611 30961036 295
1790240183519 31274424 302
1790240185410 31587816 300
1790240187328 31919628 302
1790240189275 32251444 307
1790240191351 32620412 306
1790240193265 32952232 308
1790240195106 33284052 309
1790240197111 33652740 319
1790240199317 34021448 318
1790240201339 34390140 331
1790240203455 34758828 323
1790240205528 35127516 325
1790240207653 35496212 330
1790240209729 35864904 328
1790240211801 36233600 340
1790240266940 36420496 339
1790240269113 36789436 355
1790240271230 37158144 348
1790240273582 37563700 367
1790240276008 37969512 366
1790240278333 38375076 356
1790240280714 38780640 492
1790240283306 39186460 367
1790240285674 39592028 366
1790240288035 39997592 375
1790240290422 40403420 377
1790240292880 40808996 373
1790240295446 41251428 406
1790240369480 41586840 390
1790240389534 41660040 395
1790240390257 42099580 392
1790240390978 42791496 399
1790240391894 43762524 403
1790240392767 44836852 410
1790240393658 45372616 416
1790240394868 47078716 428
1790240395854 47949424 431
1790240396988 49287808 447
1790240398170 50398104 452
1790240399355 51291880 455
1790240401005 51915036 461
1790240401712 52453788 467
1790240402525 53031712 470
1790240403231 53566108 482
1790240404080 54131488 476
1790240404816 54709152 482
1790240405660 55280672 490
1790240406545 56114392 488
1790240407467 56933776 496
1790240408330 57544216 507
1790240409266 58361556 508
1790240410148 59006820 515
1790240411096 59838492 518
1790240412208 60913932 523
1790240413253 61700544 529
1790240414221 62530356 527
1790240415137 63175436 535
1790240416148 64107796 542
1790240417369 65357044 563
1790240418534 66278852 571
1790240419578 67145348 565
1790240420816 68337604 563
1790240421941 69305384 583
1790240422997 70123812 588
1790240424290 71383844 598
1790240425506 72313612 604
1790240426596 73171916 624
1790240427802 73965080 617
1790240428909 74822976 620
1790240430118 75709960 633
1790240431253 76564172 638
1790240432516 77475732 636
1790240433679 78732740 643
1790240472183 66254608 601
1790240496504 50462972 532
1790240861883 78974820 799
1790240866025 79873176 798
1790240870073 80897060 819
1790241156881 81431412 850
1790241159295 82353168 834
1790241161544 83211616 852
1790241163932 84086024 850
1790241166174 84934036 876
1790241169402 85791764 886
1790241190755 86127316 874
1790241193655 87086072 875
1790241196398 88081512 886
1790241198946 88966392 877
1790241201725 89998812 894
1790241205806 90988104 911
1790241251092 91392580 910
1790241270013 92237036 902
1790241290431 92434256 923
1790242081542 92478376 932
1790242122353 92658088 930
1790242141352 93605864 955
1790242160845 93732312 958
1790243059171 93805096 979
1790243973061 93808244 1015
1790243993988 93977700 988
1790244939072 94038632 1043
1790245882519 94073448 1041
1790246878879 94297488 1053
1790246900481 94445420 1048
1790247909842 94511236 1074
1790248934840 94592772 1084
1790250017457 94697808 1111
1790251083558 94792876 1147
1790252166130 94867776 1126
1790252189383 95009080 1137
1790252268038 75216656 691
1790252435455 74982132 683
1790260771734 59835160 847
1790260811156 95196884 1336
1790260815164 87827016 925
1790268502214 60995320 1130
1790271696836 58977752 945
1790280648755 60768336 1149
1790280698577 89811452 1129
1790281305487 95611416 1451
1790281309430 96678008 1454
1790281315495 97753016 1470
1790281323127 98894908 1467
1790281329854 100047968 1478
1790281380945 100939380 1525
1790291358231 77331544 1322
1790291385007 56046160 1049
1790311210548 78212128 1097
1790311213882 39260344 721
1790311371232 34081636 725
1790319175291 43994680 979
1790319223075 82196216 1074
1790328588859 44945856 1356
1790331954656 42534680 1061
1790340284782 43991836 1129
1790340331098 74469988 1116
1790349934904 60540852 763
