1785861806716 46
1785861807002 42
1785861807076 43
1785861807152 42
1785861807332 46
1785861807412 26
1785861807594 28
1785861807649 44
1785861807728 45
1785861807809 46
1785861807883 27
1785861808106 29
1785861811914 45
1785861811986 27
1785861812105 27
1785861812160 28
1785861812217 29
1785861812291 42
1785861812384 27
1785861812439 27
1785861812493 27
1785861812549 29
1785861812605 43
1785861812676 28
1785861812733 27
1785861812788 28
1785861812844 27
1785861812921 29
1785861812978 48
1785861813054 28
1785861813111 28
1785861813167 28
1785861813230 26
1785861813285 28
1785861813341 47
1785861813415 26
1785861813470 28
1785861813528 28
1785861813584 29
1785861813641 29
1785861813698 46
1785861813771 30
1785861813872 27
1785861813928 27
1785861813983 26
1785861814038 45
1785861814112 29
1785861814190 28
1785861814246 27
1785861814301 30
1785861814361 45
1785861814435 27
1785861814490 28
1785861814547 30
1785861814612 29
1785861814690 47
1785861814765 27
1785861814820 26
1785861814874 27
1785861814929 28
1785861814985 26
1785861815061 46
1785861815134 26
1785861815189 29
1785861815245 28
1785861815301 28
1785861815357 26
1785861815412 27
1785861815467 46
1785861815542 28
1785861815620 26
1785861815675 27
1785861815731 28
1785861815787 28
1785861815845 43
1785861815916 27
1785861815972 29
1785861816030 26
1785861816085 26
1785861816140 44
1785861816211 25
1785861816265 29
1785861816322 26
1785861816383 28
1785861816438 27
1785861816516 44
1785861816588 27
1785861816643 28
1785861816699 25
1785861816752 28
1785861816809 25
1785861816863 43
1785861816934 24
1785861816986 27
1785861817040 30
1785861817098 27
1785861817154 25
1785861817207 27
1785861817263 45
1785861817337 28
1785861817434 26
1785861817488 27
1785861817544 26
1785861817599 28
1785861817656 50
1785861817756 27
1785861817811 29
1785861817868 28
1785861817925 28
1785861817981 28
1785861818037 28
1785861818094 49
1785861818178 26
1785861818270 27
1785861818325 29
1785861818383 27
1785861818438 26
1785861818494 47
1785861818570 26
1785861818624 27
1785861818679 29
1785861818736 27
1785861818792 27
1785861818847 26
1785861818902 45
1785861818976 28
1785861819032 29
1785861819089 27
1785861819187 28
1785861819243 27
1785861819298 46
1785861819372 28
1785861819430 27
1785861819485 26
1785861819539 28
1785861819596 27
1785861819652 48
1785861819727 28
1785861819784 27
1785861819839 29
1785861819896 29
1785861819960 27
1785861820060 47
1785861820135 26
1785861820189 28
1785861820246 28
1785861820301 28
1785861820380 27
1785861820435 48
1785861820512 29
1785861820571 28
1785861820628 28
1785861820684 29
1785861820743 30
1785861820803 48
1785861820923 28
1785861820980 30
1785861821040 30
1785861821098 30
1785861821156 27
1785861821211 29
1785861821268 43
1785861821341 28
1785861821398 28
1785861821455 27
1785861821511 31
1785861821572 27
1785861821628 47
1785861821712 29
1785861821770 28
1785861821827 29
1785861821884 28
1785861821941 28
1785861821997 49
1785861822074 28
1785861822131 28
1785861822211 30
1785861822271 28
1785861822328 27
1785861822383 28
1785861822440 46
1785861822516 27
1785861822571 27
1785861822628 28
1785861822685 28
1785861822742 26
1785861822798 27
1785861822853 50
1785861822932 28
1785861822990 31
1785861823049 28
1785861823127 27
1785861823185 28
1785861823241 28
1785861823298 50
1785861823375 28
1785861823433 30
1785861823491 27
1785861823553 28
1785861823653 29
1785861823710 49
1785861823787 28
1785861823845 28
1785861823903 29
1785861823961 27
1785861824017 28
1785861824075 27
1785861824132 47
1785861824208 28
1785861824265 35
1785861824328 29
1785861824386 28
1785861824442 28
1785861824498 28
1785861824600 51
1785861824679 28
1785861824737 27
1785861824794 29
1785861824851 29
1785861824908 30
1785861824968 31
1785861825027 29
1785861825085 50
1785861825164 28
1785861825222 28
1785861825279 29
1785861825344 28
1785861825400 28
1785861825456 28
1785861825512 48
1785861825589 26
1785861825646 28
1785861825703 28
1785861825760 30
1785861825820 28
1785861825877 29
1785861825935 237
1785861826200 30
1785861826259 30
1785861826318 27
1785861826374 29
1785861826432 28
1785861826489 30
1785861826549 27
1785861826645 31
1785861826705 27
1785861826761 29
1785861826819 29
1785861826878 48
1785861826955 29
1785861827013 27
1785861827068 30
1785861827126 29
1785861827185 29
1785861827245 28
1785861827302 51
1785861827389 28
1785861827446 29
1785861827503 31
1785861827562 28
1785861827620 28
1785861827678 31
1785861827739 54
1785861827822 29
1785861827902 29
1785861827960 29
1785861828019 30
1785861828078 28
1785861828135 28
1785861828193 29
1785861828251 51
1785861828331 28
1785861828410 29
1785861828468 30
1785861828543 28
1785861828599 27
1785861828656 50
1785861828737 28
1785861828794 29
1785861828852 27
1785861828909 28
1785861828967 29
1785861829025 28
1785861829082 49
1785861829160 30
1785861829228 29
1785861829330 28
1785861829388 29
1785861829446 31
1785861829506 51
1785861829586 29
1785861829666 32
1785861829727 28
1785861829784 28
1785861829841 28
1785861829898 28
1785861829955 51
1785861830035 29
1785861830094 30
1785861830175 30
1785861830234 28
1785861830292 29
1785861830352 50
1785861830430 29
1785861830487 30
1785861830569 27
1785861830626 29
1785861830685 29
1785861830743 26
1785861830799 51
1785861830877 29
1785861830935 29
1785861831001 29
1785861831103 28
1785861831161 28
1785861831218 50
1785861831296 28
1785861831353 31
1785861831436 28
1785861831493 28
1785861831550 29
1785861831608 28
1785861831665 48
1785861831742 27
1785861831798 27
1785861831856 27
1785861831912 27
1785861832013 28
1785861832069 50
1785861832148 28
1785861832205 30
1785861832264 28
1785861832323 30
1785861832381 28
1785861832440 31
1785861832500 50
1785861832579 27
1785861832636 27
1785861832693 54
1785861832786 52
1785861832875 52
1785861832957 49
1785861833042 54
1785861833126 53
1785861833218 50
1785861833305 49
1785861833409 51
1785861833497 50
1785861833584 53
1785861833674 51
1785861833764 52
1785861833853 54
1785861833947 57
1785861834062 55
1785861834176 54
1785861834268 56
1785861834385 54
1785861834500 55
1785861834601 60
1785861834710 62
1785861834821 62
1785861834926 60
1785861835037 62
1785861835152 67
1785861835287 67
1785861835424 63
1785861835574 73
1785861835703 64
1785861835822 67
1785861835946 65
1785861836070 70
1785861836215 73
1785861836347 41
1785861836429 39
1785861836543 72
1785861836675 69
1785861836804 71
1785861836940 71
1785861837091 79
1785861837251 75
1785861837411 77
1785861837541 85
1785861837697 85
1785861837852 83
1785861838531 49
1785861838627 85
1785861838760 44
1785861838930 47
1785861839025 48
1785861839120 85
1785861839277 79
1785861839431 82
1785861839589 83
1785861839750 87
1785861839911 88
1785861840074 83
1785861840235 92
1785861840404 82
1785861840565 93
1785861840739 92
1785861840909 91
1785861841078 92
1785861841370 92
1785861841512 91
1785861841685 90
1785861841864 89
1785861842162 92
1785861842337 95
1785861842520 94
1785861842699 94
1785861842874 53
1785861843065 98
1785861843244 90
1785861843420 93
1785861843601 95
1785861843778 98
1785861844015 103
1785861844202 94
1785861844382 105
1785861844576 97
1785861844843 101
1785861844996 104
1785861845182 98
1785861845368 99
1785861845554 98
1785861845825 96
1785861845974 51
1785861846111 99
1785861846301 102
1785861846489 50
1785861846639 103
1785861846795 102
1785861846984 108
1785861847157 101
1785861847345 106
1785861847552 105
1785861847743 105
1785861847903 107
1785861848097 107
1785861848293 107
1785861848485 50
1785861848591 110
1785861848756 109
1785861848953 108
1785861849152 117
1785861849354 51
1785861849461 117
1785861849632 114
1785861849836 118
1785861850043 111
1785861850241 50
1785861850346 110
1785861850511 114
1785861850714 113
1785861850918 112
1785861851116 51
1785861851224 112
1785861851391 115
1785861851597 124
1785861851777 120
1785861851986 118
1785861852159 51
1785861852266 120
1785861852477 121
1785861852689 120
1785861852899 120
1785861853074 53
1785861853183 125
1785861853400 123
1785861853614 119
1785861853824 122
1785861854002 52
1785861854110 53
1785861854218 122
1785861854432 120
1785861854609 129
1785861854828 51
1785861854935 51
1785861855044 129
1785861855230 128
1785861855451 123
1785861855633 125
1785861855849 55
1785861855961 54
1785861856071 127
1785861856273 53
1785861856418 128
1785861856604 52
1785861857557 53
1785861857666 134
1785861857857 51
1785861857966 136
1785861858194 134
1785861858385 52
1785861858529 135
1785861858721 54
1785861858869 133
1785861859059 54
1785861859207 135
1785861859401 51
1785861859545 137
1785861859739 50
1785861859847 135
1785861860076 139
1785861860274 54
1785861860386 134
1785861860614 137
1785861860810 51
1785861860920 140
1785861861156 138
1785861861354 143
1785861861592 54
1785861861753 54
1785861861866 142
1785861862068 52
1785861862218 142
1785861862458 146
1785861862703 146
1785861862911 151
1785861863162 55
1785861863279 151
1785861863532 150
1785861863743 59
1785861863901 155
1785861864113 59
1785861864228 57
1785861864341 55
1785861864428 55
1785861864547 60
1785861864669 58
1785861864792 62
1785861865152 62
1785861865332 58
1785861865449 59
1785861865576 62
1785861865706 63
1785861865838 64
1785861865971 162
1785861866246 168
1785861866480 62
1785861866608 161
1785861866878 61
1785861867005 175
1785861867250 60
1785861867416 161
1785861867646 61
1785861867774 166
1785861868054 176
1785861868292 63
1785861868422 164
1785861868688 56
1785861868806 175
1785861869048 57
1785861869208 166
1785861869435 59
1785861869556 63
1785861869685 180
1785861869967 63
1785861870095 168
1785861870325 57
1785861870484 173
1785861870724 64
1785861870854 176
1785861871135 65
1785861871265 170
1785861871497 64
1785861871627 182
1785861871914 62
1785861872038 184
1785861872283 64
1785861872413 60
1785861872576 174
1785861872813 58
1785861872934 58
1785861873055 185
1785861873350 63
1785861873484 181
1785861873731 64
1785861873865 62
1785861874039 189
1785861874299 65
1785861874431 183
1785861874685 63
1785861874860 191
1785861875119 65
1785861875251 61
1785861875379 183
1785861875677 62
1785861875806 191
1785861876065 61
1785861876194 192
1785861876502 64
1785861876634 187
1785861876891 60
1785861877022 197
1785861877337 62
1785861877466 188
1785861877725 65
1785861877861 65
1785861878041 199
1785861878310 64
1785861878442 65
1785861878576 199
1785861878888 64
1785861879024 200
1785861879291 63
1785861879421 63
1785861879594 207
1785861879865 66
1785861879998 58
1785861880121 204
1785861880361 64
1785861880532 68
1785861880668 194
1785861880926 67
1785861881061 60
1785861881186 200
1785861881493 60
1785861881617 193
1785861881874 58
1785861881996 69
1785861882133 194
1785861882444 62
1785861882571 204
1785861882844 61
1785861882971 200
1785861883281 197
1785861883544 59
1785861883712 215
1785861883997 59
1785861884167 208
1785861884442 218
1785861884779 212
1785861885059 209
1785861885381 219
1785861885672 214
1785861886000 225
1785861886294 70
1785861886484 227
1785861886785 219
1785861887112 61
1785861887239 237
1785861887545 68
1785861887701 231
1785861888000 61
1785861888131 62
1785861888264 62
1785861888393 240
1785861888744 60
1785861888866 61
1785861889000 70
1785861889142 70
1785861889282 71
1785861889423 61
1785861889549 71
1785861889696 75
1785861889809 72
1785861889952 63
1785861890082 72
1785861890225 74
1785861890376 246
1785861890701 73
1785861890848 67
1785861890983 65
1785861891125 75
1785861891275 74
1785861891427 76
1785861891543 72
1785861891691 70
1785861891836 76
1785861891987 77
1785861892103 73
1785861892247 79
1785861892404 69
1785861892544 80
1785861892703 69
1785861892845 70
1785861892952 80
1785861893069 74
1785861893182 76
1785861893338 79
1785861893456 76
1785861893612 79
1785861893730 75
1785861893885 81
1785861894004 254
1785861894338 78
1785861894455 76
1785861894569 73
1785861894681 75
1785861894794 75
1785861894943 79
1785861895103 82
1785861895264 80
1785861895424 72
1785861895568 72
1785861895714 81
1785861895876 73
1785861895985 82
1785861896147 72
1785861896256 81
1785861896417 79
1785861896534 75
1785861896646 77
1785861896799 70
1785861896942 69
1785861897086 73
1785861897232 80
1785861897350 74
1785861897497 70
1785861897642 70
1785861897752 265
1785861898098 75
1785861898212 74
1785861898367 79
1785861898484 78
1785861898600 77
1785861898714 74
1785861898865 78
1785861899025 76
1785861899182 82
1785861899302 79
1785861899463 78
1785861899578 72
1785861899689 80
1785861899808 78
1785861899963 77
1785861900123 78
1785861900284 78
1785861900402 73
1785861900515 74
1785861900671 75
1785861900828 78
1785861900944 73
1785861901097 81
1785861901259 73
1785861901369 74
1785861901483 264
1785861901783 71
1785861901931 74
1785861902041 82
1785861902202 74
1785861902359 70
1785861902560 75
1785861902711 72
1785861902867 260
1785861903210 77
1785861903364 78
1785861903523 71
1785861903677 73
1785861903832 244
1785861904150 73
1785861904367 81
1785861904527 76
1785861904684 72
1785861904832 259
1785861905172 74
1785861905322 72
1785861905471 74
1785861905619 72
1785861905768 273
1785861906117 80
1785861906331 72
1785861906478 79
1785861906637 70
1785861906783 245
1785861907103 71
1785861907249 81
1785861907412 71
1785861907559 79
1785861907718 264
1785861908064 73
1785861908266 79
1785861908428 71
1785861908575 78
1785861908735 272
1785861909083 80
1785861909244 75
1785861909395 80
1785861909556 80
1785861909716 75
1785861909866 257
1785861910254 82
1785861910418 71
1785861910566 82
1785861910730 82
1785861910895 267
1785861911244 80
1785861911404 80
1785861911566 81
1785861911728 80
1785861911889 80
1785861912106 264
1785861912453 82
1785861912618 84
1785861912783 81
1785861912947 78
1785861913107 74
1785861913258 269
1785861913608 80
1785861913770 83
1785861913936 81
1785861914100 80
1785861914317 273
1785861914673 80
1785861914835 82
1785861915000 81
1785861915163 81
1785861915327 73
1785861915477 277
1785861915831 73
1785861915981 72
1785861916130 75
1785861916283 74
1785861916488 269
1785861916840 72
1785861916989 80
1785861917110 81
1785861917274 280
1785861917637 83
1785861917802 81
1785861918023 274
1785861918379 71
1785861918529 81
1785861918694 281
1785861919017 78
1785861919230 74
1785861919383 277
1785861919738 81
1785861919861 77
1785861920016 284
1785861920442 74
1785861920594 292
1785861920969 80
1785861921132 76
1785861921286 277
1785861921698 83
1785861921864 286
1785861922234 73
1785861922346 77
1785861922500 280
1785861922914 82
1785861923080 75
1785861923234 279
1785861923595 86
1785861923771 82
1785861924175 83
1785861924346 309
1785861924809 78
1785861924974 283
1785861925338 75
1785861925556 310
1785861926095 75
1785861926245 81
1785861926686 76
1785861926925 76
1785861928519 81
1785861929774 84
1785861929945 80
1785861930117 76
1785861930281 308
1785861930682 79
1785861930853 85
1785861931367 78
1785861934443 83
1785861934596 85
1785861934774 77
1785861935080 311
1785861935478 85
1785861935651 77
1785861936267 112
1785861936474 86
1785861936644 83
1785861936809 77
1785861936969 79
1785861937093 81
1785861937263 85
1785861938983 80
1785861939149 83
1785861939479 85
1785861939887 317
1785861940367 78
1785861940531 84
1785861940703 81
1785861940871 87
1785861941274 84
1785861941445 80
1785861941767 87
1785861942091 89
1785861942266 79
1785861942435 81
1785861942607 80
1785861942947 85
1785861943118 85
1785861943297 82
1785861944901 313
1785861945302 81
1785861945470 85
1785861945973 83
1785861946700 79
1785861946875 85
1785861947051 79
1785861947225 79
1785861951044 344
1785861951429 77
1785861951604 75
1785861954288 116
1785861954490 91
1785861954666 92
1785861954844 92
1785861954979 91
1785861955154 83
1785861955392 85
1785861955523 117
1785861955685 81
1785861955858 317
1785861956260 80
1785861957297 83
1785861957468 83
1785861957640 76
1785861957800 77
1785861957962 76
1785861958190 90
1785861958368 87
1785861958497 89
1785861958675 78
1785861958838 80
1785861958960 79
1785861959938 88
1785861960112 87
1785861960294 88
1785861960472 81
1785861960648 318
1785861961139 85
1785861961322 83
1785861962725 84
1785861962902 84
1785861966170 309
1785861966559 77
1785861966725 84
1785861966898 75
1785861967061 79
1785861967217 79
1785861967381 84
1785861967548 84
1785861967717 87
1785861967882 79
1785861968047 86
1785861968217 83
1785861968384 86
1785861968557 78
1785861968717 77
1785861968878 87
1785861969060 86
1785861969557 80
1785861970197 84
1785861970525 79
1785861970698 92
1785861970881 329
1785861971299 98
1785861971490 86
1785861971661 86
1785861971839 81
1785861972010 81
1785861972126 86
1785861972259 85
1785861973025 90
1785861973218 87
1785861980190 325
1785861980605 81
1785861980771 79
1785861980936 78
1785861981100 78
1785861981266 84
1785861981442 82
1785861981612 84
1785861981788 80
1785861981955 79
1785861982122 86
1785861982301 83
1785861982477 322
1785861982891 84
1785861983143 78
1785861983263 80
1785861983434 78
1785861983601 86
1785861983780 87
1785861984661 80
1785861984830 80
1785861985010 86
1785861985591 81
1785861986877 126
1785861987091 88
1785861997628 330
1785861998200 88
1785861998383 89
1785861999371 89
1785861999547 116
1785861999758 86
1785861999935 82
1785862000427 88
1785862000937 87
1785862001119 88
1785862001551 83
1785862001731 83
1785862002390 91
1785862002989 329
1785862003417 82
1785862003598 83
1785862003779 84
1785862003961 84
1785862004142 82
1785862004316 83
1785862004569 81
1785862004750 90
1785862005935 85
1785862006198 84
1785862006373 90
1785862006886 88
1785862007076 84
1785862007937 332
1785862008359 83
1785862008796 90
1785862008970 89
1785862028218 335
1785862028644 89
1785862028825 92
1785862028955 83
1785862126842 337
1785862128955 88
1785862129144 85
1785862271614 338
1785862368687 335
1785862515126 339
1785862515576 88
1785862531839 350
1785862532288 94
