1785836496732 63076 16
1785836496827 108028 14
1785836496896 118408 13
1785836496963 121856 13
1785836497027 173744 12
1785836497115 191716 12
1785836497178 229076 13
1785836497265 263812 13
1785836497331 284412 13
1785836497419 339744 13
1785836497523 372464 12
1785836497595 395080 13
1785836497668 404752 13
1785836497737 450412 15
1785836497827 487260 14
1785836497898 505748 14
1785836497987 561068 12
1785836498104 566704 13
1785836498166 614372 14
1785836498256 638980 13
1785836498324 669704 13
1785836498413 681100 15
1785836498481 734420 13
1785836498557 790300 15
1785836512086 802944 19
1785836512159 867020 14
1785836562005 867500 15
1785836586976 868280 14
1785836636816 869120 17
