# timestamp_ms rss_kb
1790741575186 44880
1790741575423 46728
1790741577417 55676
1790741577505 65344
1790741577593 106524
1790741577706 157832
1790741577795 176360
1790741578662 182840
1790741578757 189700
1790741578854 196312
1790741578950 200616
1790741579508 253364
1790741579616 273812
1790741579722 282684
1790741579846 291252
1790741579952 299648
1790741580121 308004
1790741580225 316500
1790741580402 325048
1790741580509 333408
1790741580685 341692
1790741580790 350028
1790741580967 358360
1790741581076 366608
1790741581256 374908
1790741581364 383384
1790741581546 391680
1790741581660 400036
1790741581872 410156
1790741581983 418948
1790741582162 428768
1790741582277 437580
1790741582459 447500
1790741582571 457276
1790741582755 467168
1790741582968 478328
1790741583156 494832
1790741583393 504844
1790741583579 518796
1790741583768 533312
1790741583985 772536
1790741584130 1588600
1790741584344 3025400
1790741584797 3357624
1790741588495 3519892
1790741590168 3677444
1790741590750 4004584
1790741591368 4138036
1790741591998 4279116
1790741592668 4433120
1790741593376 4588800
1790741594044 4742620
1790741595485 5028700
1790741596882 5672448
1790741616122 5817376
1790741617366 5999172
1790741618069 6137732
1790741618804 6283920
1790741619438 6510684
1790741620101 6724548
1790741620782 7770496
1790741767817 7930804
1790741798307 7981188 (true peak, below trigger threshold; snapshot is in peaks/peak.smaps)
