1790741575186 44880 28
1790741575423 46728 21
1790741576333 46944 25
1790741577338 47068 21
1790741577417 55676 21
1790741577505 65344 21
1790741577593 106524 23
1790741577706 157832 22
1790741577795 176360 20
1790741578328 176376 23
1790741578662 182840 22
1790741578757 189700 24
1790741578854 196312 23
1790741578950 200616 22
1790741579420 202184 25
1790741579508 253364 26
1790741579616 273812 26
1790741579722 282684 27
1790741579846 291252 28
1790741579952 299648 26
1790741580121 308004 26
1790741580225 316500 27
1790741580402 325048 27
1790741580509 333408 28
1790741580685 341692 28
1790741580790 350028 29
1790741580967 358360 28
1790741581076 366608 30
1790741581256 374908 28
1790741581364 383384 30
1790741581546 391680 30
1790741581660 400036 29
1790741581770 404196 32
1790741581872 410156 30
1790741581983 418948 31
1790741582162 428768 33
1790741582277 437580 33
1790741582459 447500 31
1790741582571 457276 34
1790741582755 467168 34
1790741582869 476172 34
1790741583051 486016 33
1790741583156 494832 32
1790741583288 501148 35
1790741583477 514564 34
1790741583659 527128 34
1790741583768 533312 34
1790741583881 539576 34
1790741583985 772536 40
1790741584130 1588600 44
1790741584344 3025400 70
1790741584797 3357624 112
1790741588038 3375640 113
1790741588495 3519892 110
1790741589383 3567888 112
1790741590168 3677444 113
1790741590750 4004584 129
1790741591368 4138036 133
1790741591998 4279116 160
1790741592668 4433120 189
1790741593376 4588800 157
1790741594044 4742620 187
1790741595485 5028700 121
1790741596882 5672448 123
1790741614989 5673516 170
1790741615552 5748472 173
1790741616122 5817376 161
1790741616801 5919288 173
1790741617366 5999172 185
1790741618069 6137732 209
1790741618804 6283920 133
1790741619438 6510684 129
1790741620101 6724548 136
1790741620782 7770496 134
1790741648902 7798512 189
1790741649505 7884540 184
1790741679306 7902120 195
1790741737319 7923804 195
1790741767817 7930804 196
1790741796547 7942872 197
