1790718414002 263580 24
1790718414310 272460 22
1790718414538 275648 20
1790718414638 280552 24
1790718415247 289964 26
1790718415649 303004 23
1790718416460 309072 24
1790718416574 389104 27
1790718416700 477456 27
1790718416828 514800 24
1790718416954 553740 27
1790718417086 594932 27
1790718417212 621940 25
1790718417337 638912 27
1790718417465 652320 27
1790718417593 673892 27
1790718417727 695796 27
1790718417858 707196 28
1790718417970 727468 24
1790718418098 748264 27
1790718418228 765728 26
1790718418360 782784 26
1790718418498 814536 31
1790718418644 886132 29
1790718418935 977156 28
1790718419086 1005220 28
1790718419564 1017792 29
1790718420188 1033900 27
1790718420754 1038452 27
1790718420867 1055764 29
1790718425902 1410316 29
1790718426009 1428748 27
1790718429110 1616560 30
1790718429257 1703640 28
