# timestamp_ms rss_kb
1786339977090 32820
1786339977159 36680
1786339977232 59540
1786339977308 62452
1786339977386 94768
1786339977462 99208
1786339977544 107960
1786339977624 114224
1786339977702 118848
1786339977782 123664
1786339977865 127900
1786339978022 131720
1786339978109 139088
1786339978304 142768
1786339978518 146520
1786339978683 152924
1786339978770 160488
1786339978863 166768
1786339978960 217164
1786339979061 275084
1786339979376 285632
1786339979484 292676
1786339979745 300312
1786339979858 310864
1786339979971 321284
1786339980085 328700
1786339980197 338704
1786339980629 348704
1786339980983 356152
1786339981873 365004
1786339982389 415348
1786339982533 461200
1786339983700 470956
1786339984753 480596
1786339985456 491088
1786339986242 508520
1786339987222 518800
1786339987518 530900
1786339988318 542508
1786339989259 554064
1786339989520 577144
1786339989655 593672
1786339989801 675624
1786339989951 768000
1786339990103 833852
1786339990255 922740
1786339991745 956216
1786339991896 999224
1786339992050 1042232
1786339992219 1087288
1786339992372 1128248
1786339992523 1171256
1786339992675 1214264
1786339992826 1255224
1786339992980 1298232
1786339993133 1339192
1786339993283 1475192
1786339993432 1712780
1786339994062 1747988
1786339994811 1832868
1786339994973 2193320
1786340011456 2238144
