# timestamp_ms rss_kb
1785370539932 4288
1785370540799 44988
1785370540862 61056
1785370540923 102384
1785370540985 116392
1785370541048 171724
1785370541110 227060
1785370541174 262268
1785370541236 282396
1785370541301 337728
1785370541366 368872
1785370541429 393064
1785370541490 448396
1785370541555 487788
1785370541623 516132
1785370541687 559064
1785370541754 614400
1785370541821 633336
1785370541887 669732
1785370541957 734300
1785370542028 784780
1785370542530 807656
1785370542611 837460
1785370542699 876168
1785370542800 911600
1785370542904 945672
1785370543010 983844
1785370543124 1023196
1785370543236 1058056
1785370543356 1094440
1785370543463 1130144
1785370543591 1171004
1785370543722 1228612
1785370543845 1257872
1785370543978 1285536
1785370544255 1337664
1785370544389 1369588
1785370544538 1412872
1785370544799 1449532
1785370549840 1483900
1785370550153 1542992
1785370550343 1580556
1785370550686 1637932
1785370550892 1712868
1785370552737 1768812
1785370561030 1813372
1785370561264 1850484
1785370563079 1900776
1785370570869 1945416
1785370571136 2001636
1785370571406 2047092
1785370573265 2097884
1785370590545 2189228
1785370592204 2258452
1785370601361 2308512
1785370610202 2363812
1785370618586 2432532
1785370627404 2490784
1785370628269 2838044
