1786576865536 46
1786576865777 43
1786576865852 39
1786576865924 39
1786576866104 38
1786576866176 24
1786576866350 39
1786576866416 38
1786576866487 41
1786576885129 49
1786576885205 27
1786576885301 26
1786576885355 26
1786576885408 25
1786576885462 25
1786576885536 47
1786576885632 26
1786576885685 25
1786576885738 25
1786576885812 26
1786576885889 24
1786576885941 46
1786576886037 25
1786576886155 25
1786576886230 25
1786576886306 26
1786576886382 44
1786576886476 24
1786576886545 27
1786576886601 27
1786576886699 27
1786576886776 43
1786576886867 25
1786576886921 25
1786576886997 27
1786576887073 26
1786576887149 44
1786576887222 24
1786576887275 27
1786576887332 24
1786576887405 26
1786576887563 46
1786576887657 24
1786576887731 24
1786576887805 26
1786576887880 24
1786576887940 26
1786576888039 43
1786576888110 25
1786576888184 25
1786576888237 25
1786576888290 25
1786576888364 26
1786576888439 45
1786576888512 27
1786576888589 26
1786576888645 26
1786576888699 25
1786576888753 24
1786576888869 43
1786576888978 26
1786576889032 24
1786576889106 25
1786576889198 26
1786576889252 43
1786576889325 24
1786576889420 26
1786576889475 24
1786576889528 24
1786576889604 28
1786576889660 45
1786576889754 26
1786576889808 25
1786576889862 26
1786576889917 25
1786576889990 25
1786576890043 47
1786576890120 25
1786576890173 25
1786576890349 24
1786576890422 23
1786576890495 46
1786576890591 29
1786576890648 25
1786576890702 26
1786576890764 25
1786576890839 25
1786576890893 45
1786576890967 30
1786576891025 27
1786576891102 28
1786576891180 25
1786576891255 26
1786576891330 45
1786576891405 25
1786576891458 26
1786576891513 25
1786576891565 25
1786576891703 26
1786576891760 47
1786576891856 25
1786576891932 26
1786576892008 24
1786576892081 25
1786576892135 27
1786576892235 48
1786576892332 27
1786576892408 25
1786576892461 28
1786576892537 25
1786576892613 27
1786576892689 48
1786576892786 27
1786576892840 26
1786576892916 25
1786576893029 26
1786576893123 47
1786576893197 24
1786576893288 26
1786576893342 25
1786576893417 26
1786576893473 26
1786576893579 50
1786576893656 26
1786576893710 25
1786576893764 25
1786576893839 25
1786576893914 26
1786576893968 25
1786576894022 48
1786576894098 25
1786576894172 25
1786576894227 28
1786576894285 26
1786576894340 27
1786576894503 47
1786576894616 28
1786576894673 25
1786576894748 27
1786576894825 24
1786576894876 26
1786576894976 48
1786576895072 24
1786576895146 25
1786576895200 24
1786576895253 23
1786576895306 25
1786576895381 28
1786576895459 47
1786576895534 27
1786576895590 28
1786576895646 25
1786576895701 27
1786576895820 26
1786576895874 50
1786576895951 26
1786576896029 28
1786576896107 28
1786576896164 25
1786576896238 25
1786576896293 26
1786576896400 48
1786576896498 24
1786576896571 26
1786576896626 26
1786576896702 27
1786576896757 27
1786576896812 48
1786576896888 27
1786576896965 28
1786576897021 25
1786576897074 26
1786576897128 26
1786576897310 46
1786576897402 25
1786576897473 26
1786576897528 26
1786576897604 26
1786576897658 26
1786576897757 48
1786576897833 24
1786576897886 26
1786576897963 26
1786576898017 27
1786576898096 26
1786576898151 24
1786576898205 47
1786576898280 26
1786576898357 26
1786576898412 26
1786576898466 26
1786576898520 25
1786576898702 47
1786576898777 25
1786576898852 26
1786576898929 25
1786576899005 27
1786576899060 27
1786576899160 49
1786576899259 25
1786576899333 25
1786576899387 25
1786576899462 26
1786576899538 25
1786576899614 52
1786576899701 26
1786576899754 51
1786576899834 50
1786576899922 48
1786576899996 27
1786576900061 49
1786576900138 26
1786576900193 52
1786576900282 50
1786576900360 26
1786576900416 51
1786576900504 51
1786576900584 27
1786576900640 50
1786576900728 49
1786576900805 28
1786576900862 49
1786576900949 53
1786576901031 54
1786576901128 54
1786576901221 53
1786576901313 51
1786576901405 52
1786576901499 58
1786576901600 54
1786576901695 55
1786576901790 54
1786576901885 55
1786576901983 59
1786576902086 60
1786576902188 59
1786576902292 63
1786576902445 34
1786576902655 34
1786576902758 32
1786576902940 60
1786576903090 34
1786576903217 33
1786576903286 40
1786576903362 33
1786576903427 62
1786576903523 64
1786576903634 63
1786576903745 65
1786576903861 70
1786576903989 72
1786576904120 38
1786576904786 71
1786576904895 40
1786576904973 75
1786576905086 74
1786576905219 73
1786576905333 73
1786576905472 84
1786576905619 83
1786576905920 44
1786576905999 44
1786576906078 81
1786576906202 45
1786576906321 82
1786576906448 47
1786576906531 82
1786576906685 49
1786576906779 82
1786576906897 43
1786576907010 85
1786576907136 47
1786576907230 87
1786576907362 46
1786576907484 86
1786576907614 86
1786576907772 87
1786576907925 93
1786576908084 93
1786576908256 93
1786576908432 96
1786576908612 96
1786576908781 97
1786576908951 101
1786576909140 102
1786576909316 104
1786576909494 104
1786576909651 104
1786576909851 108
1786576910608 101
1786576911160 102
1786576911343 98
1786576911504 100
1786576911688 101
1786576912140 100
1786576912321 101
1786576912505 100
1786576912689 100
1786576913365 52
1786576913469 102
1786576913624 49
1786576913758 102
1786576913914 52
1786576914019 101
1786576914203 100
1786576914357 50
1786576914460 100
1786576914644 100
1786576914797 51
1786576914901 101
1786576915087 103
1786576915242 51
1786576915346 104
1786576915535 100
1786576915689 49
1786576915792 102
1786576915978 105
1786576916167 103
1786576916351 51
1786576917646 111
1786576917812 52
1786576917918 106
1786576918107 53
1786576918214 103
1786576918370 51
1786576918507 107
1786576918668 52
1786576918774 105
1786576918960 52
1786576919065 109
1786576919228 53
1786576919369 104
1786576919527 53
1786576919634 107
1786576919795 52
1786576919934 106
1786576920094 52
1786576920200 106
1786576920360 53
1786576920502 106
1786576920662 54
1786576920772 53
1786576920879 106
1786576921074 52
1786576921182 108
1786576921344 53
1786576921452 107
1786576921645 52
1786576921753 104
1786576921910 51
1786576922015 52
1786576922155 106
1786576922314 52
1786576922420 105
1786576922578 52
1786576922717 106
1786576922872 51
1786576922977 50
1786576923081 105
1786576923271 52
1786576923376 113
1786576923541 52
1786576923646 52
1786576923785 106
1786576923944 52
1786576924049 51
1786576924154 103
1786576924340 52
1786576924445 107
1786576924604 51
1786576924708 53
1786576924818 106
1786576925012 53
1786576925118 107
1786576925279 53
1786576925385 52
1786576925489 108
1786576925687 52
1786576925794 108
1786576925956 54
1786576926065 53
1786576926173 108
1786576926365 53
1786576926474 106
1786576926629 107
1786576926820 108
1786576926994 107
1786576927187 110
1786576927381 108
1786576927574 110
1786576927771 109
1786576927967 111
1786576928162 111
1786576928360 111
1786576928557 110
1786576928755 111
1786576928953 112
1786576929149 54
1786576929254 53
1786576929359 116
1786576929530 54
1786576929639 54
1786576929748 53
1786576929856 53
1786576929966 53
1786576930074 54
1786576930184 54
1786576930293 54
1786576930403 59
1786576930517 51
1786576930625 53
1786576930734 114
1786576930903 53
1786576931012 54
1786576931122 53
1786576931232 54
1786576931341 54
1786576931451 53
1786576931560 54
1786576931670 53
1786576931778 55
1786576931888 53
1786576931998 121
1786576932175 53
1786576932285 55
1786576932396 55
1786576932507 54
1786576932617 54
1786576932727 56
1786576932839 56
1786576932951 56
1786576933064 55
1786576933177 54
1786576933288 55
1786576933398 116
1786576933567 55
1786576933678 54
1786576933788 54
1786576933895 55
1786576934006 55
1786576934117 55
1786576934228 55
1786576934339 54
1786576934450 55
1786576934563 54
1786576934675 55
1786576934787 119
1786576934962 56
1786576935074 56
1786576935186 56
1786576935297 54
1786576935406 53
1786576935514 54
1786576935624 52
1786576935731 53
1786576935840 52
1786576935948 53
1786576936058 54
1786576936168 115
1786576936338 54
1786576936446 55
1786576936555 54
1786576936668 55
1786576936780 56
1786576936893 56
1786576937007 56
1786576937120 56
1786576937233 56
1786576937345 55
1786576937457 119
1786576937634 54
1786576937744 55
1786576937856 56
1786576937968 55
1786576938079 54
1786576938190 55
1786576938303 56
1786576938415 55
1786576938529 56
1786576938641 55
1786576938754 56
1786576938866 118
1786576939041 54
1786576939151 54
1786576939262 56
1786576939375 54
1786576939486 54
1786576939597 56
1786576939710 55
1786576939822 56
1786576939934 55
1786576940046 55
1786576940158 117
1786576940367 120
1786576940576 116
1786576940784 118
1786576940993 122
1786576941204 119
1786576941409 118
1786576941582 117
1786576941788 117
1786576941994 119
1786576942202 118
1786576942389 150
1786576942601 63
1786576942725 59
1786576942846 135
1786576943081 59
1786576943201 58
1786576943321 61
1786576943442 59
1786576943564 59
1786576943685 132
1786576943878 60
1786576944000 59
1786576944120 61
1786576944240 59
1786576946118 141
1786576946321 65
1786576946500 143
1786576946706 66
1786576946839 65
1786576946975 146
1786576947188 58
1786576947337 54
1786576947757 59
1786576950653 161
1786576950878 71
1786576951012 60
1786576951134 132
1786576951326 67
1786576951577 70
1786576951721 72
1786576951865 159
1786576952153 68
1786576952294 72
1786576952445 67
1786576952583 71
1786576952749 72
1786576952897 66
1786576953039 75
1786576953254 70
1786576953399 69
1786576953541 75
1786576953691 159
1786576954133 73
1786576954287 78
1786576954447 78
1786576954586 75
1786576954736 164
1786576955047 74
1786576955199 78
1786576955358 77
1786576955519 77
1786576957977 187
1786576958237 91
1786576958404 78
1786576958552 170
1786576958797 75
1786576959404 74
1786576959554 75
1786576959705 74
1786576959854 74
1786576960004 94
1786576960173 91
1786576960341 92
1786576960577 145
1786576968843 171
1786576969080 78
1786576969235 77
1786576969593 79
1786576969751 79
1786576969878 70
1786576970026 80
1786576970158 178
1786576970411 78
1786576970630 79
1786576970781 184
1786576971018 84
1786576971179 81
1786576971341 73
1786576971505 83
1786576971693 188
1786576971961 80
1786576972201 176
1786576972886 80
1786576973037 81
1786576973250 88
1786576973421 87
1786576974565 191
1786576974844 86
1786576975019 85
1786576975192 87
1786576975367 85
1786576975539 87
1786576975714 88
1786576975890 88
1786576976066 89
1786576976243 199
1786576976529 90
1786576976706 91
1786576976952 89
1786576977128 88
1786576977303 89
1786576977472 81
1786576977632 194
1786576977917 88
1786576978071 105
1786576978264 108
1786576978453 88
1786576978772 106
1786576978938 84
1786576979087 87
1786576979260 200
1786576979539 210
1786576979918 90
1786576980101 86
1786576980285 104
1786576982207 201
1786576982501 93
1786576982686 198
1786576983053 199
1786576983345 92
1786576983605 207
1786576983905 95
1786576984169 209
1786576984471 95
1786576984732 213
1786576985039 96
1786576985301 210
1786576985605 93
1786576985781 101
1786576986128 95
1786576986324 90
1786576986519 89
1786576986724 93
1786576987583 93
1786576991510 217
1786576991821 95
1786576993603 96
1786576993960 216
1786576994437 98
1786576994879 96
1786576996718 197
1786576997244 96
1786576997593 93
1786576998013 93
1786576998923 208
1786576999223 92
1786576999407 96
1786576999596 96
1786576999786 97
1786576999976 96
1786577000165 96
1786577000354 91
1786577000531 95
1786577000721 97
1786577000887 94
1786577001037 91
1786577001265 205
1786577001558 84
1786577001726 84
1786577001895 83
1786577002063 84
1786577002232 85
1786577002401 84
1786577002570 85
1786577002744 84
1786577002913 84
1786577003082 85
1786577003251 85
1786577003422 84
1786577003592 191
1786577003847 89
1786577004030 90
1786577004206 86
1786577004377 86
1786577004548 84
1786577004717 85
1786577004889 86
1786577005063 94
1786577005246 95
1786577005433 94
1786577005613 95
1786577005800 211
1786577006104 97
1786577006294 94
1786577006481 92
1786577006657 87
1786577006831 92
1786577007015 91
1786577007192 92
1786577007376 93
1786577007560 95
1786577007744 91
1786577007926 92
1786577008099 90
1786577008280 210
1786577008580 96
1786577008768 91
1786577008944 88
1786577009117 91
1786577009299 93
1786577009485 89
1786577009664 90
1786577009839 89
1786577010019 92
1786577010202 95
1786577010388 91
1786577010570 96
1786577010757 210
1786577011050 88
1786577011222 86
1786577011391 92
1786577011576 95
1786577011763 95
1786577011951 97
1786577012140 94
1786577012325 96
1786577012514 94
1786577012700 92
1786577012881 94
1786577013063 93
1786577013242 206
1786577013537 90
1786577013718 95
1786577013904 91
1786577014075 89
1786577014247 89
1786577014424 90
1786577014591 92
1786577014774 91
1786577014954 93
1786577015115 97
1786577021711 226
1786577021990 113
1786577022189 110
1786577022518 94
1786577022717 98
1786577022893 96
1786577023142 91
1786577023347 96
1786577023561 88
1786577023743 95
1786577024121 215
1786577024442 95
1786577025069 93
1786577025252 99
1786577025459 102
1786577025763 101
1786577037971 225
1786577038291 97
1786577039416 97
1786577039606 97
1786577039795 94
1786577039970 99
1786577040177 95
1786577043951 204
1786577044202 96
1786577044594 101
1786577044773 105
1786577044980 119
1786577045209 106
1786577045526 127
1786577045772 131
1786577046348 258
1786577049802 225
1786577050144 109
1786577061547 207
1786577061826 90
1786577062006 91
1786577062187 89
1786577062367 88
1786577062547 91
1786577062727 91
1786577062907 92
1786577063089 91
1786577063269 91
1786577063452 99
1786577063645 102
1786577063850 102
1786577064054 233
1786577064391 97
1786577064580 89
1786577064766 95
1786577064951 90
1786577065131 90
1786577065312 88
1786577065491 87
1786577065668 89
1786577065847 88
1786577066025 89
1786577066205 88
1786577066386 87
1786577066563 89
1786577066742 202
1786577067040 99
1786577067241 100
1786577067438 99
1786577067639 102
1786577067842 100
1786577068044 100
1786577068245 102
1786577068448 100
1786577068650 99
1786577068823 97
1786577069021 222
1786577069344 100
1786577069546 99
1786577069741 100
1786577069940 100
1786577070137 99
1786577070339 102
1786577070541 101
1786577070742 100
1786577070943 104
1786577071150 100
1786577071351 102
1786577071552 229
1786577071881 100
1786577072082 101
1786577072283 102
1786577072486 101
1786577072688 102
1786577072892 101
1786577073090 103
1786577073294 99
1786577073495 100
1786577073692 100
1786577073893 101
1786577074088 100
1786577074282 229
1786577074603 100
1786577074804 99
1786577074996 103
1786577075192 103
1786577080818 233
1786577081828 108
1786577082043 107
1786577082417 105
1786577082780 101
1786577082994 112
1786577083227 103
1786577083435 244
1786577083987 105
1786577084204 107
1786577084720 105
1786577084901 102
1786577085109 107
1786577085326 109
1786577085641 106
1786577089603 227
1786577098016 234
1786577098358 103
1786577099512 121
1786577099747 102
1786577099955 107
1786577100192 108
1786577104218 245
1786577104571 112
1786577104763 105
1786577105072 99
1786577105291 130
1786577105534 123
1786577105766 127
1786577109255 249
1786577109620 111
1786577121517 214
1786577121804 98
1786577121998 97
1786577122193 109
1786577122406 108
1786577122616 98
1786577122808 95
1786577123000 96
1786577123189 96
1786577123379 96
1786577123564 97
1786577123756 96
1786577123948 216
1786577124260 97
1786577124452 97
1786577124644 97
1786577124835 96
1786577125027 95
1786577125203 96
1786577125393 96
1786577125583 99
1786577125781 107
1786577125993 108
1786577126201 96
1786577126394 212
1786577126700 97
1786577126884 96
1786577127075 95
1786577127264 94
1786577127453 97
1786577127646 97
1786577127837 95
1786577128028 97
1786577128220 97
1786577128412 97
1786577128603 103
1786577128812 234
1786577129151 107
1786577129364 101
1786577129559 94
1786577129748 96
1786577129938 95
1786577130129 97
1786577130321 96
1786577130512 97
1786577130704 96
1786577130896 96
1786577131087 100
1786577131282 96
1786577131474 211
1786577131776 97
1786577131967 95
1786577132159 96
1786577132350 96
1786577132541 96
1786577132732 96
1786577132924 96
1786577133113 96
1786577133304 95
1786577133485 97
1786577133678 95
1786577133867 211
1786577134164 96
1786577134350 97
1786577134519 99
1786577134720 102
1786577134920 97
1786577135114 98
1786577135304 98
1786577135498 99
1786577135687 100
1786577135869 109
1786577142511 244
1786577142863 100
1786577143211 112
1786577143387 110
1786577143790 113
1786577144018 110
1786577144351 137
1786577144572 137
1786577144900 121
1786577145596 247
1786577145959 107
1786577146175 125
1786577146510 124
1786577160418 248
1786577160749 110
1786577165024 240
1786577165387 106
1786577165705 107
1786577169444 253
1786577169806 114
1786577180819 242
1786577181119 98
1786577181317 100
1786577181518 100
1786577181719 99
1786577181919 100
1786577182120 99
1786577182320 100
1786577182495 98
1786577182693 99
1786577182892 105
1786577183106 107
1786577183314 108
1786577183531 106
1786577183746 241
1786577184094 107
1786577184311 108
1786577184526 107
1786577184740 108
1786577184956 106
1786577185169 108
1786577185386 110
1786577185596 107
1786577185811 108
1786577186026 108
1786577186242 107
1786577186458 238
1786577186802 107
1786577187016 105
1786577187229 105
1786577187441 103
1786577187645 99
1786577187843 100
1786577188043 99
1786577188241 98
1786577188438 98
1786577188635 99
1786577188833 98
1786577189031 98
1786577189234 237
1786577189578 108
1786577189794 107
1786577190008 107
1786577190223 108
1786577190440 106
1786577190653 108
1786577190869 105
1786577191081 104
1786577191294 104
1786577191505 107
1786577191720 104
1786577191932 237
1786577192272 106
1786577192486 106
1786577192699 107
1786577192913 106
1786577193125 106
1786577193338 105
1786577193518 105
1786577193724 106
1786577193930 104
1786577194134 106
1786577194340 106
1786577194555 227
1786577201152 243
1786577201504 112
1786577201886 113
1786577202081 115
1786577202451 115
1786577202640 114
1786577202862 112
1786577203066 125
1786577203289 140
1786577203504 133
1786577203792 123
1786577204462 224
1786577204771 113
1786577204976 118
1786577205221 124
1786577219318 237
1786577224030 262
1786577224496 118
1786577239881 241
1786577240203 110
1786577240422 110
1786577240642 108
1786577240859 110
1786577241078 111
1786577241302 112
1786577241517 110
1786577241737 111
1786577241957 111
1786577242179 111
1786577242399 111
1786577242613 246
1786577242970 109
1786577243190 112
1786577243412 112
1786577243635 110
1786577243856 114
1786577244076 100
1786577244253 107
1786577244468 110
1786577244683 112
1786577244904 110
1786577245125 110
1786577245346 246
1786577245703 110
1786577245921 111
1786577246141 111
1786577246362 112
1786577246582 108
1786577246783 100
1786577246985 104
1786577247187 110
1786577247408 110
1786577247625 110
1786577247844 109
1786577248061 244
1786577248408 106
1786577248613 102
1786577248817 105
1786577249030 109
1786577249247 108
1786577249461 110
1786577249681 109
1786577249893 109
1786577250112 111
1786577250331 111
1786577250544 111
1786577250765 244
1786577251117 111
1786577251335 107
1786577251542 102
1786577251743 105
1786577251956 107
1786577252171 107
1786577252387 110
1786577252599 108
1786577252812 109
1786577253017 108
1786577253224 109
1786577253437 106
1786577253634 240
1786577253978 110
1786577254184 109
1786577254401 110
1786577254599 109
1786577261291 234
1786577261635 109
1786577261952 112
1786577262184 118
1786577262563 110
1786577263210 109
1786577263441 117
1786577264099 236
1786577264450 112
1786577278174 236
1786577278539 111
1786577278758 108
1786577279569 135
1786577282776 257
1786577283368 111
1786577283594 122
1786577283836 118
1786577284236 116
1786577284537 147
1786577284797 135
1786577285049 145
1786577285486 141
1786577288707 258
1786577299968 254
1786577300303 115
1786577300534 112
1786577300758 113
1786577300985 114
1786577301214 114
1786577301441 113
1786577301659 112
1786577301880 107
1786577302097 113
1786577302324 115
1786577302547 106
1786577302766 251
1786577303130 114
1786577303355 114
1786577303583 116
1786577303813 112
1786577304020 108
1786577304242 114
1786577304466 113
1786577304694 113
1786577304920 113
1786577305140 114
1786577305367 111
1786577305590 249
1786577305952 112
1786577306177 108
1786577306385 101
1786577306589 102
1786577306793 100
1786577306996 102
1786577307200 102
1786577307404 102
1786577307610 101
1786577307810 101
1786577308014 101
1786577308207 102
1786577308412 223
1786577308737 101
1786577308940 101
1786577309142 100
1786577309344 109
1786577309567 114
1786577309791 111
1786577310013 113
1786577310238 108
1786577310448 108
1786577310667 111
1786577310881 243
1786577311226 104
1786577311427 106
1786577311643 106
1786577311851 107
1786577312070 110
1786577312293 112
1786577312504 111
1786577312718 113
1786577312935 112
1786577313150 113
1786577313369 111
1786577313585 113
1786577313803 253
1786577314163 111
1786577314346 111
1786577321046 241
1786577321397 107
1786577321712 117
1786577321946 118
1786577322251 115
1786577322481 115
1786577322720 110
1786577323257 120
1786577323503 120
1786577323838 240
1786577324318 151
1786577324597 111
1786577338427 261
1786577338791 109
1786577338997 116
1786577343238 269
1786577343611 148
1786577343875 133
1786577344180 137
1786577344764 142
1786577345218 145
1786577359248 260
1786577359591 120
1786577359828 122
1786577360066 121
1786577360305 121
1786577360535 122
1786577360774 122
1786577361015 120
1786577361251 120
1786577361489 122
1786577361729 120
1786577361966 120
1786577362203 258
1786577362572 117
1786577362802 114
1786577363023 108
1786577363237 110
1786577363445 109
1786577363660 110
1786577363876 111
1786577364089 109
1786577364305 110
1786577364520 109
1786577364736 109
1786577364952 110
1786577365168 238
1786577365513 109
1786577365728 110
1786577365944 108
1786577366159 110
1786577366367 108
1786577366581 109
1786577366796 107
1786577367007 107
1786577367221 111
1786577367438 110
1786577367654 108
1786577367870 234
1786577368211 109
1786577368425 108
1786577368637 108
1786577368851 110
1786577369066 115
1786577369295 117
1786577369525 119
1786577369759 120
1786577369994 118
1786577370227 120
1786577370459 262
1786577370836 119
1786577371062 122
1786577371290 120
1786577371523 118
1786577371758 117
1786577371987 114
1786577372194 113
1786577372408 118
1786577372637 121
1786577372874 118
1786577373106 119
1786577379764 257
1786577380142 121
1786577380443 117
1786577380639 117
1786577380986 122
1786577381204 125
1786577381455 116
1786577381678 118
1786577381911 151
1786577382144 153
1786577382422 140
1786577382652 232
1786577382985 117
1786577383408 116
1786577383630 114
1786577383825 116
1786577384162 152
1786577398312 266
1786577398719 115
1786577398925 122
1786577399828 138
1786577402997 244
1786577403558 108
1786577403735 122
1786577403965 118
1786577404178 156
1786577404820 138
1786577405163 155
1786577405427 151
1786577405930 278
1786577409110 270
1786577419713 260
1786577420088 116
1786577420320 116
1786577420552 119
1786577420782 117
1786577421015 119
1786577421250 115
1786577421474 119
1786577421709 118
1786577421943 114
1786577422162 115
1786577422393 114
1786577422624 256
1786577422991 115
1786577423221 111
1786577423446 113
1786577423666 115
1786577423897 114
1786577424127 116
1786577424352 115
1786577424584 115
1786577424816 117
1786577425040 118
1786577425275 115
1786577425507 259
1786577425878 117
1786577426111 115
1786577426345 117
1786577426578 117
1786577426809 115
1786577427040 116
1786577427268 118
1786577427503 117
1786577427736 116
1786577427966 116
1786577428197 118
1786577428432 256
1786577428802 117
1786577429037 118
1786577429266 107
1786577429474 110
1786577429691 113
1786577429920 114
1786577430142 115
1786577430375 117
1786577430609 115
1786577430835 116
1786577431061 117
1786577431289 253
1786577431643 109
1786577431857 112
1786577432077 117
1786577432306 115
1786577432531 117
1786577432762 115
1786577439293 266
1786577439683 120
1786577440037 116
1786577440441 119
1786577440684 117
1786577441254 120
1786577441502 116
1786577442183 246
1786577456174 269
1786577456555 110
1786577456741 122
1786577456940 126
1786577461147 270
1786577461538 138
1786577461800 144
1786577462053 137
1786577462279 119
1786577462520 142
1786577478124 246
1786577478458 119
1786577478694 121
1786577478934 120
1786577479174 124
1786577479417 123
1786577479660 123
1786577479903 124
1786577480146 125
1786577480391 123
1786577480633 121
1786577480872 267
1786577481258 123
1786577481491 122
1786577481733 121
1786577481974 123
1786577482212 123
1786577482453 122
1786577482695 119
1786577482931 121
1786577483170 120
1786577483409 120
1786577483643 121
1786577483882 260
1786577484260 121
1786577484496 122
1786577484736 120
1786577484974 119
1786577485212 120
1786577485450 117
1786577485678 121
1786577485917 121
1786577486156 121
1786577486395 121
1786577486634 119
1786577486862 261
1786577487242 120
1786577487480 119
1786577487709 118
1786577487944 121
1786577488184 119
1786577488421 120
1786577488661 119
1786577488898 118
1786577489132 120
1786577489370 118
1786577489600 121
1786577489840 262
1786577490215 113
1786577490445 119
1786577490675 119
1786577490901 118
1786577491127 115
1786577491353 120
1786577491582 121
1786577491820 119
1786577492052 119
1786577492290 117
1786577492506 115
1786577492740 245
1786577499634 266
1786577500023 126
1786577500392 116
1786577500803 118
1786577501041 113
1786577501617 133
1786577501885 119
1786577502501 124
1786577502710 271
1786577516838 250
1786577517183 117
1786577520993 251
1786577521307 118
1786577521822 129
1786577522108 122
1786577522340 145
1786577522630 161
1786577523334 160
1786577540246 253
1786577540615 122
1786577540847 116
1786577541073 114
1786577541303 119
1786577541541 119
1786577541778 123
1786577542022 122
1786577542262 121
1786577542502 120
1786577542737 121
1786577542976 124
1786577543219 268
1786577543606 120
1786577543836 121
1786577544076 122
1786577544316 122
1786577544558 122
1786577544798 122
1786577545040 124
1786577545284 121
1786577545525 121
1786577545765 124
1786577545997 122
1786577546238 266
1786577546624 120
1786577546852 124
1786577547088 122
1786577547325 121
1786577547560 124
1786577547799 122
1786577548037 122
1786577548270 120
1786577548506 121
1786577548744 123
1786577548928 125
1786577555788 269
1786577556181 119
1786577556492 118
1786577556732 127
1786577557057 124
1786577557321 137
1786577557931 125
1786577558181 116
1786577558829 273
1786577559234 119
1786577571763 245
1786577572109 137
1786577573307 117
1786577573559 118
1786577573818 125
1786577577903 272
1786577578296 142
1786577578565 162
1786577578841 160
1786577579127 157
1786577600200 273
1786577600586 128
1786577600823 125
1786577607375 237
1786577607729 126
1786577608102 119
1786577608303 126
1786577608581 127
1786577608818 117
1786577609014 119
1786577609349 158
1786577609614 159
1786577609897 137
1786577610128 259
1786577610775 121
1786577611015 126
1786577611332 126
1786577611591 168
1786577625635 266
1786577625998 120
1786577630393 320
1786577630840 157
1786577631127 163
1786577631560 156
1786577637155 249
1786577637519 126
