# timestamp_ms rss_kb
1790703044146 227232
1790703046454 239836
1790703144784 246420
1790703144851 274028
1790703146030 317720
1790703146163 387352
1790703146803 418172
1790703146941 444348
1790703147020 483344
1790703147066 518020
1790703147115 544108
1790703147163 567592
1790703147211 593872
1790703147258 615628
1790703147365 629628
1790703147443 650124
1790703147493 664424
1790703147542 694776
1790703147594 716932
1790703147641 731316
1790703147688 761196
1790703147739 782132
1790703147792 798632
1790703147840 887284
1790703147890 1022452
1790703148026 1071596
1790703149391 1122076
1790703149823 1145880
1790703149873 1172412
1790703150113 1199472
1790703150578 1245488
1790703150628 1298664
1790703150862 1353308
1790703151552 1385364
1790703152049 1417528
1790703152103 1479012
1790703152315 1512000
1790703152369 1545060
1790703152800 1606876
1790703152852 1653976
1790703153332 1719544
1790703153581 1764772
1790703153807 1802356
1790703154259 1839344
1790703154376 1904124
1790703154597 1949244
1790703155129 2006068
1790703155389 2047172
1790703155821 2105580
1790703156046 2160104
1790703156555 2206272
1790703156851 2277500
1790703157152 2393484
1790703157211 2524560
1790703157269 2628684
1790703157323 2738644
1790703157382 2898388
1790703157713 2969700
1790703157803 3043432
1790703157896 3154036
1790703157987 3264088
1790703158082 3375240
1790703158174 3479756
1790703158265 3576020
1790703158358 3670240
1790703158411 3750068
1790703158503 3858628
1790703158597 3969220
1790703181492 4051868
1790703185381 4137312
1790703185658 4221304
1790703191444 4309464
1790703192947 4397572
1790703193376 4502908
1790703214439 4594824
1790703244404 4708388
1790703346903 4745556 (true peak, below trigger threshold; snapshot is in peaks/peak.smaps)
