# timestamp_ms rss_kb
1785659569875 535656
1785659569982 607292
1785659570382 624784
1785659570629 643080
1785659571020 662040
1785659571276 682912
1785659571857 714344
1785659572495 737364
1785659572825 753980
1785659573229 777880
1785659573706 802200
1785659574174 823804
1785659574354 846884
1785659574887 873068
1785659575379 904988
1785659575984 936352
1785659576599 968660
1785659577167 994748
1785659578386 1024920
1785659578509 1053336
1785659578639 1082776
1785659578893 1181928
1785659579042 1236884
1785659579185 1274088
1785659579321 1310956
1785659580833 1389004
1785659581226 2741344
1785659595699 2879976
1785659596335 3038156
1785659597447 3112496
1785659608436 3116748 (true peak, below trigger threshold; snapshot is in peaks/peak.smaps)
