# timestamp_ms rss_kb
1786707615897 230964
1786707638895 366836
1786707639000 452316
1786707639105 551064
1786707639219 604976
1786707639333 721136
1786707639453 768496
1786707639574 837584
1786707639692 1086740
1786707639946 1115688
1786707640072 1292868
1786707640393 1357264
1786707640540 1651312
1786707640741 2244912
1786707640881 2619068
1786707641025 2750124
1786707641325 3012276
1786707641467 3212460
1786707641765 3413180
1786707644525 3484684
1786707644644 3721872
1786707644809 3820200
1786707645207 4059332
1786707645464 4207340
1786707645774 4315916
1786707645976 4436768
1786707646347 4543280
1786707646666 4889456
1786707647188 5159844
1786707647644 5403588
1786707648159 5575664
1786707648444 5866536
1786707648781 5995596
1786707703403 6141580
1786707703737 6294836
1786707705451 6413628 (true peak, below trigger threshold; snapshot is in peaks/peak.smaps)
