1786707615897 230964 21
1786707638808 231200 24
1786707638895 366836 23
1786707639000 452316 25
1786707639105 551064 27
1786707639219 604976 27
1786707639333 721136 28
1786707639453 768496 31
1786707639574 837584 28
1786707639692 1086740 27
1786707639946 1115688 29
1786707640072 1292868 30
1786707640393 1357264 32
1786707640540 1651312 62
1786707640741 2244912 34
1786707640881 2619068 36
1786707641025 2750124 36
1786707641202 2796916 35
1786707641325 3012276 35
1786707641467 3212460 34
1786707641642 3247476 36
1786707641765 3413180 36
1786707644092 3428932 41
1786707644224 3478112 41
1786707644644 3721872 42
1786707644809 3820200 42
1786707645207 4059332 42
1786707645464 4207340 45
1786707645774 4315916 41
1786707645976 4436768 45
1786707646347 4543280 46
1786707646517 4617024 53
1786707646666 4889456 47
1786707646944 4948272 48
1786707647188 5159844 47
1786707647644 5403588 49
1786707648159 5575664 51
1786707648444 5866536 53
1786707648781 5995596 51
1786707648968 6095968 52
1786707703403 6141580 53
1786707703582 6208448 51
1786707703737 6294836 54
1786707703924 6372668 65
1786707705451 6413628 55
