# timestamp_ms rss_kb
1785433435824 252220
1785433436295 257312
1785433436602 263360
1785433436797 275936
1785433437163 281600
1785433437378 289724
1785433437446 331980
1785433437521 414296
1785433437598 468532
1785433437676 501656
1785433437753 529704
1785433437833 549680
1785433437919 570636
1785433438000 586828
1785433438081 607740
1785433438159 625764
1785433438302 639508
1785433438499 661888
1785433438584 678776
1785433438666 694404
1785433438810 714424
1785433438893 730620
1785433439046 747388
1785433439263 768760
1785433439350 785208
1785433439444 813388
1785433439543 863508
1785433439644 911408
1785433439740 939908
1785433439841 966952
1785433439937 990224
1785433440112 1016224
1785433440217 1047760
1785433440400 1075984
1785433440582 1108240
1785433442528 1133100
1785433442654 1163820
1785433442782 1191516
1785433442905 1220188
1785433443028 1252956
1785433443211 1293916
1785433443336 1328732
1785433443463 1420716
1785433444996 1510072
1785433445189 1551032
1785433445323 1583800
1785433445459 1620664
1785433445595 1657528
1785433445783 1694492
1785433445916 1731356
1785433446052 1766172
1785433446239 1803036
1785433446367 1839900
