1785394270391 257040 21
1785394270651 261392 20
1785394270978 266512 20
1785394271223 279580 20
1785394271481 283092 21
1785394271664 287980 20
1785394271761 295932 22
1785394271877 362096 25
1785394272004 458420 24
1785394272126 495268 22
1785394272248 533720 26
1785394272377 576256 24
1785394272505 587828 25
1785394272628 611576 27
1785394272756 634316 27
1785394272886 663048 28
1785394273020 685396 25
1785394273149 695544 24
1785394273256 705116 26
1785394273386 734860 24
1785394273523 747520 26
1785394273638 770996 26
1785394273772 799068 26
1785394273910 859504 26
1785394274053 922460 28
1785394274199 963724 29
1785394274339 991252 28
1785394274482 1023168 29
1785394274629 1070504 28
1785394274781 1105340 28
1785394275111 1134044 29
1785394275337 1150116 31
1785394275457 1179164 27
1785394275857 1192360 29
1785394278997 1197152 34
1785394279118 1377588 30
1785394279252 1631540 28
1785394279474 1790708 30
1785394279613 1997556 31
1785394280345 2055272 32
