# timestamp_ms rss_kb
1785799934897 262392
1785799935618 267876
1785799936137 282124
1785799936579 288704
1785799936987 294784
1785799937142 312728
1785799937251 371136
1785799937371 480548
1785799937496 505172
1785799937617 541616
1785799937740 585676
1785799937864 606852
1785799937989 631028
1785799938116 656456
1785799938351 683008
1785799938590 706804
1785799938716 730548
1785799938846 745796
1785799939085 769360
1785799939325 798348
1785799939469 846572
1785799939605 881068
1785799939745 967880
1785799939891 1007208
1785799940037 1043164
1785799940189 1092068
1785799940334 1127000
1785799940990 1151328
1785799941092 1180888
1785799941615 1207004
1785799941938 1233116
1785799942509 1259616
1785799946417 1312216
1785799946557 1656280
1785799946703 1711576
1785799946840 1817484
1785799946977 2022284
1785799947562 2184232
1785799947698 2386984
1785799947836 2477684
1785799947966 2530112
1785799952232 2661496
1785799959388 2772964
1785799959677 2777168 (true peak, below trigger threshold; snapshot is in peaks/peak.smaps)
