1785365056359 33
1785365056436 32
1785365056498 31
1785365056558 32
1785365056620 31
1785365056679 31
1785365056740 30
1785365056799 30
1785365056869 31
1785365056929 30
1785365056988 28
1785365057045 31
1785365057105 32
1785365057165 31
1785365057226 32
1785365057314 31
1785365057385 31
1785365057444 33
1785365057506 32
1785365057567 31
1785365057628 29
1785365057687 33
1785365057761 34
1785365057823 30
1785365057883 30
1785365057943 31
1785365058003 32
1785365058064 32
1785365058126 32
1785365058187 31
1785365058259 30
1785365058318 32
1785365058379 35
1785365058457 35
1785365058539 34
1785365058621 36
1785365058704 37
1785365058790 37
1785365058876 35
1785365058963 35
1785365059049 40
1785365059140 38
1785365059212 39
1785365059304 37
1785365059394 38
1785365059486 38
1785365059578 39
1785365059671 38
1785365059763 39
1785365059858 36
1785365059928 38
1785365060022 39
1785365060098 40
1785365060195 39
1785365060291 42
1785365060396 39
1785365060499 43
1785365060605 42
1785365060708 43
1785365060815 44
1785365060922 43
1785365061031 48
1785365061117 46
1785365061230 53
1785365061322 43
1785365061509 34
1785365061578 33
1785365061646 37
1785365061739 41
1785365061835 40
1785365061912 41
1785365062020 40
1785365062118 40
1785365062225 40
1785365062301 40
1785365062428 43
1785365062508 41
1785365062586 41
1785365062661 40
1785365062759 41
1785365065195 44
1785365065295 42
1785365065394 39
1785365065487 38
1785365065575 35
1785365065661 37
1785365066009 35
1785365066078 36
1785365066167 38
1785365066255 37
1785365066369 36
1785365069674 41
1785365069769 40
1785365069896 40
1785365069971 40
1785365070181 39
1785365076417 40
1785365076497 40
1785365076577 47
1785365076661 40
1785365076762 40
1785365076841 41
1785365076920 44
1785365077022 41
1785365077102 39
1785365077180 43
