1790581783869 299236 42
1790581784050 319804 19
1790581784125 323556 18
1790581784192 327128 18
1790581784357 333832 18
1790581784430 341112 17
1790581784501 346940 18
1790581784618 353784 17
1790581784684 362276 17
1790581784760 366228 19
1790581785084 374356 17
1790581785151 385340 17
1790581785223 399720 19
1790581785305 724860 19
1790581785399 1103156 21
1790581785486 1309768 21
1790581785578 1628756 21
1790581785768 1804568 23
1790581785885 1865756 22
1790581786077 2052064 27
1790581786283 2235848 27
1790581786476 2407396 29
1790581786629 2588968 36
1790581786785 2753152 36
1790581786954 2915116 37
1790581787143 3037520 38
1790581787340 3207752 40
1790581787556 3392668 42
1790581787778 3535472 38
1790581788030 3783056 40
1790581788225 3959644 41
1790581788498 4188356 51
1790581788774 4399040 46
1790581789080 4656940 48
1790581789391 4911792 49
1790581789705 5156736 234
1790581790251 5499388 66
1790581790642 5827544 56
1790581790972 6088916 58
1790581791340 6441916 78
1790581791805 6857212 80
1790581792310 7359412 85
1790581792739 7723688 88
1790581793204 8046892 91
1790581793772 8555400 94
1790581794275 8951840 98
1790581794899 9484816 102
1790581795427 9830508 104
1790581795965 10216980 325
1790581796739 10586496 111
1790581797313 11024532 114
1790581797906 11460644 118
1790581798520 11880228 121
1790581799084 12245012 100
1790581799769 12768760 128
1790581800435 13292068 132
1790581801297 14035844 138
1790581802022 14511244 139
1790581802826 15173888 117
1790581803593 15768688 149
1790581804379 16376356 154
1790581805143 16929276 127
1790581806146 17791716 131
1790581806943 18264476 136
1790581807798 18903284 173
1790581808906 19656404 142
1790581809865 20302628 146
1790581810803 20867760 189
1790581811794 21161960 152
1790581815096 21404392 150
1790581817776 21639468 153
1790581818958 21977972 152
1790581819821 22256636 157
1790581821006 22564268 155
1790581821687 23027840 153
1790581822949 23815164 206
1790581824787 24066692 162
1790581825499 24373952 158
1790581829523 25355948 164
1790581830625 25687592 167
1790581833991 25789524 167
1790581837512 25920836 170
1790581841082 25968044 169
1790581844638 25983324 166
1790581848186 26012560 170
1790581851748 26055744 171
1790581855323 26095528 169
1790581858894 26129724 170
1790581862474 26167144 172
1790581866055 26231308 171
1790581869627 26350664 167
1790581873528 26488852 171
1790581877206 26612396 169
1790581881155 26763164 171
1790581884722 26895032 170
1790581888629 27033264 384
1790581896396 27297192 172
1790581899960 27413332 171
1790581903538 27580140 168
1790581907098 27792536 171
1790581910654 27982268 171
1790581914570 28188352 172
1790581918147 28405016 170
1790581921712 28580500 173
1790581925627 28753164 172
1790581929196 28878588 170
1790581932758 28999876 175
1790581936336 29147936 171
1790581940257 29413320 170
1790581943829 29675604 174
1790581947746 29979260 172
1790581951323 30093324 174
1790581954897 30187856 173
1790581958490 30188956 174
1790581962084 30189100 172
1790581965659 30189176 174
1790581969349 30189248 171
1790581972937 30189320 175
1790581976502 30189392 174
1790581980079 30189468 174
1790581983659 30189536 172
1790581987227 30189624 173
1790581990812 30189696 175
1790581994381 30189768 171
1790581997944 30189836 172
1790582001519 30189904 173
1790582005073 30189972 174
1790582008652 30190044 171
1790582012209 30190116 173
1790582015778 30190184 175
1790582019359 30190256 171
1790582022930 30190324 175
1790582026515 30190400 373
1790582034291 30195392 173
1790582038244 30200340 172
1790582041813 30313496 173
1790582045373 30420180 174
1790582049400 30533144 171
1790582052956 30644168 173
1790582056520 30755132 173
1790582060091 30876588 174
1790582063662 30951304 177
1790582067599 31246600 179
1790582071191 31521040 174
1790582074986 31533352 174
1790582078792 31533372 173
1790582082382 31533416 172
1790582085936 31533464 174
1790582089510 31533508 175
1790582093094 31533556 175
1790582096663 31533604 174
1790582100232 31578984 176
1790582103818 31650748 174
1790582107746 31734800 175
1790582109283 32076188 179
1790582110706 32557668 230
1790582113926 32919572 229
1790582115616 33449368 229
1790582117642 34086036 179
1790582120074 34712512 231
1790582121399 35113160 230
1790582123486 35484344 233
1790582125110 35974920 234
1790582128038 36372292 178
1790582129789 37028848 182
1790582131278 37593356 181
1790582133130 38024372 180
1790582135086 38442100 235
1790582137020 38951740 236
1790582139976 39411096 235
1790582142974 39920928 233
1790582144891 40468948 235
1790582146484 40994492 236
1790582148302 41413392 232
1790582149892 41933724 235
1790582151778 42370556 234
1790582153985 42884108 234
1790582155894 43378200 237
1790582157517 43859908 239
1790582161096 44518144 235
1790582162990 45087900 185
1790582164534 45616908 239
1790582166603 46199440 240
1790582168426 46761432 190
1790582173034 46928832 240
1790582179011 46939216 242
1790582187222 47531652 445
1790582190489 48142552 238
1790582196073 48167164 190
1790582199712 48657336 239
1790582205402 49008220 242
1790582210915 49435108 240
1790582216643 49870020 244
1790582221715 50247760 243
1790582226770 50729780 242
1790582232305 50947600 244
1790582239155 51164856 244
1790582247339 51304124 243
1790582254662 51314732 243
1790582266870 51316788 205
1790582271208 51501300 242
1790582276146 51589524 244
1790582280241 52181968 244
1790582285952 52274272 191
1790582289412 52897504 247
1790582295802 53100460 247
1790582300367 53756528 194
1790582304701 53957436 246
1790582310210 54170712 196
1790582313311 54812376 196
1790582318345 54845204 247
1790582323400 55265504 248
1790582329303 55704232 247
1790582334456 56102036 197
1790582338688 56501924 249
1790582344859 56778780 250
1790582349840 57352948 400
1790582358308 57598976 197
1790582362595 57658428 198
1790582372396 57672768 197
1790582378164 57680980 195
1790582382278 57697376 252
1790582388910 57711728 251
1790582399648 57721980 248
1790582406052 57736344 197
1790582410442 57765032 249
1790582415697 57777332 249
1790582426115 57791736 248
1790582431789 57931100 251
1790582436964 58037720 248
1790582442357 58183288 248
1790582447557 58404712 214
1790582451900 58540008 249
1790582457611 58810652 247
1790582462834 59224816 251
1790582468080 59546672 248
1790582473379 59800904 250
1790582482071 59989532 196
1790582486835 60071528 251
1790582492208 60094076 250
1790582497592 60141232 251
1790582504113 60157636 251
1790582513283 60188396 255
1790582518555 60217088 251
1790582523729 60243744 249
1790582529038 60272444 249
1790582534764 60286792 250
1790582539946 60342152 197
1790582544901 60395468 198
1790582549213 60454916 251
1790582561327 60456972 199
1790582565481 60631256 200
1790582570097 60840384 253
1790582575818 61072052 253
1790582580981 61412356 252
1790582586808 61726036 250
1790582591985 62253056 253
1790582597623 62308412 202
1790582602513 62490888 217
1790582608197 62560592 253
1790582613600 62663088 250
1790582619419 62687700 199
1790582624048 62714352 199
1790582628234 62747152 199
1790582632888 62755356 199
1790582637098 62786104 200
1790582641788 62804560 200
1790582645941 62835316 203
1790582650129 62866072 198
1790582656652 62958840 205
1790582658453 63601356 253
1790582664200 63724368 255
1790582669900 64324872 254
1790582675388 64607832 255
1790582681066 65185952 253
1790582686994 65749804 204
1790582692923 66071640 202
1790582697424 66602696 207
1790582702430 66906140 256
1790582708204 67148192 256
1790582718395 67627972 256
1790582780228 67781728 255
1790582785697 67788032 258
1790582791318 67788108 255
1790582796866 67788264 253
1790582802158 68013632 257
1790582807763 68485876 207
1790582811928 68624316 219
1790582816805 69133784 257
1790582822482 69462884 261
1790582828430 69958148 261
1790582834881 70222448 265
1790582840633 70441828 209
1790582854612 70460284 206
1790582860690 70497184 206
1790582866338 70501284 207
1790582870923 70505388 260
1790582878631 70507440 261
1790582885537 70509492 260
1790582893122 70517696 260
1790582900750 70519748 258
1790582906366 70521836 262
1790582912199 70776040 260
1790582917563 70853932 260
1790582923384 70913396 258
1790582929124 70964668 258
1790582934985 71393144 209
1790582939889 71471060 206
1790582944572 71799096 210
1790582949071 71928260 462
1790582966045 72307540 252
1790582971642 72362892 259
1790582977999 72371092 258
1790582984762 72379292 264
1790582990680 72557672 260
1790582996408 72678624 210
1790583002303 72682736 211
1790583007396 72727832 265
1790583013108 72740136 262
1790583020532 72834448 259
1790583026071 72947208 265
1790583032452 73016924 263
1790583046797 73033340 259
1790583052743 73388016 210
1790583058193 73506940 210
1790583062853 73986652 212
1790583067461 74201952 211
1790583071856 74862852 211
1790583130542 75025676 275
1790583156419 75176204 271
1790583162907 75360524 273
1790583170524 76065036 275
1790583176523 76065336 272
1790583183138 76066116 272
1790583189604 76066628 272
1790583250320 76072964 273
1790583256195 76679828 204
1790583260478 76895100 199
1790583265627 77485552 202
1790583270366 77647516 202
1790583274542 78131376 205
1790583279358 78401996 204
1790583283455 78588576 219
1790583356931 79070484 424
1790583365910 79199652 279
1790583372690 79218112 274
1790583378515 79255008 277
1790583385037 79285760 202
1790583389127 79306256 205
1790583394733 79326760 204
1790583399191 79341116 201
1790583403263 79386220 275
1790583409875 79406728 205
1790583422627 79441572 202
1790583427449 79451824 205
1790583433071 79460024 206
1790583437870 79484624 202
1790583442385 79554332 203
1790583446737 79702004 201
1790583451778 79970536 203
1790583456021 80198096 207
1790583460425 80645044 201
1790583465081 80780368 202
1790583469656 81182212 207
1790583474373 81571808 203
1790583478859 81698924 277
1790583485147 81807584 205
1790583489758 81830136 479
1790583499921 81914188 275
1790583505570 81959292 272
1790583511421 81990044 276
1790583517186 82045404 273
1790583523299 82106912 275
1790583529620 82127416 273
1790583535427 82168412 204
1790583539679 82178664 205
1790583544480 82215568 276
1790583550682 82221720 275
1790583559757 82225828 272
1790583565655 82354980 276
1790583571407 82652288 205
1790583575907 82771176 208
1790583650066 82830640 473
1790583659644 83023356 205
1790583664192 83068464 280
1790583670441 83125876 275
1790583676567 83144256 277
1790583682768 84082128 279
1790583687392 85010236 209
1790583692138 86014740 281
1790583696901 86993536 276
1790583790182 87244644 654
1790583803425 87262016 280
1790583809068 87342752 279
1790583815262 87504956 211
1790583819543 87529972 281
1790583825633 87724872 284
1790583831410 88296764 285
1790583837434 88863952 289
1790583843368 89171660 291
1790583848302 90152856 424
1790583853143 91091812 296
1790583980948 91748508 462
1790583990736 91772152 297
1790583997051 91790200 294
1790584003233 91806084 294
1790584009426 91824112 295
1790584015420 91832032 225
1790584020517 91844992 299
1790584026753 91869180 304
1790584033224 92849024 296
1790584039567 93062924 223
1790584044849 93106748 298
1790584049215 94420236 297
1790584051530 96061448 305
1790584136463 97215024 485
1790584140691 98449448 241
1790584145720 99545732 328
1790584147827 100591980 241
1790584230393 103041900 653
1790584233508 104462756 343
1790584236191 106130176 350
1790584319435 108205472 573
1790584329286 109601716 271
1790584334207 110938872 273
1790584426858 112523652 661
1790584444846 112526872 273
1790584454452 112530584 274
1790584462595 112531576 272
1790584471839 112554684 272
1790584481873 112581944 272
1790584499523 112654136 274
1790584516098 112722320 272
1790584521768 112816528 272
1790584530876 112816588 274
1790584537488 112822732 275
1790584545449 112911368 273
1790584556119 112918536 274
1790584574235 113006600 274
1790584592156 113133064 277
1790584609630 113165864 275
1790584627056 113229928 273
1790584645216 113333864 278
1790584650847 113734664 282
1790584657179 115150816 284
1790584661879 116734772 287
1790584663727 117945612 288
1790584799248 118709076 411
1790584805292 119907164 314
1790584814663 120445636 318
1790584821885 120445644 316
1790584835429 120446080 420
1790584845460 120446088 321
1790584853309 120446096 317
1790584860962 120446112 320
1790584869784 120446120 321
1790584878264 120446140 320
1790584884702 120446148 325
1790585092034 122095120 331
1790585095042 123915500 336
1790585499025 124007676 328
1790585504137 125273100 329
1790585511608 126447680 329
1790585517992 127821816 333
1790585521734 129114392 330
1790585640907 130284700 334
1790585647960 130289052 329
1790585655731 130295812 334
1790585662522 130295828 327
1790585670009 130340360 330
1790585958272 131193244 335
1790585960284 133687708 335
1790585967078 134455404 335
1790585974279 134919868 345
1790585981234 135525316 345
1790585988494 136201252 341
1790586112504 136911328 344
1790586119878 136996372 351
1790586128112 137011244 344
1790586137131 137011288 348
1790586421172 137047584 350
1790586428560 137452296 349
1790586435701 138039708 352
1790586443126 138725536 354
1790586450591 139465012 354
1790586475007 139772416 361
1790586768474 139819708 361
1790586776127 140237544 360
1790586792627 140923692 359
1790586800268 140923704 360
1790586808430 140934432 363
1790587098375 140995752 360
1790587110393 141132216 361
1790587121173 141166788 360
1790587415885 141261056 369
1790587439052 141737616 367
1790587446431 141744700 366
1790587737692 141811580 370
1790587763482 142358536 370
1790606543087 142395216 865
1790606573012 142731364 642
1790606586405 142738044 646
