1785408811007 46
1785408811913 39
1785408811988 35
1785408812057 39
1785408812131 34
1785408812297 47
1785408812404 35
1785408812566 44
1785408812651 41
1785408812736 44
1785408812827 43
1785408812914 46
1785408813011 30
1785408813276 48
1785408813648 49
1785408813860 27
1785408814030 46
1785408814442 41
1785408814604 29
1785408814666 28
1785408814729 27
1785408814787 39
1785408814855 29
1785408814916 29
1785408814975 27
1785408815047 26
1785408815109 45
1785408815189 24
1785408815250 28
1785408815341 27
1785408816837 51
1785408816954 48
1785408817437 50
1785408818048 48
1785408818132 47
1785408818231 50
1785408818539 35
1785408819623 52
1785408819931 34
1785408820204 52
1785408820354 48
