# timestamp_ms rss_kb
1790719013092 262212
1790719013380 269864
1790719013683 277984
1790719014281 283864
1790719014885 298004
1790719015710 305512
1790719019483 338848
1790719019585 368284
1790719019849 377392
1790719020253 385200
1790719020631 395460
1790719021181 417052
1790719021849 453200
1790719022135 467248
1790719022512 485292
1790719022622 623480
1790719022909 656280
1790719023489 681768
1790719023594 702248
1790719023701 724776
1790719023806 746328
1790719023913 768856
1790719024019 789336
1790719024124 811864
1790719024233 832344
1790719024339 854872
1790719024447 875352
1790719024552 897880
1790719024658 1045136
1790719028632 1071640
1790719028693 1100312
1790719028753 1127036
1790719028893 1159804
1790719029100 1198716
1790719029297 1237628
1790719029503 1276540
1790719029673 1381848
