# timestamp_ms rss_kb
1786706836261 228572
1786706838341 237400
1786706838458 243988
1786706921584 262696
1786706921807 318268
1786706921944 358980
1786706922079 385164
1786706922219 432044
1786706922357 465480
1786706922493 482796
1786706922631 512884
1786706922869 544712
1786706923011 601276
1786706923155 636432
1786706923298 659504
1786706923440 683512
1786706923588 709544
1786706923735 740264
1786706923880 761768
1786706924030 793704
1786706924180 817924
1786706924329 1012484
1786706924656 1161656
1786706927064 1223856
1786706927302 1250560
1786706927451 1283464
1786706928061 1350676
1786706928410 1387648
1786706929086 1445808
1786706929237 1483356
1786706929791 1524740
1786706930076 1581752
1786706930455 1639236
1786706931259 1710196
1786706932146 1754724
1786706932466 1803320
1786706932620 1848176
1786706933437 1915368
1786706933871 1989272
1786706934600 2043076
1786706935131 2094280
1786706935551 2139436
1786706936184 2194796
1786706936311 2342540
1786706936470 2473616
1786706936632 2577740
1786706936793 2677456
1786706936954 2888400
1786706937654 3019120
1786706937818 3109244
1786706937982 3195264
1786706938149 3267304
1786706938313 3359796
1786706938475 3471780
1786706938641 3557796
1786706938807 3654080
1786706938977 3752372
1786706939291 3914188
1786706976445 3996408
1786706981454 4098328
1786706989350 4182956
1786706990380 4298216
1786706991827 4389796
1786706994128 4481880
1786707059346 4573860
1786707111214 4675876
1786707178956 4695032 (true peak, below trigger threshold; snapshot is in peaks/peak.smaps)
