# timestamp_ms rss_kb
1790748645013 44792
1790748645245 46712
1790748647248 55712
1790748647342 65428
1790748647431 116412
1790748647549 176388
1790748648494 184664
1790748648589 189504
1790748648686 196996
1790748649163 201120
1790748649236 227656
1790748649340 266252
1790748649442 275004
1790748649613 283468
1790748649719 291980
1790748649893 300340
1790748649996 306596
1790748650120 312820
1790748650318 325332
1790748650515 333604
1790748650618 341884
1790748650788 350152
1790748650895 358420
1790748651115 366724
1790748651195 375152
1790748651317 383452
1790748651526 391736
1790748651608 400032
1790748651818 408376
1790748651897 416736
1790748652179 433364
1790748652394 443076
1790748652574 456364
1790748652791 468768
1790748653004 481932
1790748653221 491780
1790748653408 505584
1790748653602 520868
1790748653785 661828
1790748653930 1482692
1790748654144 2885652
1790748654522 3318388
1790748658255 3481992
1790748659950 3628608
1790748660369 3704872
1790748664060 3937932
1790748664479 4222736
1790748665576 4360668
1790748666006 4866464
1790748691342 5260368
1790748692065 5756652
1790748692511 6522084
1790748757708 6680176
1790748872660 6747448 (true peak, below trigger threshold; snapshot is in peaks/peak.smaps)
