1790748645013 55
1790748645169 26
1790748645245 50
1790748645335 27
1790748646162 50
1790748646241 26
1790748646297 28
1790748646357 29
1790748647164 56
1790748647248 55
1790748647342 50
1790748647431 54
1790748647549 55
1790748647642 31
1790748648016 53
1790748648183 30
1790748648435 29
1790748648494 54
1790748648589 54
1790748648686 56
1790748648785 53
1790748649039 28
1790748649100 29
1790748649163 31
1790748649236 57
1790748649340 56
1790748649442 59
1790748649545 31
1790748649613 59
1790748649719 60
1790748649824 31
1790748649893 58
1790748649996 60
1790748650120 56
1790748650223 58
1790748650318 57
1790748650421 56
1790748650515 56
1790748650618 58
1790748650721 30
1790748650788 59
1790748650895 61
1790748651020 59
1790748651115 30
1790748651195 58
1790748651317 62
1790748651426 63
1790748651526 33
1790748651608 65
1790748651720 61
1790748651818 31
1790748651897 66
1790748652010 63
1790748652109 31
1790748652179 65
1790748652291 65
1790748652394 31
1790748652474 63
1790748652574 64
1790748652688 66
1790748652791 64
1790748652903 63
1790748653004 66
1790748653119 65
1790748653221 30
1790748653300 70
1790748653408 33
1790748653490 73
1790748653602 66
1790748653716 32
1790748653785 70
1790748653930 96
1790748654144 113
1790748654522 167
1790748654967 83
1790748655241 88
1790748655530 84
1790748655804 85
1790748656084 85
1790748656351 167
1790748656692 80
1790748658006 84
1790748658255 171
1790748658875 84
1790748659132 169
1790748659458 85
1790748659704 84
1790748659950 170
1790748660369 170
1790748660801 88
1790748661157 90
1790748661688 87
1790748662173 172
1790748662526 88
1790748662891 88
1790748663206 89
1790748663465 87
1790748663801 90
1790748664060 173
1790748664479 171
1790748665576 172
1790748666006 173
1790748666854 88
1790748667114 87
1790748667376 88
1790748667673 83
1790748667919 167
1790748668333 87
1790748668594 83
1790748668848 86
1790748669109 84
1790748669358 82
1790748669768 179
1790748670123 85
1790748670377 84
1790748670638 89
1790748671303 89
1790748671563 85
1790748671823 178
1790748672210 88
1790748672705 86
1790748672968 86
1790748673220 85
1790748673562 82
1790748674050 175
1790748674401 90
1790748674655 88
1790748674960 85
1790748675251 86
1790748675590 88
1790748675856 176
1790748676242 86
1790748676501 85
1790748676752 86
1790748677123 87
1790748677389 84
1790748677934 170
1790748678512 88
1790748678772 86
1790748679024 85
1790748679404 87
1790748679859 175
1790748680212 82
1790748680982 90
1790748681288 87
1790748681621 84
1790748681957 176
1790748682309 88
1790748682569 85
1790748682909 86
1790748683401 89
1790748683683 87
1790748683984 180
1790748684343 87
1790748686135 175
1790748686478 83
1790748687211 89
1790748687478 89
1790748687767 94
1790748690064 177
1790748690819 84
1790748691078 86
1790748691342 182
1790748691785 89
1790748692065 180
1790748692511 180
1790748692940 87
1790748693604 91
1790748693877 92
1790748696841 183
1790748697189 87
1790748698071 89
1790748699002 185
1790748699365 90
1790748699616 93
1790748701805 184
1790748702162 87
1790748702420 92
1790748702993 90
1790748703262 84
1790748703518 84
1790748703865 176
1790748704461 89
1790748704726 90
1790748704993 88
1790748705467 86
1790748705805 185
1790748708839 180
1790748709192 89
1790748709577 88
1790748709915 90
1790748710310 91
1790748710703 177
1790748711057 87
1790748712034 84
1790748712507 93
1790748713060 176
1790748714267 86
1790748715691 176
1790748716174 89
1790748716790 91
1790748717401 91
1790748717870 184
1790748721161 184
1790748721527 86
1790748721815 88
1790748725062 177
1790748725420 85
1790748725933 87
1790748726204 88
1790748726482 88
1790748726753 92
1790748727031 185
1790748727392 88
1790748730971 186
1790748732043 89
1790748732312 88
1790748735329 180
1790748735763 91
1790748736163 90
1790748736560 90
1790748737072 89
1790748739300 173
1790748740002 89
1790748741548 178
1790748742768 86
1790748743031 88
1790748743552 176
1790748744105 88
1790748746258 182
1790748748311 179
1790748748837 90
1790748749306 90
1790748753562 183
1790748753922 88
1790748754175 91
1790748756993 183
1790748757429 90
1790748757708 187
1790748758167 92
1790748871843 182
1790748872217 91
1790748872660 95
