1785493197868 453992 24
1785493197973 482100 25
1785493198078 544496 24
1785493198197 606360 25
1785493198439 617308 66
1785493198602 623584 60
1785493198877 638656 50
1785493199029 654512 48
1785493199248 665276 65
1785493199575 678376 25
1785493199699 686692 26
1785493200025 698288 25
1785493200378 710704 57
1785493200580 728488 26
1785493200878 739160 64
1785493201014 749084 40
1785493201192 760092 48
1785493201548 775608 48
1785493201741 785268 57
1785493201932 793288 53
1785493202256 818072 125
1785493202571 826496 50
1785493202721 837096 42
1785493202914 848260 26
1785493203365 858592 27
1785493203503 868744 28
1785493203640 882576 49
1785493204080 898468 27
1785493204187 907632 30
1785493204672 927688 28
1785493204846 939464 30
1785493205398 965628 28
1785493205722 975896 71
1785493206112 1002080 29
1785493206729 1005072 29
1785493207114 1035656 27
1785493207244 1072392 29
1785493207369 1100444 27
1785493207497 1125748 30
1785493207631 1156852 30
1785493207946 1176984 28
1785493208053 1195420 28
1785493208186 1250716 31
1785493208328 1296796 30
1785493208471 1324456 32
1785493211572 1348572 88
1785493211977 2723740 94
1785493222337 2868556 39
