# timestamp_ms rss_kb
1786770126262 544392
1786770126369 607764
1786770126819 625808
1786770127062 642912
1786770127343 660704
1786770127785 685368
1786770128309 704300
1786770128600 719048
1786770129048 739140
1786770129537 756656
1786770129838 781820
1786770130168 805364
1786770130552 821708
1786770130864 847140
1786770131335 864276
1786770131697 883704
1786770132062 907964
1786770132628 929312
1786770133127 950632
1786770133337 977800
1786770133881 1003892
1786770135008 1024724
1786770135130 1057492
1786770135253 1094996
1786770135526 1125644
1786770136071 1202544
1786770136198 1294704
1786770136374 1331588
1786770136943 1418580
1786770137360 2914272
1786770143938 2969540 (true peak, below trigger threshold; snapshot is in peaks/peak.smaps)
