1790741272990 61
1790741273151 51
1790741273239 28
1790741274086 52
1790741274168 26
1790741274225 26
1790741275095 54
1790741275178 51
1790741275265 53
1790741275400 55
1790741275536 53
1790741275627 53
1790741276046 28
1790741276104 52
1790741276186 27
1790741276428 29
1790741276507 28
1790741276565 56
1790741276664 57
1790741276762 55
1790741276857 55
1790741277100 29
1790741277160 31
1790741277223 30
1790741277285 31
1790741277348 55
1790741277435 57
1790741277535 57
1790741277633 57
1790741277733 58
1790741277836 59
1790741277938 58
1790741278030 56
1790741278134 58
1790741278241 57
1790741278346 60
1790741278448 33
1790741279788 56
1790741279890 55
1790741279992 58
1790741280096 58
1790741280571 33
1790741280636 31
1790741280703 58
1790741280794 32
1790741280861 33
1790741280929 60
1790741281044 32
1790741281109 31
1790741281173 33
1790741281241 31
1790741281308 33
1790741281384 30
1790741281470 31
1790741281537 56
1790741281780 31
1790741281843 30
1790741281908 33
1790741281997 58
1790741282091 56
1790741282192 58
1790741282299 59
1790741282424 35
1790741282494 57
1790741282586 58
1790741282689 34
1790741282784 62
1790741282883 32
1790741282952 32
1790741283031 62
1790741283127 34
1790741283836 62
1790741283934 36
1790741284103 34
1790741285645 63
1790741285743 35
1790741287462 65
1790741287562 33
1790741289223 66
1790741289337 35
1790741291009 63
1790741291107 34
1790741292100 60
1790741292196 61
1790741292294 60
1790741293532 63
1790741293631 35
1790741293701 34
1790741294284 60
1790741294404 34
1790741294672 34
1790741294763 30
1790741294828 57
1790741294923 60
1790741295033 65
1790741295147 63
1790741295260 61
1790741295845 38
1790741295919 60
1790741296204 32
1790741296272 31
1790741296348 35
1790741296445 32
1790741296514 59
1790741296637 37
1790741297221 63
1790741297519 32
1790741297634 33
1790741297702 33
1790741297889 61
1790741298058 33
1790741298128 33
1790741298244 33
1790741298336 32
1790741298404 32
1790741298667 65
1790741298768 33
1790741298838 32
1790741298907 32
1790741299025 32
1790741299339 67
1790741299713 32
1790741299781 33
1790741299967 34
1790741300110 65
1790741300212 32
1790741300325 33
1790741300395 37
1790741300467 34
1790741300538 34
1790741301111 63
1790741301666 31
1790741301732 35
1790741301918 62
1790741302109 30
1790741302248 35
1790741302343 32
1790741302703 59
1790741302797 32
1790741302941 33
1790741303112 35
1790741303600 59
1790741303694 31
1790741304023 33
1790741304137 31
1790741304227 64
1790741304377 34
1790741304523 32
1790741305017 68
1790741305428 35
1790741305499 35
1790741305667 64
1790741305768 32
1790741305885 32
1790741306049 63
1790741306150 36
1790741306250 34
1790741306322 33
1790741306485 32
1790741309996 61
1790741310465 35
1790741310536 33
1790741310658 61
1790741310758 32
1790741311426 63
1790741311850 34
1790741311919 33
1790741312395 61
1790741312494 34
1790741312667 33
1790741312786 32
1790741312856 33
1790741313028 61
1790741313149 35
1790741313749 57
1790741313842 33
1790741314155 35
1790741314228 33
1790741314341 64
1790741314462 33
1790741314783 34
1790741314855 34
1790741314925 33
1790741315045 65
1790741315146 35
1790741315669 61
1790741315787 34
1790741315875 34
1790741316305 66
1790741316405 32
1790741316869 33
1790741316939 64
1790741317490 32
1790741317797 66
1790741318119 32
1790741318191 33
1790741318290 36
1790741318364 60
1790741318960 59
1790741319406 33
1790741319726 62
1790741319826 34
1790741322888 65
1790741324393 62
1790741324516 35
1790741324588 33
1790741325297 57
1790741325390 33
1790741325471 36
1790741325569 34
1790741325639 35
1790741325760 33
1790741325856 67
1790741325959 36
1790741326031 35
1790741326126 34
1790741326413 32
1790741326484 35
1790741328559 65
1790741336082 65
1790741338369 65
1790741338473 34
1790741338546 62
1790741339848 64
1790741340775 64
1790741340887 67
1790741341027 36
1790741341099 65
1790741341200 63
1790741341314 67
1790741341432 35
1790741341505 34
1790741341627 33
1790741341772 35
1790741341894 35
1790741342016 64
1790741342142 34
1790741342213 64
1790741342323 34
1790741342392 33
1790741411871 70
1790741411978 70
1790741412098 37
1790741478339 67
1790741544536 71
1790741610694 69
1790741741106 66
