# timestamp_ms rss_kb
1786774029304 439284
1786774029784 458104
1786774030017 476848
1786774030119 513356
1786774030221 554240
1786774030323 612880
1786774030737 628324
1786774031144 656556
1786774031467 672420
1786774031848 692784
1786774032196 711080
1786774032583 732076
1786774033199 749116
1786774033374 768104
1786774033939 787628
1786774034307 803620
1786774034804 828668
1786774035391 855696
1786774035946 886296
1786774036592 907764
1786774037135 927844
1786774037470 950688
1786774037963 974984
1786774038556 994620
1786774039816 1018848
1786774039909 1044576
1786774040033 1073248
1786774040154 1101024
1786774040311 1127648
1786774040446 1164512
1786774040581 1201380
1786774040727 1256676
1786774040876 1311972
1786774041025 1339624
1786774041295 1367272
1786774041543 1394920
1786774045788 1518724
1786774045934 1899312
1786774046088 2451148
1786774046360 2766788
1786774061133 2831316
