1786774029304 439284 23
1786774029696 446168 24
1786774029784 458104 22
1786774030017 476848 24
1786774030119 513356 22
1786774030221 554240 23
1786774030323 612880 24
1786774030620 624204 24
1786774030921 637396 25
1786774031144 656556 25
1786774031268 665608 25
1786774031467 672420 25
1786774031737 681552 24
1786774031848 692784 26
1786774031972 701988 26
1786774032196 711080 25
1786774032583 732076 25
1786774032812 740592 25
1786774033199 749116 26
1786774033374 768104 26
1786774033811 777508 25
1786774033939 787628 26
1786774034106 798988 25
1786774034534 809324 26
1786774034679 819492 26
1786774034804 828668 27
1786774035152 837904 25
1786774035391 855696 27
1786774035751 865756 26
1786774035946 886296 27
1786774036308 896252 26
1786774036592 907764 27
1786774036772 919172 27
1786774037300 946152 28
1786774037704 956132 26
1786774037840 966280 28
1786774038156 979816 28
1786774038556 994620 28
1786774038802 1006832 26
1786774039387 1009868 28
1786774039909 1044576 28
1786774040033 1073248 26
1786774040154 1101024 27
1786774040311 1127648 28
1786774040446 1164512 29
1786774040581 1201380 28
1786774040727 1256676 30
1786774040876 1311972 29
1786774041025 1339624 32
1786774041176 1358056 30
1786774041420 1385704 30
1786774045788 1518724 31
1786774045934 1899312 32
1786774046088 2451148 35
1786774046360 2766788 33
1786774061133 2831316 35
