# timestamp_ms rss_kb
1785826446737 209944
1785826448534 224272
1785826504588 230428
1785826504689 255628
1785826505639 288484
1785826505745 336880
1785826505853 381976
1785826505963 415048
1785826506072 432716
1785826506184 453400
1785826506298 493300
1785826506410 529944
1785826506526 561860
1785826506639 578560
1785826506759 606988
1785826506880 639080
1785826506999 672568
1785826507114 693048
1785826507230 720920
1785826507346 735460
1785826507465 762128
1785826507584 898220
1785826507702 998572
1785826508987 1020180
1785826509438 1055948
1785826509805 1122276
1785826509921 1151168
1785826510725 1221472
1785826511018 1247912
1785826511398 1277896
1785826512075 1342792
1785826512298 1382768
1785826513039 1421236
1785826513162 1456520
1785826513363 1489004
1785826513773 1521948
1785826514163 1612028
1785826514846 1647252
1785826514973 1684548
1785826515381 1748712
1785826516173 1822464
1785826517072 1861880
1785826517201 1943244
1785826517815 1988928
1785826518206 2049388
1785826518415 2096504
1785826518915 2139528
1785826519128 2196876
1785826519539 2420228
1785826519669 2544836
1785826519794 2615868
1785826519926 2771516
1785826520349 2926800
1785826520600 3037404
1785826520737 3111136
1785826520987 3221740
1785826521242 3291376
1785826521344 3389716
1785826521674 3539216
1785826521807 3615004
1785826522030 3700136
1785826522280 3774752
1785826522495 3885352
1785826543202 3970864
1785826548225 4057112
1785826548955 4155952
1785826550526 4241188
1785826552582 4341864
1785826554285 4441356
1785826556344 4551092
1785826564285 4651068
1785826574519 4747856
1785826640146 4802648 (true peak, below trigger threshold; snapshot is in peaks/peak.smaps)
