# timestamp_ms rss_kb
1790718128517 329012
1790718128543 412980
1790718128568 492852
1790718128593 574772
1790718128618 656692
1790718128642 720180
1790718128666 781620
1790718128690 830772
1790718128714 871732
1790718128739 976180
1790718128764 1076532
1790718128788 1142068
1790718128812 1215796
1790718128836 1260852
1790718128860 1342772
1790718128885 1424692
1790718128949 1453364
1790718128974 1559860
1790718128999 1664308
1790718129024 1768756
1790718129049 1875252
1790718129074 1979700
1790718129099 2082100
1790718129260 2170164
1790718129284 2274612
1790718129309 2354484
1790718129336 2430260
1790718129361 2506036
1790718131043 6296884
1790718131093 6507828
1790718131149 6675764
1790718131220 6872372
1790718131288 7064884
1790718131357 7226676
1790718131427 7443764
1790718131493 7623988
1790718131560 7802164
1790718131627 7966004
1790718131706 8197428
1790718131774 8363316
1790718132024 8594740
1790718132091 8817972
1790718132199 9067828
1790718132267 9291060
1790718132334 9483572
1790718132421 9719092
1790718132508 9950516
1790718132596 10171700
1790718132684 10417460
1790718132896 10630452
1790718132963 10868020
1790718133050 11105588
1790718133139 11347252
1790718133248 11619636
1790718133357 11926836
1790718133466 12201268
1790718133577 12500276
1790718133811 12756276
1790718133880 13057332
1790718133971 13321524
1790718134082 13604148
1790718134192 13933876
1790718134303 14261556
1790718134414 14556468
1790718134652 14908724
1790718134722 15228212
1790718134794 15535412
1790718134927 15914292
1790718135061 16248116
1790718135217 16641332
1790718135456 16979252
1790718135548 17394996
1790718135641 17757492
1790718135777 18146612
1790718135934 18511156
1790718136218 18953524
1790718136312 19379508
1790718136423 19815732
1790718136579 20241716
1790718136740 20692276
1790718137029 21128500
1790718137125 21560628
1790718137264 22054196
1790718137443 22551860
1790718137626 23022900
1790718137895 23536948
1790718138013 24020276
1790718138199 24534324
1790718138387 25064756
1790718138681 25613620
1790718138820 26148148
1790718139030 26717492
1790718139241 27268404
1790718139517 27888948
1790718139703 28480820
1790718139938 29119796
1790718140264 29787444
1790718140432 30412084
1790718140761 31112500
1790718141063 31798580
1790718141244 32484660
1790718141480 33154356
1790718141851 33817908
1790718142045 34553140
1790718142308 35294516
1790718142735 36099380
1790718142956 36885812
1790718143224 37653812
1790718143609 38505780
1790718143878 39318836
1790718144292 40146228
1790718144538 40965428
1790718144836 41860404
1790718145206 42726708
1790718145411 43646260
1790718145764 44533044
1790718145971 45471028
1790718146203 46429492
1790718146409 47383860
1790718146617 48342324
1790718146850 49413428
1790718147084 50494772
1790718147319 51582260
1790718147556 52673844
1790718147795 53779764
1790718149715 54878996
1790718156497 56005340
1790718213229 57197408
