# timestamp_ms rss_kb
1790718731153 262832
1790718731354 269032
1790718731700 275104
1790718731866 280652
1790718732319 287208
1790718732447 293452
1790718732827 307680
1790718737575 316760
1790718737679 355672
1790718737786 370132
1790718738123 378264
1790718738364 389556
1790718738832 402496
1790718739237 411168
1790718739409 423780
1790718740103 443372
1790718740526 470736
1790718740853 486856
1790718740961 614804
1790718741171 654456
1790718741825 674548
1790718741931 697076
1790718742037 719604
1790718742149 741016
1790718742252 763684
1790718742355 788260
1790718742463 810788
1790718742572 833316
1790718742678 855844
1790718742783 878372
1790718742892 900900
1790718746434 922092
1790718747078 940740
1790718748015 966356
1790718748081 997076
1790718748145 1027796
1790718748209 1056468
1790718748270 1085140
1790718748332 1113132
1790718748396 1144332
1790718748460 1173004
1790718748521 1201676
1790718748584 1230348
1790718748719 1265164
1790718748950 1327576
1790718749066 1376716
