# timestamp_ms rss_kb
1790750275943 13432744
1790750276693 14847912
1790750277561 16930728
1790750278434 19027880
1790750279299 21129128
1790750280186 23226280
1790750281070 25325480
1790750281892 27426728
1790750282725 29525928
1790750283501 31625128
1790750284311 33726376
1790750285093 35825576
1790750285891 37930920
1790750286679 40023976
1790750287463 42123176
1790750288309 44220328
1790750289118 46325672
1790750289931 48426920
1790750290719 50519976
1790750291512 52619176
1790750292287 54722472
1790750297496 55870676
1790750359178 57006252
1790750379469 57248732 (true peak, below trigger threshold; snapshot is in peaks/peak.smaps)
