# timestamp_ms rss_kb
1790717886360 263288
1790717886566 269304
1790717886814 274720
1790717887070 280860
1790717887450 287108
1790717888071 301692
1790717888935 310552
1790717889042 357792
1790717889163 443192
1790717889289 491252
1790717889413 529788
1790717889540 568444
1790717889667 595776
1790717889793 619912
1790717889919 642052
1790717890047 661392
1790717890199 686832
1790717890436 706968
1790717890574 723356
1790717890709 741444
1790717891058 758768
1790717891302 780620
1790717891439 812620
1790717891580 860084
1790717892247 877496
1790717893355 912380
1790717894019 939792
1790717894168 985604
1790717894322 1012876
1790717894467 1042332
1790717894613 1079036
1790717894888 1114996
1790717895035 1138392
1790717896874 1176984
1790717897089 1217944
1790717897207 1242520
1790717898065 1267468
1790717898948 1300972
1790717899563 1424080
1790717901653 1459204
1790717901876 1502212
1790717902091 1545220
1790717902312 1588228
1790717902656 1716064
1790717904681 1727372 (true peak, below trigger threshold; snapshot is in peaks/peak.smaps)
