# timestamp_ms rss_kb
1787188293280 23424
1787188293356 29992
1787188293419 49592
1787188293481 71108
1787188293546 78760
1787188293613 83096
1787188293682 88556
1787188293747 93736
1787188293814 120160
1787188294109 165380
1787188306184 169640
1787188307502 174276
1787188308759 179008
1787188310046 183724
1787188311367 188700
1787188312633 193260
1787188314785 197980
1787188316945 202824
1787188319104 207524
1787188321246 212324
1787188323420 217212
1787188325508 221856
1787188327730 229568
1787188394848 236284
1787188394947 344704
1787188395044 357248
1787188395147 430576
1787188395657 458668
1787188395941 484336
1787188396061 554596
1787188397644 566120
1787188397794 608352
1787188398445 625920
1787188398785 691848
1787188398946 757576
1787188399725 773064
1787188443039 792884
1787188445425 811248
1787188445806 915352
1787188445967 980988
1787188446107 1036476
1787188447475 1058120
1787188448076 1079544
1787188453946 1104268
1787188454294 1222368
1787188454494 1284528
1787188454714 1337780
1787188455169 1365696
1787188462089 1484132
1787188462632 1521240
1787188502950 1563120
1787188503141 1613532
1787188546531 1678784
1787188551915 1762644
1787188556733 1798044
1787188557242 1842748
1787188596807 1885472
1787188642377 1923340
1787188648069 1962540
1787188736809 2004576
1787188742957 2048592
1787188785944 2091312
1787188841157 2134160
1787189015105 2178316
1787189200106 2222720
1787189398809 2267488
1787189502332 2313492
1787189503045 2317916 (true peak, below trigger threshold; snapshot is in peaks/peak.smaps)
