1790760291616 37
1790760292653 36
1790760292722 37
1790760292812 41
1790760292879 39
1790760293013 24
1790760293065 39
1790760293140 46
1790760294301 48
1790760294639 31
1790760294997 46
1790760295141 29
1790760295497 44
1790760295859 49
1790760297738 49
1790760297820 32
1790760298748 46
1790760298826 45
1790760299077 32
1790760299254 47
1790760299511 29
1790760299686 41
1790760299954 33
1790760300548 48
1790760300640 31
1790760300968 49
1790760301421 45
1790760302352 49
1790760309750 48
1790760340923 49
1790760374139 48
