1790759221154 265664 26
1790759221251 269236 20
1790759221580 276684 21
1790759222133 283872 26
1790759222229 289508 22
1790759222747 303288 23
1790759223988 400184 26
1790759224232 503704 26
1790759224355 551000 26
1790759224482 584592 24
1790759224740 629708 26
1790759224866 648612 26
1790759224992 666584 30
1790759225126 682980 27
1790759225363 696248 26
1790759225472 707024 24
1790759225595 721812 25
1790759225724 739460 27
1790759225969 753784 27
1790759226109 762280 27
1790759226230 777428 24
1790759229197 973300 28
1790759229346 1009376 31
1790759229498 1039936 32
1790759229653 1078388 29
1790759229810 1119472 31
1790759230124 1137040 29
1790759230588 1195584 31
1790759230703 1211712 31
1790759230843 1234372 33
1790759230961 1248964 33
1790759231104 1274364 31
1790759235049 2045444 34
1790759237203 2516984 35
1790759237321 2569348 34
1790759241913 2688040 41
