# timestamp_ms rss_kb
1785832245816 118256
1785832245907 155424
1785832245973 173592
1785832246042 179208
1785832246108 226880
1785832246191 257624
1785832246258 282216
1785832246343 327336
1785832246407 337548
1785832246519 392884
1785832246650 448216
1785832246784 503552
1785832246920 558884
1785832247011 570756
1785832247080 614220
1785832247171 640980
1785832247236 669552
1785832247326 684004
1785832247395 738464
1785832247464 790148
1785832261005 813156
1785832261083 866888
1785832386731 868908 (true peak, below trigger threshold; snapshot is in peaks/peak.smaps)
