1786574390992 47
1786574391238 43
1786574391314 40
1786574391388 43
1786574391569 44
1786574391648 25
1786574391824 27
1786574391878 42
1786574391954 43
1786574392024 41
1786574392101 25
1786574392154 24
1786574392206 23
1786574392585 40
1786574399993 39
1786574400078 23
1786574400129 24
1786574400243 24
1786574400315 38
1786574400402 24
1786574400491 25
1786574400563 25
1786574400635 40
1786574400708 26
1786574400803 24
1786574400875 24
1786574400947 47
1786574401021 26
1786574401075 25
1786574401128 25
1786574401201 26
1786574401276 25
1786574401350 43
1786574401422 25
1786574401474 24
1786574401525 25
1786574401660 25
1786574401733 41
1786574401822 24
1786574401894 25
1786574401966 27
1786574402042 26
1786574402096 45
1786574402210 27
1786574402264 27
1786574402320 26
1786574402395 26
1786574402471 46
1786574402565 26
1786574402638 27
1786574402693 29
1786574402772 26
1786574402825 26
1786574402879 45
1786574402951 27
1786574403130 24
1786574403202 25
1786574403275 44
1786574403369 29
1786574403446 26
1786574403500 26
1786574403605 26
1786574403679 42
1786574403769 26
1786574403822 26
1786574403875 25
1786574403950 27
1786574404026 26
1786574404081 42
1786574404151 25
1786574404203 25
1786574404256 27
1786574404312 26
1786574404364 26
1786574404481 44
1786574404574 25
1786574404648 26
1786574404723 25
1786574404796 27
1786574404872 44
1786574404943 25
1786574405059 24
1786574405111 24
1786574405184 25
1786574405236 41
1786574405305 27
1786574405381 23
1786574405453 25
1786574405527 25
1786574405581 45
1786574405654 26
1786574405707 25
1786574405760 24
1786574405812 27
1786574405909 25
1786574405983 44
1786574406092 26
1786574406167 25
1786574406240 25
1786574406294 27
1786574406349 44
1786574406427 26
1786574406503 25
1786574406557 25
1786574406610 24
1786574406683 45
1786574406758 27
1786574406833 27
1786574406887 24
1786574406939 26
1786574407013 24
1786574407084 43
1786574407155 25
1786574407207 25
1786574407259 25
1786574407433 43
1786574407525 25
1786574407598 26
1786574407673 28
1786574407749 45
1786574407821 27
1786574407919 26
1786574407973 27
1786574408028 24
1786574408080 26
1786574408155 43
1786574408246 26
1786574408320 24
1786574408392 25
1786574408446 24
1786574408498 44
1786574408570 25
1786574408623 23
1786574408674 25
1786574408848 43
1786574408940 24
1786574409013 24
1786574409066 25
1786574409141 25
1786574409194 44
1786574409271 26
1786574409346 25
1786574409420 24
1786574409493 25
1786574409546 47
1786574409621 25
1786574409674 26
1786574409748 24
1786574409820 32
1786574409881 25
1786574409933 26
1786574409988 45
1786574410082 26
1786574410199 25
1786574410273 26
1786574410366 46
1786574410455 25
1786574410525 26
1786574410579 25
1786574410633 25
1786574410686 27
1786574410783 45
1786574410856 24
1786574410929 25
1786574411002 26
1786574411078 25
1786574411131 25
1786574411184 42
1786574411275 24
1786574411327 26
1786574411383 27
1786574411438 26
1786574411491 25
1786574411670 46
1786574411766 26
1786574411843 27
1786574411920 25
1786574411995 27
1786574412058 47
1786574412176 26
1786574412230 25
1786574412283 24
1786574412336 24
1786574412409 28
1786574412486 43
1786574412556 27
1786574412612 24
1786574412664 26
1786574412739 25
1786574412793 27
1786574412847 45
1786574412921 25
1786574413101 25
1786574413176 26
1786574413231 45
1786574413325 26
1786574413399 25
1786574413452 26
1786574413505 26
1786574413581 27
1786574413636 46
1786574413710 26
1786574413785 26
1786574413859 26
1786574413934 25
1786574413987 25
1786574414042 49
1786574414119 26
1786574414195 27
1786574414250 25
1786574414305 25
1786574414359 25
1786574414535 43
1786574414627 24
1786574414679 23
1786574414751 24
1786574414823 24
1786574414875 24
1786574414936 48
1786574415033 26
1786574415108 26
1786574415184 23
1786574415256 28
1786574415311 26
1786574415364 26
1786574415419 45
1786574415491 24
1786574415545 25
1786574415618 26
1786574415672 26
1786574415743 26
1786574415920 45
1786574416017 25
1786574416090 26
1786574416165 25
1786574416240 27
1786574416296 44
1786574416411 26
1786574416486 24
1786574416559 24
1786574416633 25
1786574416686 45
1786574416759 24
1786574416811 25
1786574416887 24
1786574416960 25
1786574417013 25
1786574417087 42
1786574417281 24
1786574417354 24
1786574417427 27
1786574417504 46
1786574417601 25
1786574417662 25
1786574417737 26
1786574417792 26
1786574417846 24
1786574417919 43
1786574418010 24
1786574418084 25
1786574418137 26
1786574418191 24
1786574418243 25
1786574418317 45
1786574418391 25
1786574418444 26
1786574418497 25
1786574418613 26
1786574418688 48
1786574418787 25
1786574418861 25
1786574418935 26
1786574419010 25
1786574419062 46
1786574419179 27
1786574419255 24
1786574419329 24
1786574419381 24
1786574419434 25
1786574419487 46
1786574419581 25
1786574419656 27
1786574419711 24
1786574419765 28
1786574419821 26
1786574419897 45
1786574420096 24
1786574420148 25
1786574420239 27
1786574420296 44
1786574420389 26
1786574420444 27
1786574420506 25
1786574420580 25
1786574420654 25
1786574420728 45
1786574420802 25
1786574420855 26
1786574420910 27
1786574420985 26
1786574421061 26
1786574421137 46
1786574421213 27
1786574421267 26
1786574421321 27
1786574421439 27
1786574421514 46
1786574421610 27
1786574421687 25
1786574421762 24
1786574421837 27
1786574421894 26
1786574421993 45
1786574422065 25
1786574422119 24
1786574422171 26
1786574422246 28
1786574422322 26
1786574422375 26
1786574422429 47
1786574422524 27
1786574422578 26
1786574422633 26
1786574422689 26
1786574422745 24
1786574422905 44
1786574422999 25
1786574423073 25
1786574423149 24
1786574423224 27
1786574423278 46
1786574423406 25
1786574423459 25
1786574423512 27
1786574423567 26
1786574423643 27
1786574423718 46
1786574423812 24
1786574423887 26
1786574423958 25
1786574424011 27
1786574424088 24
1786574424205 47
1786574424302 25
1786574424377 24
1786574424451 27
1786574424506 25
1786574424581 25
1786574424635 49
1786574424714 27
1786574424791 25
1786574424866 24
1786574424940 24
1786574424994 25
1786574425048 49
1786574425124 26
1786574425200 24
1786574425275 26
1786574425350 27
1786574425405 26
1786574425481 25
1786574425598 46
1786574425710 27
1786574425782 27
1786574425837 28
1786574425914 25
1786574425989 48
1786574426067 27
1786574426173 26
1786574426227 25
1786574426280 27
1786574426335 25
1786574426410 47
1786574426507 27
1786574426561 26
1786574426617 25
1786574426671 26
1786574426746 28
1786574426805 26
1786574426860 48
1786574426939 28
1786574427103 27
1786574427180 25
1786574427255 25
1786574427333 47
1786574427430 25
1786574427484 28
1786574427583 25
1786574427658 27
1786574427714 25
1786574427769 46
1786574427843 27
1786574427899 28
1786574427977 26
1786574428053 27
1786574428109 25
1786574428163 47
1786574428239 26
1786574428317 25
1786574428435 24
1786574428511 27
1786574428567 25
1786574428659 50
1786574428737 26
1786574428816 25
1786574428870 27
1786574428978 26
1786574429056 26
1786574429110 48
1786574429208 27
1786574429284 26
1786574429340 26
1786574429394 26
1786574429448 27
1786574429525 25
1786574429577 48
1786574429654 26
1786574429711 29
1786574429877 26
1786574429955 27
1786574430032 48
1786574430128 28
1786574430209 27
1786574430264 28
1786574430364 24
1786574430418 25
1786574430472 47
1786574430547 26
1786574430622 26
1786574430700 25
1786574430754 28
1786574430833 26
1786574430910 48
1786574430988 27
1786574431043 27
1786574431098 26
1786574431280 27
1786574431336 25
1786574431410 51
1786574431511 24
1786574431584 26
1786574431638 27
1786574431736 26
1786574431813 28
1786574431891 47
1786574431966 26
1786574432043 28
1786574432122 26
1786574432206 26
1786574432260 29
1786574432319 53
1786574432415 53
1786574432506 55
1786574432601 55
1786574432696 54
1786574432791 56
1786574432886 52
1786574432978 56
1786574433074 55
1786574433169 54
1786574433262 54
1786574433359 55
1786574433459 57
1786574433558 56
1786574433660 57
1786574433761 61
1786574433875 61
1786574433991 67
1786574434116 64
1786574434235 67
1786574434358 64
1786574434478 68
1786574434601 69
1786574434731 73
1786574434859 75
1786574434994 73
1786574435126 77
1786574435260 81
1786574435408 78
1786574435564 79
1786574435715 52
1786574435814 49
1786574435942 46
1786574436031 47
1786574436116 88
1786574436241 51
1786574436334 48
1786574436450 81
1786574436571 47
1786574436660 45
1786574436747 86
1786574436901 48
1786574436986 89
1786574437118 45
1786574437203 44
1786574437317 80
1786574437438 43
1786574437517 81
1786574437668 85
1786574437819 83
1786574437970 84
1786574438125 84
1786574438283 88
1786574438439 87
1786574438593 85
1786574438712 94
1786574438887 88
1786574439019 86
1786574439184 98
1786574439328 89
1786574439769 48
1786574439869 91
1786574440054 105
1786574440245 94
1786574440568 107
1786574440728 106
1786574440925 108
1786574441215 110
1786574441378 107
1786574441578 109
1786574442653 54
1786574442762 97
1786574442912 50
1786574443013 96
1786574443161 57
1786574443305 107
1786574443512 119
1786574443728 119
1786574443933 57
1786574444043 62
1786574444580 62
1786574444697 65
1786574444816 58
1786574444927 104
1786574445084 56
1786574445193 56
1786574445302 63
1786574445420 57
1786574445529 62
1786574445647 63
1786574445765 62
1786574445882 64
1786574446001 117
1786574446174 57
1786574446284 61
1786574446401 58
1786574446512 116
1786574446684 64
1786574446846 121
1786574447022 56
1786574447132 57
1786574447224 101
1786574447422 63
1786574447542 119
1786574447716 63
1786574447834 63
1786574447994 108
1786574448155 56
1786574448265 56
1786574448375 119
1786574448582 63
1786574448700 121
1786574448877 63
1786574448995 62
1786574449138 121
1786574449316 63
1786574449434 63
1786574449553 118
1786574449767 65
1786574449888 108
1786574450049 57
1786574450160 56
1786574450313 106
1786574450472 58
1786574450583 57
1786574450693 107
1786574450898 58
1786574451009 120
1786574451186 65
1786574451305 57
1786574451462 122
1786574451640 59
1786574451733 57
1786574451843 105
1786574452001 56
1786574452152 122
1786574452331 57
1786574452440 61
1786574452558 107
1786574452718 62
1786574452880 122
1786574453058 58
1786574453170 57
1786574453280 105
1786574453441 57
1786574453594 110
1786574453756 57
1786574453866 63
1786574453981 108
1786574454143 63
1786574454307 109
1786574454469 57
1786574454580 58
1786574454692 106
1786574454851 57
1786574455007 111
1786574455170 58
1786574455280 57
1786574455392 108
1786574455596 109
1786574455793 111
1786574456001 109
1786574456210 113
1786574456424 113
1786574456637 128
1786574456865 129
1786574457094 129
1786574457323 128
1786574457548 65
1786574457655 117
1786574457821 60
1786574457984 59
1786574458098 57
1786574458210 65
1786574458331 65
1786574458454 59
1786574458568 59
1786574458682 64
1786574458803 59
1786574458919 113
1786574459087 58
1786574459201 59
1786574459315 67
1786574459438 59
1786574459552 58
1786574459665 60
1786574459779 60
1786574459894 65
1786574460016 67
1786574460140 116
1786574460310 60
1786574460425 59
1786574460539 66
1786574460662 67
1786574460787 59
1786574460902 59
1786574461015 66
1786574461138 58
1786574461251 65
1786574461374 113
1786574461542 60
1786574461656 58
1786574461769 58
1786574461882 57
1786574461996 59
1786574462109 59
1786574462222 59
1786574462335 58
1786574462448 64
1786574462570 128
1786574462755 66
1786574462868 57
1786574462979 65
1786574463102 66
1786574463225 58
1786574463338 57
1786574463451 64
1786574463571 59
1786574463684 65
1786574463805 59
1786574463920 113
1786574464087 57
1786574464198 64
1786574464317 65
1786574464438 67
1786574464561 65
1786574464683 67
1786574464806 70
1786574464932 59
1786574465046 59
1786574465160 113
1786574465328 66
1786574465452 65
1786574465574 65
1786574465695 65
1786574465817 61
1786574465932 58
1786574466045 66
1786574466168 59
1786574466281 66
1786574466404 127
1786574466587 67
1786574466712 66
1786574466833 66
1786574466956 67
1786574467080 65
1786574467202 64
1786574467322 66
1786574467445 67
1786574467569 63
1786574467689 127
1786574467873 60
1786574467987 65
1786574468108 64
1786574468230 65
1786574468353 59
1786574468456 66
1786574468579 66
1786574468702 66
1786574468825 65
1786574468947 59
1786574469060 114
1786574469218 67
1786574469343 129
1786574469574 115
1786574469791 127
1786574470020 131
1786574470253 132
1786574470489 134
1786574470727 135
1786574470966 134
1786574471204 134
1786574471442 134
1786574471667 135
1786574474512 137
1786574474708 60
1786574474823 59
1786574474987 138
1786574475557 55
1786574476407 61
1786574478622 142
1786574478820 57
1786574478931 63
1786574479058 59
1786574479171 150
1786574479465 67
1786574479599 67
1786574479785 69
1786574479969 67
1786574480105 62
1786574480224 73
1786574480370 89
1786574480538 70
1786574480729 78
1786574481005 163
1786574481231 83
1786574481367 73
1786574481505 83
1786574481910 83
1786574482071 82
1786574482238 83
1786574482395 171
1786574482643 81
1786574482861 83
1786574483024 82
1786574483184 77
1786574483335 84
1786574484459 150
1786574484678 71
1786574484808 86
1786574485033 72
1786574485180 162
1786574485416 69
1786574485555 71
1786574485769 84
1786574488372 162
1786574488593 75
1786574488742 77
1786574488899 75
1786574489176 74
1786574489312 71
1786574489455 149
1786574489676 74
1786574489823 77
1786574489975 70
1786574490118 78
1786574490271 159
1786574490571 75
1786574490712 72
1786574490937 90
1786574491101 80
1786574491226 81
1786574491397 187
1786574491654 90
1786574491922 193
1786574492208 85
1786574492699 75
1786574492816 81
1786574492982 91
1786574493212 84
1786574494358 191
1786574494632 92
1786574494805 83
1786574494972 81
1786574495136 83
1786574495299 81
1786574495462 82
1786574495624 81
1786574495786 183
1786574496050 85
1786574496277 85
1786574496442 83
1786574496607 84
1786574496773 84
1786574496937 86
1786574497103 84
1786574497268 82
1786574497426 186
1786574497695 84
1786574497842 82
1786574497990 87
1786574498148 86
1786574498388 84
1786574498554 84
1786574498724 85
1786574498876 83
1786574499105 199
1786574499436 88
1786574499705 89
1786574499840 90
1786574500024 205
1786574500641 89
1786574502083 92
1786574502258 197
1786574502545 90
1786574502781 197
1786574503067 89
1786574503315 198
1786574503602 90
1786574503850 202
1786574504141 91
1786574504393 201
1786574504683 91
1786574504930 181
1786574505194 92
1786574505365 92
1786574505624 92
1786574505808 86
1786574505998 88
1786574506192 106
1786574506400 185
1786574506692 94
1786574507308 89
1786574510770 207
1786574512606 91
1786574512861 89
1786574513192 206
1786574513716 93
1786574515587 202
1786574515877 90
1786574516286 90
1786574516618 88
1786574517260 90
1786574517439 90
1786574517617 91
1786574517797 91
1786574517978 206
1786574518271 93
1786574518433 90
1786574518604 91
1786574518776 90
1786574518954 93
1786574519135 91
1786574519313 91
1786574519494 91
1786574519671 90
1786574519850 91
1786574520031 91
1786574520211 91
1786574520391 202
1786574520681 92
1786574520861 93
1786574521042 89
1786574521220 91
1786574521399 91
1786574521578 89
1786574521756 91
1786574521934 88
1786574522110 90
1786574522287 90
1786574522466 89
1786574522644 203
1786574522935 91
1786574523115 91
1786574523293 92
1786574523472 89
1786574523650 91
1786574523816 89
1786574523994 89
1786574524170 89
1786574524347 90
1786574524525 88
1786574524700 91
1786574524881 203
1786574525172 88
1786574525347 90
1786574525525 90
1786574525702 89
1786574525880 91
1786574526057 91
1786574526237 91
1786574526415 91
1786574526594 90
1786574526773 90
1786574526951 91
1786574527130 203
1786574527420 92
1786574527601 89
1786574527778 91
1786574527956 91
1786574528136 93
1786574528316 91
1786574528494 90
1786574528671 90
1786574528849 90
1786574529027 88
1786574529204 91
1786574529383 91
1786574529558 201
1786574529845 91
1786574530020 91
1786574530201 91
1786574530377 92
1786574530555 91
1786574530721 91
1786574530900 91
1786574531078 93
1786574531262 105
1786574531458 93
1786574534058 209
1786574535111 86
1786574537936 188
1786574538215 94
1786574538406 96
1786574538671 94
1786574538861 95
1786574539127 97
1786574539323 91
1786574539600 96
1786574539786 94
1786574540152 213
1786574540460 91
1786574541059 99
1786574541259 99
1786574541452 85
1786574547556 196
1786574547853 92
1786574548051 87
1786574548238 98
1786574551917 226
1786574552404 97
1786574552600 101
1786574552805 105
1786574553025 102
1786574553316 96
1786574553514 104
1786574557055 229
1786574557407 100
1786574557620 103
1786574557844 115
1786574567317 220
1786574567609 100
1786574567796 100
1786574567992 99
1786574568186 98
1786574568378 100
1786574568574 100
1786574568770 100
1786574568965 98
1786574569158 100
1786574569356 100
1786574569552 100
1786574569747 100
1786574569941 220
1786574570257 99
1786574570451 99
1786574570645 98
1786574570838 97
1786574571030 95
1786574571220 98
1786574571411 99
1786574571605 100
1786574571796 98
1786574571989 95
1786574572179 97
1786574572370 98
1786574572564 213
1786574572871 97
1786574573064 96
1786574573253 99
1786574573446 99
1786574573639 96
1786574573829 100
1786574574024 99
1786574574187 98
1786574574379 99
1786574574573 98
1786574574766 97
1786574574958 99
1786574575150 216
1786574575459 98
1786574575652 97
1786574575844 97
1786574576031 100
1786574576225 97
1786574576416 97
1786574576608 94
1786574576797 96
1786574576987 96
1786574577177 98
1786574577372 98
1786574577564 218
1786574577876 96
1786574578066 98
1786574578258 98
1786574578451 97
1786574578643 97
1786574578833 96
1786574579022 97
1786574579191 97
1786574579359 96
1786574579550 96
1786574579739 98
1786574579920 98
1786574586519 228
1786574586837 98
1786574587025 109
1786574587443 98
1786574587642 99
1786574587989 98
1786574588286 97
1786574588751 101
1786574588958 98
1786574589520 208
1786574589822 98
1786574590044 96
1786574596083 230
1786574596430 96
1786574596629 91
1786574596832 95
1786574600782 235
1786574601120 103
1786574601357 102
1786574601665 102
1786574601841 103
1786574605560 234
1786574605905 105
1786574606216 101
1786574616790 197
1786574617056 95
1786574617245 94
1786574617437 100
1786574617634 99
1786574617831 100
1786574618031 101
1786574618215 100
1786574618412 95
1786574618596 96
1786574618790 100
1786574618973 224
1786574619294 100
1786574619490 96
1786574619674 95
1786574619866 101
1786574620065 97
1786574620259 101
1786574620457 99
1786574620644 99
1786574620840 94
1786574621021 89
1786574621200 88
1786574621371 96
1786574621563 220
1786574621875 90
1786574622054 95
1786574622247 94
1786574622429 95
1786574622622 100
1786574622819 99
1786574623016 100
1786574623215 100
1786574623412 99
1786574623608 99
1786574623804 99
1786574624000 200
1786574624289 94
1786574624480 96
1786574624664 90
1786574624843 90
1786574625022 89
1786574625200 88
1786574625375 95
1786574625567 98
1786574625757 93
1786574625946 97
1786574626140 99
1786574626335 220
1786574626651 95
1786574626834 89
1786574627012 95
1786574627205 98
1786574627399 96
1786574627593 98
1786574627788 98
1786574627986 99
1786574628176 100
1786574628374 102
1786574628570 91
1786574628750 90
1786574628929 203
1786574629228 94
1786574629410 88
1786574629588 94
1786574629759 95
1786574629922 94
1786574630112 100
1786574630304 89
1786574630482 88
1786574630647 88
1786574630823 90
1786574630989 90
1786574631165 220
1786574631482 96
1786574631830 99
1786574638234 209
1786574638541 103
1786574638922 106
1786574639290 104
1786574639507 105
1786574639736 106
1786574640230 105
1786574640440 95
1786574640641 231
1786574641266 100
1786574641414 103
1786574641609 104
1786574641824 102
1786574642222 98
1786574647901 232
1786574648243 97
1786574648449 109
1786574648671 122
1786574652814 246
1786574653177 109
1786574653497 108
1786574653720 108
1786574657377 213
1786574657696 108
1786574657930 111
1786574668226 234
1786574668556 106
1786574668764 100
1786574668964 104
1786574669173 106
1786574669383 106
1786574669592 106
1786574669801 108
1786574670013 107
1786574670222 107
1786574670432 106
1786574670642 106
1786574670850 232
1786574671187 106
1786574671398 105
1786574671606 105
1786574671815 106
1786574672025 105
1786574672234 106
1786574672432 109
1786574672644 105
1786574672852 107
1786574673062 106
1786574673271 105
1786574673480 234
1786574673818 108
1786574674030 105
1786574674238 105
1786574674446 107
1786574674654 105
1786574674860 106
1786574675068 100
1786574675269 104
1786574675477 106
1786574675686 106
1786574675894 107
1786574676102 232
1786574676438 106
1786574676649 104
1786574676855 104
1786574677063 105
1786574677265 102
1786574677468 103
1786574677674 99
1786574677874 107
1786574678085 106
1786574678295 104
1786574678503 105
1786574678713 214
1786574679028 107
1786574679237 98
1786574679435 106
1786574679645 106
1786574679853 105
1786574680047 107
1786574680255 105
1786574680461 105
1786574680667 105
1786574680865 104
1786574681070 235
1786574681408 99
1786574681593 102
1786574688342 246
1786574688696 109
1786574689029 109
1786574689250 112
1786574689543 109
1786574689771 104
1786574690386 109
1786574690612 109
1786574691126 220
1786574691457 112
1786574691676 102
1786574693701 238
1786574694142 109
1786574696815 231
1786574697159 106
1786574698325 109
1786574698553 104
1786574698784 118
1786574702855 245
1786574703213 106
1786574703446 113
1786574703872 107
1786574707597 243
1786574707958 113
1786574708188 114
1786574717786 242
1786574718130 109
1786574718344 107
1786574718558 108
1786574718771 106
1786574718980 110
1786574719195 108
1786574719410 109
1786574719624 108
1786574719839 111
1786574720057 109
1786574720271 109
1786574720486 238
1786574720830 108
1786574721041 107
1786574721253 108
1786574721468 108
1786574721682 108
1786574721896 109
1786574722100 108
1786574722315 107
1786574722527 108
1786574722742 106
1786574722953 109
1786574723169 236
1786574723508 108
1786574723722 111
1786574723939 109
1786574724151 109
1786574724367 110
1786574724540 108
1786574724752 108
1786574724964 109
1786574725178 107
1786574725392 108
1786574725606 108
1786574725819 235
1786574726160 109
1786574726374 108
1786574726588 108
1786574726799 108
1786574727013 108
1786574727226 107
1786574727440 107
1786574727653 109
1786574727869 107
1786574728080 108
1786574728295 108
1786574728509 239
1786574728852 111
1786574729066 106
1786574729276 109
1786574729492 107
1786574729704 109
1786574729897 109
1786574730111 108
1786574730324 109
1786574730524 108
1786574736996 239
1786574737347 109
1786574737669 111
1786574737886 105
1786574738181 110
1786574738406 106
1786574739012 115
1786574739239 111
1786574739823 245
1786574740139 113
1786574740367 115
1786574746627 250
1786574747004 113
1786574747239 111
1786574751403 256
1786574751780 112
1786574752011 116
1786574752252 112
1786574755947 248
1786574756321 111
1786574767119 225
1786574767436 109
1786574767643 113
1786574767863 108
1786574768073 103
1786574768267 110
1786574768476 107
1786574768692 110
1786574768911 109
1786574769130 110
1786574769339 103
1786574769543 104
1786574769746 222
1786574770073 107
1786574770282 110
1786574770496 108
1786574770711 108
1786574770918 109
1786574771136 113
1786574771358 112
1786574771578 107
1786574771785 110
1786574772004 111
1786574772223 246
1786574772578 107
1786574772785 102
1786574772986 107
1786574773201 107
1786574773409 107
1786574773622 108
1786574773789 107
1786574774004 108
1786574774222 107
1786574774429 105
1786574774641 110
1786574774857 108
1786574775065 221
1786574775386 108
1786574775597 102
1786574775801 103
1786574776004 102
1786574776207 103
1786574776412 108
1786574776627 107
1786574776833 108
1786574777048 107
1786574777256 108
1786574777471 241
1786574777816 106
1786574778027 111
1786574778248 111
1786574778463 103
1786574778666 107
1786574778880 112
1786574779097 107
1786574779309 111
1786574779528 114
1786574779749 113
1786574779955 111
1786574780151 237
1786574780495 110
1786574780711 105
1786574780916 107
1786574781131 106
1786574781337 104
1786574781540 107
1786574788503 248
1786574789054 108
1786574789426 115
1786574789660 117
1786574790227 107
1786574790453 112
1786574790681 117
1786574791231 117
1786574791471 252
1786574796475 251
1786574797789 113
1786574798025 115
1786574798263 114
1786574798505 114
1786574802471 235
1786574802823 108
1786574803057 114
1786574803377 114
1786574803612 114
1786574807327 244
1786574807682 108
1786574807905 111
1786574818415 248
1786574818775 109
1786574818996 113
1786574819222 111
1786574819444 112
1786574819667 113
1786574819893 113
1786574820115 115
1786574820343 111
1786574820561 112
1786574820781 110
1786574821005 114
1786574821228 248
1786574821588 112
1786574821808 110
1786574822031 112
1786574822255 110
1786574822476 111
1786574822701 112
1786574822926 111
1786574823149 109
1786574823370 109
1786574823590 112
1786574823814 114
1786574824038 249
1786574824401 112
1786574824627 112
1786574824849 114
1786574825075 114
1786574825300 112
1786574825525 112
1786574825749 110
1786574825970 112
1786574826194 110
1786574826416 110
1786574826639 111
1786574826861 246
1786574827218 111
1786574827436 107
1786574827650 107
1786574827864 106
1786574828077 105
1786574828289 106
1786574828503 107
1786574828715 107
1786574828930 110
1786574829151 103
1786574829362 112
1786574829581 233
1786574829920 106
1786574830137 112
1786574830361 109
1786574830576 107
1786574830788 108
1786574831009 109
1786574831226 105
1786574831438 106
1786574831650 106
1786574831827 109
1786574832050 109
1786574832266 234
1786574832609 108
1786574839270 247
1786574839631 116
1786574839943 109
1786574840166 114
1786574840477 114
1786574840720 115
1786574841288 117
1786574841530 114
1786574842175 256
1786574842543 112
1786574848887 245
1786574849259 116
1786574853260 264
1786574853646 120
1786574853891 118
1786574854130 114
1786574854378 124
1786574854615 114
1786574858375 260
1786574858774 120
1786574859021 118
1786574869024 257
1786574869385 118
1786574869615 117
1786574869847 114
1786574870071 114
1786574870295 115
1786574870524 118
1786574870755 116
1786574870984 116
1786574871215 117
1786574871447 118
1786574871679 116
1786574871909 256
1786574872278 116
1786574872508 115
1786574872739 117
1786574872970 116
1786574873200 116
1786574873431 117
1786574873660 115
1786574873891 118
1786574874124 118
1786574874355 118
1786574874585 117
1786574874816 258
1786574875186 117
1786574875416 116
1786574875645 115
1786574875873 115
1786574876100 117
1786574876330 115
1786574876559 117
1786574876789 114
1786574877016 113
1786574877241 113
1786574877468 115
1786574877697 255
1786574878065 117
1786574878294 113
1786574878520 119
1786574878753 118
1786574878984 116
1786574879214 116
1786574879442 119
1786574879674 116
1786574879903 117
1786574880133 115
1786574880362 118
1786574880593 253
1786574880958 114
1786574881182 116
1786574881408 115
1786574881633 117
1786574881863 117
1786574882086 114
1786574882397 117
1786574888705 233
1786574889053 118
1786574889472 117
1786574889880 109
1786574890102 118
1786574890760 120
1786574891002 120
1786574891579 259
1786574891965 110
1786574898015 256
1786574898369 119
1786574898614 129
1786574898865 119
1786574902989 272
1786574903388 114
1786574903708 118
1786574903951 121
1786574907682 257
1786574917466 257
1786574917827 118
1786574918060 117
1786574918291 117
1786574918523 118
1786574918756 118
1786574918989 117
1786574919220 118
1786574919428 118
1786574919661 119
1786574919896 118
1786574920129 119
1786574920362 257
1786574920733 119
1786574920969 119
1786574921203 118
1786574921435 117
1786574921666 122
1786574921902 120
1786574922137 119
1786574922370 119
1786574922599 115
1786574922827 120
1786574923064 118
1786574923296 251
1786574923661 117
1786574923892 118
1786574924125 118
1786574924359 112
1786574924581 119
1786574924815 119
1786574925049 121
1786574925283 116
1786574925515 116
1786574925743 113
1786574925972 120
1786574926206 255
1786574926576 117
1786574926807 116
1786574927036 117
1786574927266 116
1786574927497 115
1786574927725 117
1786574927957 117
1786574928187 117
1786574928419 117
1786574928650 117
1786574928881 119
1786574929112 256
1786574929465 117
1786574929693 118
1786574929921 116
1786574930145 116
1786574930373 117
1786574930598 118
1786574937315 260
1786574937690 119
1786574938038 110
1786574938455 122
1786574939128 109
1786574939359 119
1786574939604 122
1786574940192 234
1786574940551 119
1786574946748 253
1786574947139 120
1786574947383 118
1786574951416 264
1786574951807 125
1786574952053 122
1786574952410 124
1786574952680 122
1786574956195 241
1786574956557 123
1786574956801 110
1786574967062 269
1786574967434 120
1786574967674 123
1786574967915 122
1786574968155 120
1786574968393 122
1786574968630 117
1786574968865 120
1786574969104 122
1786574969345 122
1786574969585 121
1786574969798 120
1786574970036 259
1786574970413 122
1786574970653 120
1786574970887 118
1786574971120 120
1786574971358 122
1786574971597 121
1786574971834 122
1786574972073 122
1786574972312 122
1786574972554 120
1786574972792 121
1786574973031 253
1786574973398 118
1786574973628 120
1786574973864 121
1786574974103 120
1786574974342 120
1786574974577 121
1786574974816 123
1786574975058 120
1786574975297 121
1786574975535 120
1786574975773 120
1786574976011 263
1786574976390 121
1786574976629 122
1786574976868 119
1786574977103 120
1786574977341 119
1786574977577 122
1786574977815 119
1786574978051 123
1786574978291 120
1786574978528 121
1786574978767 123
1786574979008 264
1786574979389 121
1786574979622 119
1786574979832 115
1786574980042 117
1786574980276 121
1786574980514 121
1786574980859 123
1786574987466 268
1786574987924 122
1786574988190 119
1786574988625 123
1786574988885 119
1786574989462 125
1786574989717 118
1786574990435 243
1786574990797 120
1786574996885 266
1786574997261 126
1786574997514 117
1786575001504 270
1786575001872 125
1786575002092 122
1786575002345 121
1786575002747 123
1786575006290 243
1786575006662 128
1786575006918 127
1786575017757 245
1786575018103 114
1786575018326 115
1786575018555 121
1786575018793 117
1786575019018 116
1786575019247 115
1786575019471 116
1786575019705 118
1786575019936 119
1786575020170 116
1786575020395 238
1786575020741 114
1786575020967 116
1786575021191 119
1786575021425 119
1786575021659 118
1786575021888 120
1786575022124 120
1786575022359 119
1786575022593 116
1786575022817 113
1786575023039 259
1786575023414 117
1786575023644 118
1786575023877 117
1786575024108 118
1786575024340 118
1786575024548 116
1786575024777 115
1786575024991 119
1786575025224 117
1786575025454 119
1786575025688 120
1786575025929 268
1786575026318 120
1786575026553 120
1786575026791 125
1786575027034 114
1786575027256 111
1786575027478 118
1786575027709 118
1786575027940 117
1786575028173 117
1786575028408 118
1786575028639 118
1786575028873 254
1786575029239 117
1786575029439 117
1786575029669 118
1786575029901 116
1786575030131 113
1786575030351 114
1786575030562 117
1786575030789 117
1786575031006 113
1786575031213 114
1786575031423 119
1786575031653 240
1786575032003 115
1786575032231 119
1786575032465 118
1786575032696 119
1786575033110 113
1786575039631 249
1786575040001 125
1786575040368 120
1786575040612 122
1786575040965 120
1786575041666 120
1786575041912 119
1786575042591 269
1786575042986 122
1786575059430 285
1786575059848 119
1786575060088 118
1786575060324 120
1786575060797 131
