1786574390992 16516 18
1786574391238 22796 16
1786574391314 82992 14
1786574391388 169524 15
1786574391569 182136 16
1786574391878 244180 16
1786574391954 248380 16
1786574392024 251468 14
1786574392585 253844 15
1786574399993 255156 15
1786574400315 255284 15
1786574400635 256708 14
1786574400947 256984 19
1786574401350 257236 15
1786574401733 258468 15
1786574402096 260140 16
1786574402471 260176 18
1786574402879 261608 16
1786574403275 261660 16
1786574403679 263344 17
1786574404081 263388 15
1786574404481 264832 16
1786574404872 264852 16
1786574405236 266536 15
1786574405581 266576 17
1786574405983 268008 17
1786574406349 269604 16
1786574406683 269704 16
1786574407084 271052 16
1786574407433 271176 15
1786574407749 272600 16
1786574408155 272888 16
1786574408498 274240 16
1786574408848 274364 16
1786574409194 276028 16
1786574409546 276068 19
1786574409988 277500 17
1786574410366 277556 17
1786574410783 279232 17
1786574411184 279276 17
1786574411670 280736 17
1786574412058 282408 19
1786574412486 282452 17
1786574412847 283864 18
1786574413231 283916 17
1786574413636 285596 18
1786574414042 285640 20
1786574414535 287084 17
1786574414936 288752 21
1786574415419 288808 18
1786574415920 290268 18
1786574416296 291944 18
1786574416686 291984 18
1786574417087 293436 17
1786574417504 293452 18
1786574417919 295140 18
1786574418317 296496 17
1786574418688 296624 18
1786574419062 298296 20
1786574419487 298340 19
1786574419897 299804 18
1786574420296 299820 18
1786574420728 301504 18
1786574421137 302856 18
1786574421514 302992 19
1786574421993 304672 20
1786574422429 304720 20
1786574422905 306164 18
1786574423278 307840 18
1786574423718 307884 19
1786574424205 309348 19
1786574424635 310952 20
1786574425048 311064 21
1786574425598 312532 18
1786574425989 312556 20
1786574426410 314248 20
1786574426860 315680 21
1786574427333 315736 20
1786574427769 317428 19
1786574428163 318780 20
1786574428659 318920 21
1786574429110 320612 21
1786574429577 322016 21
1786574430032 322100 21
1786574430472 323784 20
1786574430910 325148 21
1786574431410 325284 22
1786574431891 326976 20
1786574432319 337188 23
1786574432415 352084 22
1786574432506 362020 24
1786574432601 372372 24
1786574432696 382308 24
1786574432791 397296 24
1786574432886 407196 23
1786574432978 417364 25
1786574433074 432060 23
1786574433169 442408 23
1786574433262 455672 23
1786574433359 467248 24
1786574433459 482036 26
1786574433558 492392 24
1786574433660 507748 25
1786574433761 542692 25
1786574433875 595568 26
1786574433991 660156 28
1786574434116 723324 29
1786574434235 782804 30
1786574434358 825288 29
1786574434478 866288 30
1786574434601 905720 30
1786574434731 947788 34
1786574434859 993608 32
1786574434994 1059280 32
1786574435126 1177524 33
1786574435260 1371308 35
1786574435408 1632420 35
1786574435564 1686616 35
1786574436116 1708592 38
1786574436450 1735848 37
1786574436747 1760836 38
1786574436986 1779840 39
1786574437317 1806588 35
1786574437517 1847120 34
1786574437668 1887460 39
1786574437819 1933436 37
1786574437970 1979192 38
1786574438125 2024308 38
1786574438283 2070260 40
1786574438439 2113248 39
1786574438593 2151320 38
1786574438712 2180376 41
1786574438887 2218612 40
1786574439019 2248952 37
1786574439184 2288484 43
1786574439328 2318824 40
1786574439869 2373864 44
1786574440054 2590820 50
1786574440245 2974732 45
1786574440568 3009548 52
1786574440728 3312500 50
1786574440925 3557452 52
1786574441215 3606604 53
1786574441378 3949932 51
1786574441578 4139660 55
1786574442762 4168332 47
1786574443013 4215436 47
1786574443305 4387036 50
1786574443512 4646444 55
1786574443728 4844404 55
1786574444927 4865148 49
1786574446001 4865564 53
1786574446512 4934688 54
1786574446846 5004476 57
1786574447224 5068196 47
1786574447542 5137968 56
1786574447994 5229900 52
1786574448375 5301736 57
1786574448700 5367420 56
1786574449138 5457548 56
1786574449553 5535548 55
1786574449888 5604192 51
1786574450313 5694508 50
1786574450693 5765136 49
1786574451009 5830820 58
1786574451462 5923188 57
1786574451843 5986444 50
1786574452152 6050076 59
1786574452558 6123968 50
1786574452880 6195172 58
1786574453280 6267016 48
1786574453594 6330648 53
1786574453981 6396468 51
1786574454307 6464208 52
1786574454692 6531940 51
1786574455007 6597628 55
1786574455392 6769928 50
1786574455596 6977956 53
1786574455793 7173664 53
1786574456001 7428068 53
1786574456210 7691124 55
1786574456424 7927180 55
1786574456637 8218784 62
1786574456865 8456192 63
1786574457094 8665496 63
1786574457323 8930420 63
1786574457655 9029892 57
1786574458919 9041180 56
1786574460140 9041628 57
1786574461374 9042064 55
1786574462570 9042492 62
1786574463920 9042960 56
1786574465160 9043404 56
1786574466404 9043844 62
1786574467689 9044304 63
1786574469060 9044784 56
1786574469343 9252008 63
1786574469574 9485824 57
1786574469791 9712984 66
1786574470020 9946856 66
1786574470253 10177340 67
1786574470489 10409164 67
1786574470727 10642792 69
1786574470966 10874612 68
1786574471204 11107212 69
1786574471442 11341084 69
1786574471667 11485068 74
1786574474512 11514772 78
1786574474987 11637540 79
1786574478622 11643356 81
1786574479171 11802612 84
1786574481005 11902752 86
1786574482395 12041456 87
1786574484459 12103716 78
1786574485180 12257792 90
1786574488372 12369192 93
1786574489455 12493864 82
1786574490271 12644624 84
1786574491397 12793404 99
1786574491922 12976324 101
1786574494358 13019984 101
1786574495786 13156860 102
1786574497426 13324808 102
1786574499105 13561804 107
1786574500024 13710336 113
1786574502258 13901816 107
1786574502781 14208800 108
1786574503315 14531648 110
1786574503850 14867040 112
1786574504393 15199352 111
1786574504930 15445384 99
1786574506400 15613164 102
1786574510770 15628904 114
1786574513192 15628940 113
1786574515587 15628972 111
1786574517978 15630016 113
1786574520391 15668192 112
1786574522644 15669064 111
1786574524881 15669880 111
1786574527130 15670740 113
1786574529558 15671716 110
1786574534058 15677760 115
1786574537936 15686532 106
1786574540152 15714616 117
1786574547556 15806984 107
1786574551917 15875452 125
1786574557055 15962128 125
1786574567317 16024676 123
1786574569941 16053736 122
1786574572564 16054744 122
1786574575150 16055692 119
1786574577564 16056608 119
1786574586519 16065656 128
1786574589520 16094912 110
1786574596083 16148028 126
1786574600782 16201464 129
1786574605560 16259560 126
1786574616790 16314408 107
1786574618973 16334324 124
1786574621563 16335196 120
1786574624000 16336004 109
1786574626335 16336780 121
1786574628929 16337640 107
1786574631165 16341244 118
1786574638234 16349884 115
1786574640641 16368284 125
1786574647901 16402900 124
1786574652814 16446836 136
1786574657377 16478488 113
1786574668226 16507940 126
1786574670850 16527884 126
1786574673480 16528828 127
1786574676102 16529768 126
1786574678713 16530712 116
1786574681070 16534200 127
1786574688342 16542604 136
1786574691126 16560740 118
1786574693701 16649080 129
1786574696815 16657404 127
1786574702855 16702544 134
1786574707597 16731520 132
1786574717786 16758872 130
1786574720486 16766432 128
1786574723169 16767444 127
1786574725819 16768416 127
1786574728509 16769416 129
1786574736996 16780020 130
1786574739823 16801492 130
1786574746627 16815536 133
1786574751403 16845908 140
1786574755947 16857480 133
1786574767119 16859772 122
1786574769746 16888976 117
1786574772223 16889812 132
1786574775065 16890756 117
1786574777471 16891584 129
1786574780151 16893352 126
1786574788503 16905880 137
1786574791471 16937404 137
1786574796475 16942844 134
1786574802471 16972608 129
1786574807327 16996048 132
1786574818415 17005104 134
1786574821228 17006000 138
1786574824038 17006952 135
1786574826861 17007904 134
1786574829581 17008824 126
1786574832266 17012696 127
1786574839270 17018108 135
1786574842175 17038720 136
1786574848887 17063032 130
1786574853260 17068852 141
1786574858375 17097596 140
1786574869024 17103748 138
1786574871909 17122396 138
1786574874816 17123456 136
1786574877697 17124516 137
1786574880593 17126212 137
1786574888705 17137540 126
1786574891579 17154248 138
1786574898015 17160056 135
1786574902989 17180676 149
1786574907682 17200140 136
1786574917466 17202012 137
1786574920362 17220540 137
1786574923296 17221620 136
1786574926206 17222680 138
1786574929112 17224364 138
1786574937315 17235732 140
1786574940192 17253216 124
1786574946748 17277332 135
1786574951416 17283196 143
1786574956195 17292020 127
1786574967062 17302156 141
1786574970036 17312008 138
1786574973031 17313068 137
1786574976011 17314132 141
1786574979008 17315724 140
1786574987466 17324608 147
1786574990435 17351172 130
1786574996885 17360264 140
1786575001504 17374340 145
1786575006290 17389764 127
1786575017757 17393192 129
1786575020395 17409936 126
1786575023039 17410820 136
1786575025929 17411800 143
1786575028873 17412788 135
1786575031653 17415572 125
1786575039631 17425272 134
1786575042591 17464984 142
1786575059430 17493544 156
