1785369566847 776
1785369567664 885
1785369568587 913
1785369569538 868
1785369570446 883
1785369571368 887
1785369572295 821
1785369573156 758
1785369573954 757
1785369574753 780
1785369575576 752
1785369576370 780
1785369577192 742
1785369577976 756
1785369578774 751
1785369579567 757
1785369580365 759
1785369581169 758
1785369581972 773
1785369582792 749
1785369583585 567
1785369584198 451
1785369587499 151
1785369587686 26
1785369587747 28
1785369587811 27
1785369587873 27
1785369587934 28
1785369587996 27
1785369588057 26
1785369588116 27
1785369588178 27
1785369588239 31
1785369588308 28
1785369588372 157
1785369588564 27
1785369588628 33
1785369588723 35
1785369588854 35
1785369588952 34
1785369589051 40
1785369589158 37
1785369589233 38
1785369589309 37
1785369589389 43
1785369589472 46
1785369589562 183
1785369589794 54
1785369589894 62
1785369589993 57
1785369590182 56
1785369590329 58
1785369590437 58
1785369590807 60
1785369591133 57
1785369591322 56
1785369591426 58
1785369591532 57
1785369591639 57
1785369591745 57
1785369591850 58
1785369591997 57
1785369592102 74
1785369592225 69
1785369592354 223
1785369592632 58
1785369595136 62
1785369595249 71
1785369595356 209
1785369595621 84
1785369595764 85
1785369596063 72
1785369596999 49
1785369597264 52
1785369603031 264
1785369603501 96
1785369603788 92
1785369603950 98
1785369604606 99
1785369605076 93
1785369610836 258
1785369611167 97
1785369611342 106
1785369611590 106
1785369611968 107
1785369612152 109
1785369612793 108
1785369613237 108
1785369626074 226
1785369626367 66
1785369626627 61
1785369626877 63
1785369627502 67
1785369627883 64
1785369628647 63
1785369629217 57
1785369629651 214
1785369633441 225
1785369634235 63
1785369634548 61
1785369635567 55
1785369636054 65
1785369636438 61
1785369640401 228
1785369641241 55
1785369641521 52
1785369642353 63
1785369642543 68
1785369647301 210
1785369648114 57
1785369648230 52
1785369648449 57
1785369648568 54
1785369649454 68
1785369654753 210
1785369655619 55
1785369655847 53
1785369655963 54
1785369656816 55
