# timestamp_ms rss_kb
1785449461389 255836
1785449461822 261508
1785449462155 266920
1785449462413 279980
1785449462766 285732
1785449462953 293804
1785449463070 358544
1785449463193 452920
1785449463322 498320
1785449463449 539140
1785449463580 580664
1785449463712 606532
1785449463848 628764
1785449464092 649560
1785449464234 670664
1785449464369 691636
1785449464614 705492
1785449464731 721400
1785449464868 739032
1785449465206 755744
1785449465312 772364
1785449465446 791220
1785449465594 858264
1785449465745 916000
1785449465895 960332
1785449466049 983824
1785449466207 1017256
1785449466356 1043248
1785449466517 1073504
1785449466669 1098116
1785449467101 1132972
1785449467447 1174504
1785449470755 1246748
1785449470890 1553948
1785449471024 1629724
1785449471159 1741776
1785449471296 1942480
1785449471703 2012856
1785449471837 2215608
1785449471970 2382084
1785449472220 2476504
1785449476572 2484384 (true peak, below trigger threshold; snapshot is in peaks/peak.smaps)
