1785449461389 60
1785449461504 35
1785449461580 31
1785449461653 32
1785449461728 51
1785449461822 33
1785449461909 32
1785449461982 33
1785449462055 55
1785449462155 33
1785449462240 55
1785449462338 33
1785449462413 53
1785449462519 32
1785449462593 31
1785449462666 57
1785449462766 33
1785449462854 56
1785449462953 60
1785449463070 59
1785449463193 62
1785449463322 62
1785449463449 63
1785449463580 67
1785449463712 68
1785449463848 64
1785449463979 67
1785449464092 74
1785449464234 65
1785449464369 67
1785449464504 62
1785449464614 46
1785449464731 69
1785449464868 65
1785449465002 66
1785449465118 40
1785449465206 37
1785449465312 66
1785449465446 70
1785449465594 75
1785449465745 70
1785449465895 76
1785449466049 75
1785449466207 70
1785449466356 75
1785449466517 73
1785449466669 82
1785449466833 78
1785449467101 69
1785449467241 39
1785449467331 67
1785449467447 64
1785449467581 38
1785449467669 39
1785449467760 39
1785449467850 39
1785449467939 66
1785449468053 41
1785449470755 70
1785449470890 67
1785449471024 69
1785449471159 71
1785449471296 70
1785449471703 68
1785449471837 67
1785449471970 71
1785449472107 70
1785449472220 67
1785449476381 74
1785449476572 41
