1790758922420 13107132 118
1790758923216 14817212 116
1790758924125 16920508 117
1790758925034 19013564 115
1790758925927 21108668 117
1790758926852 23209916 119
1790758927740 25337788 122
1790758928613 27434940 161
1790758929443 29534140 119
1790758930238 31616956 118
1790758931043 33734588 120
1790758931812 35817404 119
1790758932624 37910460 119
1790758933400 40021948 125
1790758934221 42121148 150
1790758935054 44224444 121
1790758935855 46329788 121
1790758936643 48422844 121
1790758937433 50503612 125
1790758938235 52602812 121
1790758939030 54697916 127
1790758942940 55115356 120
1790758943826 55671384 126
1790758944790 56267824 129
1790758947453 56553424 133
1790758950269 56604272 144
1790758957715 56945948 144
1790758964717 57016636 152
1790758979539 57199172 152
1790758982625 57365180 150
1790758986700 57371968 151
1790758992989 57429312 152
1790758999527 57488704 152
1790759005952 57546048 147
1790759026976 57857120 144
