1785220405962 11760 11
1785220406107 127532 15
1785220406275 265900 21
1785220406460 420820 18
1785220406660 589196 25
1785220446506 614280 12
1785220470402 641288 13
1785220470593 673820 13
1785220493718 688220 15
1785220493933 733480 13
1785220517094 763456 14
1785220517293 792816 13
1785220539671 819996 15
1785220539870 852252 11
1785220562954 885036 14
1785220563158 911988 15
1785220586371 945788 15
1785220586584 971496 13
1785220609051 1007720 15
1785220609335 1030836 15
1785220632748 1038368 17
1785220632924 1086644 15
1785220633132 1090344 15
1785220657512 1132340 20
1785220657731 1149820 13
1785220681205 1196544 15
1785220681420 1209308 15
1785224470468 8528 33
1785224470632 132188 47
1785224470893 350544 26
1785224471208 618148 30
1785224545235 621640 23
1785224545415 666340 20
1785224545615 667972 20
1785224546048 673616 22
1785224573543 679156 85
1785224573788 727548 24
1785224574374 732988 20
1785224601864 766040 22
1785224602072 786948 22
1785224602546 790628 23
1785224602729 792524 22
1785224631272 801048 26
1785224631458 846480 21
1785224632050 849152 28
1785224632235 852128 23
1785224660049 854088 43
1785224660256 906068 21
1785224660863 911576 23
1785224688265 933940 26
1785224688483 965564 24
1785224688963 966164 32
1785224689162 971300 24
1785224715465 985132 29
1785224715696 1025264 24
1785224716048 1025268 23
1785224716236 1030808 25
1785224743375 1046344 25
1785224743596 1084768 25
1785224744091 1088216 26
1785224744287 1090168 25
1785224771989 1103300 25
1785224772186 1144072 24
1785224772815 1149652 25
1785224800591 1152132 27
1785224800925 1160556 25
1785224801125 1209172 27
