1787189530173 51
1787189530425 42
1787189530502 42
1787189530579 42
1787189530956 43
1787189531035 43
1787189553326 51
1787189553405 29
1787189553507 28
1787189553564 27
1787189553619 28
1787189553677 27
1787189553753 31
1787189553836 49
1787189553935 29
1787189554013 29
1787189554070 28
1787189554128 28
1787189554185 29
1787189554243 46
1787189554316 29
1787189554418 27
1787189554497 27
1787189554574 26
1787189554651 48
1787189554750 29
1787189554828 26
1787189554885 28
1787189554985 27
1787189555062 27
1787189555140 50
1787189555219 26
1787189555274 26
1787189555331 26
1787189555409 29
1787189555488 27
1787189555567 27
1787189555623 50
1787189555724 28
1787189555846 28
1787189555927 28
1787189556006 28
1787189556087 51
1787189556166 27
1787189556245 30
1787189556304 28
1787189556416 28
1787189556474 26
1787189556530 27
1787189556586 50
1787189556687 30
1787189556768 26
1787189556823 27
1787189556880 27
1787189556936 28
1787189557018 28
1787189557075 49
1787189557153 27
1787189557208 25
1787189557388 27
1787189557444 27
1787189557521 48
1787189557618 28
1787189557696 31
1787189557756 29
1787189557813 28
1787189557894 29
1787189557973 50
1787189558075 27
1787189558130 27
1787189558186 27
1787189558242 28
1787189558322 31
1787189558404 50
1787189558484 29
1787189558542 27
1787189558615 27
1787189558671 30
1787189558795 28
1787189558875 50
1787189558976 29
1787189559056 28
1787189559135 28
1787189559192 28
1787189559249 29
1787189559316 51
1787189559418 30
1787189559499 28
1787189559579 30
1787189559660 29
1787189559719 30
1787189559778 51
1787189559860 30
1787189559941 28
1787189559998 30
1787189560058 28
1787189560133 29
1787189560191 29
1787189560361 50
1787189560441 26
1787189560519 28
1787189560600 26
1787189560676 27
1787189560734 29
1787189560838 52
1787189560919 27
1787189560975 27
1787189561053 27
1787189561108 30
1787189561189 28
1787189561246 28
1787189561303 29
1787189561384 55
1787189561467 28
1787189561525 30
1787189561584 28
1787189561641 26
1787189561827 27
1787189561903 48
1787189562002 26
1787189562079 27
1787189562136 27
1787189562193 29
1787189562250 29
1787189562339 51
1787189562441 25
1787189562517 26
1787189562571 27
1787189562651 28
1787189562729 28
1787189562807 50
1787189562885 28
1787189562944 33
1787189563007 31
1787189563068 28
1787189563124 28
1787189563182 52
1787189563262 29
1787189563322 28
1787189563378 28
1787189563445 52
1787189563525 28
1787189563582 25
1787189563636 26
1787189563692 26
1787189563748 49
1787189563826 27
1787189563882 26
1787189563937 25
1787189563999 56
1787189564085 27
1787189564142 49
1787189564228 51
1787189564309 49
1787189564395 56
1787189564480 28
1787189564546 54
1787189564629 27
1787189564685 52
1787189564775 28
1787189564834 51
1787189564915 50
1787189565005 54
1787189565097 56
1787189565350 29
1787189565857 53
1787189566099 54
1787189566182 51
1787189566272 55
1787189566367 56
1787189567266 55
1787189567353 52
1787189567445 56
1787189567542 59
1787189568436 57
1787189568524 55
1787189568607 56
1787189568704 59
1787189569631 61
1787189569721 58
1787189569825 61
1787189569933 61
1787189570830 59
1787189570936 61
1787189571030 59
1787189571140 64
1787189572039 62
1787189572134 61
1787189572229 61
1787189572339 65
1787189573278 66
1787189573373 66
1787189573474 67
1787189573585 68
1787189574516 66
1787189574611 36
1787189574684 68
1787189574807 69
1787189575718 69
1787189575825 36
1787189575889 68
1787189576015 71
1787189576940 73
1787189577040 38
1787189577106 72
1787189577236 74
1787189578168 76
1787189578283 40
1787189578366 74
1787189578489 75
1787189578799 41
1787189578883 78
1787189579004 39
1787189579085 75
1787189579222 40
1787189579305 76
1787189579423 40
1787189579528 77
1787189579632 43
1787189579717 77
1787189579859 42
1787189579945 77
1787189580065 43
1787189580174 79
1787189580298 44
1787189580386 79
1787189580531 79
1787189580679 83
1787189580832 87
1787189580995 88
1787189581161 90
1787189581329 90
1787189581500 92
1787189581650 94
1787189581828 97
1787189582008 98
1787189582191 98
1787189582377 102
1787189582569 101
1787189582763 55
1787189582875 100
1787189584332 107
1787189584637 105
1787189584831 111
1787189585095 105
1787189585292 109
1787189585554 106
1787189585753 111
1787189586016 107
1787189586215 110
1787189586464 55
1787189586575 109
1787189586918 108
1787189587115 110
1787189587380 110
1787189587579 108
1787189587841 109
1787189588045 111
1787189588310 109
1787189588508 110
1787189588771 111
1787189588972 110
1787189589239 108
1787189589439 57
1787189589653 111
1787189589855 56
1787189590068 113
1787189590420 56
1787189590532 59
1787189590648 109
1787189590813 57
1787189590961 116
1787189591132 55
1787189591279 113
1787189591447 55
1787189591592 111
1787189591760 55
1787189591909 116
1787189592082 55
1787189592228 112
1787189592397 55
1787189592509 113
1787189592711 112
1787189592880 56
1787189592994 110
1787189593196 111
1787189593398 115
1787189594820 116
1787189594991 54
1787189595101 113
1787189595271 54
1787189595419 115
1787189595590 58
1787189595706 112
1787189595909 57
1787189596024 116
1787189596195 54
1787189596341 334
1787189596729 56
1787189596842 113
1787189597046 55
1787189597158 115
1787189597329 55
1787189597477 115
1787189597648 53
1787189597757 113
1787189597962 59
1787189598079 115
1787189598249 55
1787189598362 114
1787189598570 56
1787189598682 112
1787189598851 53
1787189598961 115
1787189599167 58
1787189599282 113
1787189599451 56
1787189599565 114
1787189599775 56
1787189599890 118
1787189600064 57
1787189600180 117
1787189600389 55
1787189600500 116
1787189600673 55
1787189600786 117
1787189600996 56
1787189601109 118
1787189601285 55
1787189601398 55
1787189601546 118
1787189601719 57
1787189601832 56
1787189601945 116
1787189602153 57
1787189602267 119
1787189602443 58
1787189602560 55
1787189602710 119
1787189602886 55
1787189602999 56
1787189603112 116
1787189603319 56
1787189603431 116
1787189603603 57
1787189603716 57
1787189603865 118
1787189604039 117
1787189604250 119
1787189604463 119
1787189604674 121
1787189604888 122
1787189605104 122
1787189605322 125
1787189605542 123
1787189605760 124
1787189605979 127
1787189606164 59
1787189606282 57
1787189606436 58
1787189606553 57
1787189606669 58
1787189606785 59
1787189606904 58
1787189607020 58
1787189607138 58
1787189607255 59
1787189607375 53
1787189607487 125
1787189607669 58
1787189607786 58
1787189607904 60
1787189608024 58
1787189608142 57
1787189608258 57
1787189608375 57
1787189608491 58
1787189608607 57
1787189608723 57
1787189608839 58
1787189608956 126
1787189609140 58
1787189609256 58
1787189609372 56
1787189609487 57
1787189609602 56
1787189609717 56
1787189609832 56
1787189609946 57
1787189610062 58
1787189610177 59
1787189610296 58
1787189610412 124
1787189610595 58
1787189610712 57
1787189610827 59
1787189610944 59
1787189611061 57
1787189611178 58
1787189611294 58
1787189611411 58
1787189611527 58
1787189611644 57
1787189611760 59
1787189611877 124
1787189612059 57
1787189612174 56
1787189612290 56
1787189612405 58
1787189612521 57
1787189612637 56
1787189612751 57
1787189612868 56
1787189612983 59
1787189613101 59
1787189613217 58
1787189613333 124
1787189613515 56
1787189613629 57
1787189613747 59
1787189613865 58
1787189613982 58
1787189614099 58
1787189614215 58
1787189614331 56
1787189614446 59
1787189614564 58
1787189614681 59
1787189614799 124
1787189614981 57
1787189615097 57
1787189615212 57
1787189615328 57
1787189615444 56
1787189615559 58
1787189615675 57
1787189615791 55
1787189615906 58
1787189616024 57
1787189616140 58
1787189616256 128
1787189616442 57
1787189616557 59
1787189616676 58
1787189616792 57
1787189616909 57
1787189617025 57
1787189617141 56
1787189617256 57
1787189617371 56
1787189617486 126
1787189617669 125
1787189617890 126
1787189618111 128
1787189618334 127
1787189618557 131
1787189618786 131
1787189619013 131
1787189619245 129
1787189619473 130
1787189619701 131
1787189619927 64
1787189620057 165
1787189620284 91
1787189620439 62
1787189620612 142
1787189620819 64
1787189620949 62
1787189621077 66
1787189621208 64
1787189621395 144
1787189621662 68
1787189621796 68
1787189623729 149
1787189623998 69
1787189624136 152
1787189624359 68
1787189624498 69
1787189624638 154
1787189624912 93
1787189625075 94
1787189625541 95
1787189625705 67
1787189628484 153
1787189628703 71
1787189628843 69
1787189628984 158
1787189629181 99
1787189629443 74
1787189629607 72
1787189629749 163
1787189629957 74
1787189630175 78
1787189630327 68
1787189630461 72
1787189630590 76
1787189630737 71
1787189630886 76
1787189631043 79
1787189631347 67
1787189631459 71
1787189631578 71
1787189631698 170
1787189631952 77
1787189632256 77
1787189632427 79
1787189632594 69
1787189632748 80
1787189632977 83
1787189633110 74
1787189633256 171
1787189633482 79
1787189633616 78
1787189642318 174
1787189642568 171
1787189646465 174
1787189646717 75
1787189646868 77
1787189647023 74
1787189647256 173
1787189675425 176
1787189675680 67
1787189675843 71
1787189675993 70
1787189676245 81
1787189676407 82
1787189676569 84
1787189676736 190
1787189677006 82
1787189677232 83
1787189677397 85
1787189677556 183
1787189677818 80
1787189677946 82
1787189678117 83
1787189678279 86
1787189678455 94
1787189678664 196
1787189678905 88
1787189679168 195
1787189679471 88
1787189679638 88
1787189680110 78
1787189680263 76
1787189680416 88
1787189680709 79
1787189681880 163
1787189682122 87
1787189682301 88
1787189682479 88
1787189682725 120
1787189682935 120
1787189683145 231
1787189683465 116
1787189683670 88
1787189683847 88
1787189684022 90
1787189684201 91
1787189684381 90
1787189684559 91
1787189684740 91
1787189684920 204
1787189685208 92
1787189685537 89
1787189685685 80
1787189685844 79
1787189686003 90
1787189686179 81
1787189686429 82
1787189686595 93
1787189686749 91
1787189686938 187
1787189687179 93
1787189687384 224
1787189687795 91
1787189687989 100
1787189688190 233
1787189688827 128
1787189689036 104
1787189690985 222
1787189691277 105
1787189691483 224
1787189691894 226
1787189692222 103
1787189692514 227
1787189692847 104
1787189693141 228
1787189693475 104
1787189693756 229
1787189694091 105
1787189694382 226
1787189694695 105
1787189694901 102
1787189695097 105
1787189695389 106
1787189695563 106
1787189695772 107
1787189695984 202
1787189696419 107
1787189697159 110
1787189697481 110
1787189704838 235
1787189706874 108
1787189707274 106
1787189707673 239
1787189708204 109
1787189710189 109
1787189710496 235
1787189711023 108
1787189711421 108
1787189711914 110
1787189712129 110
1787189712345 107
1787189712560 111
1787189712782 111
1787189713003 115
1787189713219 258
1787189713572 115
1787189713797 114
1787189714021 115
1787189714245 115
1787189714470 114
1787189714695 116
1787189714923 114
1787189715147 113
1787189715370 114
1787189715593 112
1787189715813 113
1787189716037 111
1787189716260 250
1787189716620 113
1787189716843 113
1787189717065 113
1787189717288 114
1787189717511 111
1787189717732 112
1787189717943 113
1787189718165 113
1787189718387 113
1787189718610 115
1787189718835 114
1787189719058 250
1787189719419 111
1787189719641 113
1787189719866 113
1787189720087 115
1787189720300 115
1787189720524 113
1787189720748 114
1787189720971 111
1787189721192 115
1787189721408 112
1787189721630 114
1787189721854 248
1787189722210 113
1787189722431 115
1787189722653 111
1787189722874 112
1787189723097 111
1787189723318 112
1787189723540 113
1787189723762 112
1787189723985 112
1787189724207 112
1787189724430 113
1787189724651 249
1787189725011 114
1787189725234 112
1787189725416 112
1787189725636 112
1787189725854 112
1787189726034 111
1787189726256 102
1787189726458 115
1787189726672 112
1787189726892 114
1787189727073 112
1787189727389 246
1787189727727 147
1787189730977 282
1787189731685 113
1787189734783 252
1787189735094 111
1787189735301 115
1787189735580 111
1787189735827 115
1787189736177 112
1787189736359 115
1787189736597 115
1787189736841 114
1787189737067 117
1787189737406 117
1787189737606 255
1787189737980 114
1787189738215 116
1787189738450 116
1787189738675 119
1787189738912 116
1787189739096 119
1787189739429 107
1787189739656 115
1787189782395 258
1787189782789 104
1787189783102 120
1787189784126 96
1787189787226 257
1787189787779 109
1787189787947 128
1787189788186 151
1787189788467 298
1787189788877 149
1787189789144 128
1787189789392 152
1787189793349 266
1787189793743 126
1787189794006 114
1787189807473 275
1787189807847 124
1787189808088 123
1787189808328 123
1787189808565 123
1787189808806 120
1787189809045 123
1787189809283 125
1787189809528 123
1787189809771 126
1787189810018 125
1787189810263 127
1787189810510 260
1787189810885 123
1787189811124 122
1787189811366 122
1787189811602 120
1787189811839 120
1787189812077 120
1787189812313 118
1787189812547 123
1787189812788 122
1787189813027 121
1787189813267 122
1787189813507 267
1787189813893 122
1787189814129 121
1787189814366 120
1787189814601 120
1787189814837 123
1787189815077 121
1787189815317 121
1787189815553 119
1787189815790 122
1787189816031 119
1787189816268 124
1787189816496 264
1787189816876 119
1787189817113 121
1787189817351 120
1787189817590 121
1787189817828 119
1787189818065 122
1787189818304 121
1787189818541 122
1787189818779 121
1787189819016 119
1787189819251 120
1787189819483 260
1787189819850 118
1787189820086 119
1787189820321 120
1787189820558 120
1787189820796 121
1787189821032 120
1787189821267 121
1787189821501 119
1787189821732 157
1787189828543 264
1787189828929 122
1787189829321 125
1787189829526 114
1787189829819 120
1787189830061 115
1787189830316 114
1787189830791 122
1787189831028 125
1787189831216 114
1787189831527 264
1787189832033 125
1787189832223 112
1787189832456 125
1787189832882 113
1787189833094 105
1787189876213 262
1787189877597 124
1787189877856 124
1787189878112 128
1787189878375 130
1787189882722 234
1787189883067 114
1787189883306 126
1787189883549 127
1787189883805 130
1787189884062 117
1787189884834 123
1787189885068 122
1787189885300 245
1787189889145 245
1787189889512 122
1787189902900 497
1787189903458 123
1787189903691 126
1787189903940 124
1787189904188 124
1787189904437 114
1787189904655 102
1787189904862 115
1787189905090 101
1787189905296 104
1787189905498 104
1787189905714 120
1787189905957 264
1787189906341 123
1787189906585 122
1787189906829 121
1787189907070 118
1787189907308 121
1787189907550 119
1787189907791 123
1787189908034 118
1787189908270 119
1787189908511 111
1787189908724 102
1787189908930 221
1787189909254 103
1787189909459 103
1787189909666 101
1787189909870 101
1787189910074 100
1787189910278 103
1787189910484 102
1787189910689 102
1787189910893 100
1787189911096 102
1787189911303 102
1787189911508 227
1787189911847 102
1787189912051 102
1787189912256 102
1787189912463 104
1787189912670 102
1787189912875 102
1787189913081 102
1787189913285 103
1787189913501 121
1787189913702 118
1787189913941 260
1787189914322 121
1787189914565 121
1787189914807 113
1787189915022 103
1787189915227 102
1787189915432 102
1787189915638 101
1787189915842 102
1787189916048 103
1787189916255 102
1787189916459 101
1787189916664 113
1787189916850 262
1787189917226 121
1787189917425 121
1787189917668 123
1787189917914 120
1787189918146 121
1787189918389 121
1787189918623 123
1787189918869 120
1787189919109 124
1787189926033 281
1787189926431 121
1787189926752 123
1787189927004 114
1787189927401 120
1787189927644 107
1787189927819 117
1787189928295 118
1787189928497 115
1787189929215 238
1787189929565 119
1787189972855 277
1787189973228 130
1787189973480 138
1787189973778 130
1787189978359 238
1787189978697 124
1787189978957 131
1787189979211 114
1787189979599 131
1787189980432 141
1787189980680 136
1787189980952 301
1787189984985 291
1787189985413 123
1787189998876 282
1787189999265 127
1787189999519 132
1787189999780 132
1787190000039 128
1787190000295 130
1787190000550 129
1787190000806 128
1787190001056 129
1787190001310 128
1787190001564 129
1787190001820 128
1787190002070 236
1787190002424 127
1787190002679 127
1787190002925 128
1787190003179 129
1787190003434 127
1787190003684 125
1787190003936 129
1787190004192 127
1787190004443 124
1787190004696 279
1787190005100 129
1787190005352 129
1787190005609 126
1787190005862 125
1787190006111 127
1787190006324 125
1787190006576 127
1787190006823 129
1787190007078 128
1787190007333 127
1787190007585 127
1787190007838 282
1787190008247 127
1787190008501 129
1787190008756 129
1787190009013 127
1787190009266 128
1787190009517 125
1787190009726 125
1787190009978 127
1787190010231 128
1787190010486 125
1787190010737 127
1787190010989 278
1787190011375 127
1787190011627 127
1787190011870 129
1787190012117 128
1787190012363 126
1787190012618 129
1787190012860 126
1787190019584 280
1787190019927 136
1787190020197 173
1787190020627 120
1787190020862 131
1787190021189 111
1787190021412 109
1787190021753 124
1787190022183 134
1787190022447 124
1787190022710 287
1787190023327 110
1787190023582 131
1787190023853 133
1787190024113 121
1787190024347 121
1787190066850 243
1787190067213 133
1787190067491 133
1787190067768 125
1787190071895 287
1787190072538 135
1787190072932 136
1787190073207 138
1787190073480 136
1787190077565 248
1787190077934 115
1787190091243 284
1787190091647 130
1787190091905 132
1787190092161 131
1787190092421 131
1787190092680 126
1787190092936 130
1787190093193 130
1787190093452 130
1787190093712 131
1787190093963 132
1787190094225 133
1787190094487 286
1787190094897 133
1787190095159 130
1787190095419 129
1787190095678 130
1787190095937 129
1787190096195 129
1787190096453 131
1787190096709 128
1787190096966 130
1787190097225 130
1787190097477 129
1787190097734 281
1787190098145 127
1787190098401 128
1787190098653 130
1787190098912 129
1787190099170 129
1787190099419 132
1787190099677 129
1787190099935 130
1787190100195 131
1787190100451 130
1787190100708 129
1787190100968 240
1787190101328 128
1787190101567 128
1787190101823 130
1787190102081 128
1787190102337 129
1787190102594 129
1787190102851 127
1787190103103 131
1787190103310 128
1787190103563 284
1787190103977 130
1787190104222 129
1787190104481 132
1787190104738 129
1787190104996 130
1787190105256 133
1787190105509 133
1787190112156 256
1787190112500 173
1787190112942 137
1787190113453 135
1787190114216 124
1787190114464 110
1787190115074 248
1787190115438 125
1787190163503 301
1787190163886 137
1787190164260 136
1787190164490 135
1787190164762 138
1787190165026 127
1787190168592 295
1787190169050 141
1787190183096 289
1787190183498 134
1787190183766 135
1787190184035 133
1787190184302 132
1787190184569 134
1787190184838 137
1787190185109 135
1787190185379 134
1787190185642 133
1787190185908 132
1787190186176 134
1787190186440 288
1787190186863 134
1787190187131 134
1787190187392 134
1787190187661 133
1787190187929 134
1787190188193 133
1787190188458 133
1787190188725 135
1787190188988 135
1787190189259 135
1787190189527 134
1787190189795 292
1787190190217 131
1787190190481 132
1787190190744 135
1787190191013 133
1787190191278 133
1787190191545 134
1787190191811 133
1787190192075 130
1787190192333 131
1787190192595 132
1787190192861 130
1787190193123 282
1787190193537 131
1787190193801 133
1787190194066 131
1787190194329 131
1787190194593 131
1787190194850 131
1787190195113 129
1787190195374 129
1787190195628 130
1787190195891 132
1787190196155 281
1787190196562 131
1787190196822 131
1787190197074 132
1787190197333 131
1787190197591 133
1787190197848 131
1787190198090 129
1787190198456 138
1787190205042 299
1787190205458 127
1787190205877 136
1787190206308 141
1787190206594 139
1787190206890 126
1787190207413 126
1787190207669 124
1787190208270 301
1787190208698 137
1787190250869 303
1787190251304 129
1787190251545 128
1787190251781 117
1787190256219 294
1787190256645 118
1787190256896 137
1787190257313 142
1787190261245 291
1787190261625 131
1787190275245 298
1787190275660 139
1787190275935 140
1787190276210 137
1787190276485 138
1787190276957 139
1787190277231 138
1787190277502 138
1787190277774 136
1787190278047 137
1787190278319 138
1787190278580 299
1787190279015 135
1787190279284 135
1787190279555 137
1787190279825 133
1787190280093 135
1787190280363 133
1787190280631 136
1787190280900 137
1787190281170 135
1787190281441 137
1787190281713 137
1787190281971 292
1787190282396 135
1787190282664 132
1787190282930 135
1787190283181 134
1787190283450 138
1787190283721 135
1787190283992 136
1787190284202 136
1787190284469 135
1787190284728 134
1787190284993 134
1787190285259 291
1787190285685 133
1787190285952 135
1787190286219 137
1787190286489 135
1787190286758 136
1787190287029 135
1787190287295 135
1787190287562 137
1787190287822 135
1787190288089 138
1787190288356 134
1787190288624 290
1787190289048 135
1787190295936 302
1787190296378 142
1787190296767 125
1787190297207 178
1787190297548 137
1787190297905 138
1787190298268 141
1787190298543 125
1787190298928 140
1787190299363 299
1787190299793 126
1787190300306 140
1787190344754 302
1787190345206 141
1787190345501 141
1787190349800 309
1787190350245 135
1787190350525 144
1787190350811 144
1787190351047 144
1787190351286 135
1787190352063 135
1787190352281 124
1787190352541 143
1787190356629 307
1787190371664 298
1787190372084 139
1787190372362 140
1787190372639 139
1787190372917 129
1787190373165 118
1787190373401 129
1787190373655 141
1787190373934 137
1787190374210 137
1787190374480 136
1787190374752 138
1787190375028 295
1787190375461 139
1787190375737 138
1787190376013 138
1787190376289 136
1787190376553 139
1787190376831 137
1787190377108 139
1787190377384 141
1787190377663 137
1787190377937 140
1787190378215 294
1787190378646 137
1787190378915 137
1787190379189 137
1787190379464 138
1787190379733 138
1787190380011 136
1787190380286 138
1787190380561 137
1787190380836 137
1787190381110 140
1787190381387 299
1787190381821 136
1787190382094 137
1787190382368 140
1787190382640 136
1787190382912 139
1787190383189 135
1787190383455 136
1787190383730 137
1787190384004 137
1787190384272 138
1787190384546 294
1787190384977 137
1787190385250 138
1787190385527 136
1787190385798 138
1787190386071 138
1787190386344 137
1787190386617 138
1787190386890 138
1787190387150 136
1787190394124 309
1787190394518 147
1787190394937 142
1787190395157 140
1787190395606 131
1787190395879 140
1787190396257 132
1787190396666 145
1787190396905 142
1787190397327 142
1787190397735 308
1787190398197 144
1787190398608 136
1787190446483 309
1787190446983 147
1787190447264 135
1787190447838 147
1787190451491 313
1787190451935 146
1787190465721 300
1787190466143 140
1787190466422 138
1787190466698 140
1787190466978 140
1787190467258 140
1787190467537 139
1787190467817 141
1787190468098 141
1787190468377 142
1787190468659 143
1787190468941 138
1787190469216 297
1787190469653 137
1787190469931 139
1787190470212 143
1787190470494 140
1787190470772 137
1787190471049 141
1787190471331 140
1787190471611 144
1787190471881 140
1787190472161 141
1787190472441 301
1787190472881 143
1787190473153 142
1787190473434 139
1787190473713 140
1787190473993 143
1787190474268 139
1787190474542 139
1787190474822 138
1787190475098 139
1787190475376 139
1787190475653 140
1787190475931 298
1787190476368 139
1787190476645 140
1787190476921 138
1787190477198 139
1787190477474 139
1787190477752 138
1787190478012 139
1787190478280 140
1787190478561 139
1787190478834 139
1787190479105 138
1787190479377 297
1787190479814 139
1787190480085 141
1787190486873 308
1787190487308 147
1787190487705 185
1787190487970 142
1787190488429 195
1787190488760 123
1787190489015 145
1787190489284 147
1787190489554 146
1787190489780 131
1787190489995 133
1787190490329 301
1787190490991 143
1787190491261 132
1787190491745 146
1787190491958 146
1787190535086 317
1787190535574 144
1787190535877 145
1787190540337 321
1787190540803 137
1787190541085 136
1787190541370 151
1787190558815 309
1787190559235 146
1787190559522 142
1787190559806 141
1787190560090 141
1787190560372 141
1787190560651 143
1787190560938 143
1787190561224 143
1787190561508 144
1787190561792 142
1787190562070 142
1787190562350 306
1787190562797 141
1787190563079 143
1787190563364 142
1787190563627 139
1787190563907 142
1787190564189 138
1787190564467 143
1787190564748 142
1787190565031 142
1787190565315 144
1787190565601 301
1787190566042 142
1787190566324 139
1787190566603 143
1787190566887 146
1787190567173 144
1787190567457 142
1787190567730 144
1787190568014 140
1787190568296 142
1787190568573 143
1787190568853 298
1787190569293 139
1787190569572 141
1787190569853 141
1787190570135 138
1787190570411 138
1787190570689 138
1787190570966 141
1787190571247 137
1787190571520 139
1787190571797 141
1787190572068 298
1787190572504 138
1787190572784 142
1787190573062 141
1787190573344 143
1787190580295 317
1787190580760 191
1787190581202 142
1787190581615 164
1787190581910 148
1787190582200 146
1787190582561 148
1787190582850 136
1787190583117 150
1787190583355 146
1787190583659 310
1787190584315 136
1787190584553 145
1787190584844 153
1787190629456 315
1787190630576 146
1787190634358 323
1787190634821 150
1787190635116 138
1787190635544 147
1787190636303 153
1787190636533 154
1787190636839 151
1787190654101 309
1787190654552 145
1787190654843 132
1787190655109 144
1787190655396 143
1787190655682 145
1787190655971 146
1787190656260 147
1787190656550 146
1787190656833 143
1787190657116 144
1787190657403 306
1787190657850 144
1787190658137 145
1787190658424 147
1787190658702 145
1787190658990 143
1787190659276 142
1787190659562 141
1787190659844 145
1787190660128 145
1787190660416 144
1787190660703 313
1787190661160 146
1787190661445 145
1787190661679 147
1787190661967 145
1787190662255 142
1787190662538 144
1787190662811 143
1787190663096 142
1787190663381 145
1787190663658 144
1787190663945 145
1787190664233 307
1787190664681 142
1787190664965 145
1787190665251 142
1787190665535 144
1787190665824 144
1787190666112 146
1787190666399 145
1787190666669 146
1787190666955 146
1787190667190 144
1787190667476 145
1787190667764 309
1787190668216 146
1787190668504 145
1787190668776 133
1787190669046 143
1787190675494 321
1787190675888 202
1787190676179 134
1787190676519 147
1787190676746 150
1787190677100 150
1787190677391 147
1787190677679 136
1787190677951 149
1787190678224 136
1787190678431 125
1787190678712 136
1787190679072 306
1787190679656 147
1787190679884 155
1787190680189 137
1787190680666 145
1787190723792 268
1787190724167 141
1787190728955 321
1787190729417 137
1787190729684 126
1787190730116 156
1787190736044 331
1787190736869 139
1787190737176 150
