# timestamp_ms rss_kb
1790761254689 251948
1790761254984 258940
1790761255307 266336
1790761255746 272736
1790761256241 294332
1790761257349 301180
1790761257456 307976
1790761261246 341008
1790761261352 367696
1790761261613 376804
1790761262016 384560
1790761262397 394732
1790761263107 416764
1790761263701 425120
1790761263819 464532
1790761264399 511484
1790761264506 633288
1790761264709 654512
1790761266428 672968
1790761279474 696316
1790761281586 710984
1790761283708 748544
1790761284884 797824
1790761286070 810916 (true peak, below trigger threshold; snapshot is in peaks/peak.smaps)
