1790761254689 56
1790761255386 53
1790761255474 32
1790761255852 58
1790761255945 34
1790761256014 33
1790761256082 35
1790761256151 55
1790761256241 55
1790761257349 58
1790761261246 58
1790761261352 53
1790761261453 58
1790761261546 33
1790761261613 55
1790761261715 32
1790761261784 32
1790761261852 33
1790761262397 54
1790761264506 57
1790761266428 61
1790761279474 63
1790761279593 36
1790761279669 39
1790761279747 36
1790761279822 39
1790761279902 37
1790761279977 36
1790761280051 64
1790761280155 37
1790761280231 36
1790761280307 35
1790761280381 38
1790761280458 34
1790761280532 35
1790761280606 37
1790761280683 67
1790761280787 36
1790761280863 37
1790761280940 37
1790761281016 39
1790761281093 38
1790761281171 37
1790761281246 37
1790761281324 69
1790761281432 36
1790761281508 38
1790761281586 37
1790761281679 35
1790761281779 33
1790761283708 62
