1786939467421 38372 19
1786939467495 46192 13
1786939467558 64908 16
1786939467622 120164 13
1786939467895 132680 14
1786939468104 149124 13
1786939474820 149252 17
1786939475194 149704 16
1786939475254 151224 14
1786939475580 151420 15
1786939475901 152864 16
1786939476196 154540 16
1786939476530 154576 15
1786939476847 155916 15
1786939477152 156040 16
1786939477487 156056 16
1786939477589 157716 16
1786939477920 157752 15
1786939478245 159180 16
1786939478623 159232 17
1786939478920 160892 16
1786939479299 160944 16
1786939479673 162348 17
1786939480035 162400 16
1786939480351 164068 16
1786939480695 164104 16
1786939481041 165468 17
1786939481475 165584 17
1786939481793 167252 16
1786939482140 167280 17
1786939482505 168688 17
1786939482908 168760 17
1786939483383 170440 18
1786939483769 170492 17
1786939484174 171916 16
1786939484556 171936 17
1786939484905 173620 16
1786939485289 174976 17
1786939485656 175104 16
1786939486022 175120 17
1786939486395 176800 18
1786939486761 178148 19
1786939487159 178272 18
1786939487544 179948 18
1786939487926 179992 18
1786939488312 181444 18
1786939488765 181464 19
1786939489186 183148 18
1786939489588 184504 17
1786939489944 184628 19
1786939490334 186252 19
1786939490768 186340 17
1786939491324 187808 19
1786939491825 189488 20
1786939492334 190072 19
1786939492776 190996 18
1786939493260 192672 19
1786939493653 192724 19
1786939494132 194164 19
1786939494558 195832 19
1786939494945 195876 18
1786939495517 197328 20
1786939495962 198996 19
1786939496369 199044 20
1786939496916 200496 20
1786939497418 202180 19
1786939497807 202232 19
1786939498192 203676 20
1786939498630 205212 23
1786939499105 205412 19
1786939499628 206868 19
1786939500149 208552 21
1786939500587 208608 20
1786939501026 210056 20
1786939501515 211736 21
1786939501978 211792 20
1786939502414 213228 20
1786939502832 214900 23
1786939503362 214964 25
1786939503877 216404 21
1786939504316 218084 20
1786939504781 218136 20
1786939505192 219588 20
1786939505617 221260 21
1786939506101 221320 20
1786939506540 222768 23
1786939507051 224444 22
1786939507537 225824 22
1786939507995 225952 21
1786939508282 228900 24
1786939508359 240636 25
1786939555812 240828 27
1786939555894 245152 24
1786939556022 343216 35
1786939556123 355372 33
1786939556225 394128 30
1786939556331 438124 29
1786939556737 446460 49
1786939556849 460352 32
1786939556961 470584 31
1786939557082 518748 29
1786939557280 527280 35
1786939557382 534948 29
1786939557495 543056 28
1786939557899 549512 34
1786939558577 555204 29
1786939558673 572776 45
1786939558820 603536 38
1786939559451 625216 37
1786939559663 642100 33
1786939559799 722824 35
1786939559953 758584 34
1786939560531 767384 34
1786939560649 776084 36
1786939565871 782256 40
1786939565984 791984 36
1786939566123 818152 38
1786939567922 823792 32
1786939568550 841400 33
1786939568708 849984 35
1786939568826 876104 32
1786939568956 938596 41
1786939569096 997044 47
1786939569251 1028880 34
1786939570093 1030596 47
1786939570224 1042112 44
1786939575148 1053788 40
1786939575853 1065348 42
1786939576146 1076656 51
1786939576306 1145664 42
1786939576489 1293364 53
1786939577063 1323640 58
1786939582560 1332816 40
1786939583222 1410724 40
1786939583451 1457332 55
1786939583640 1489976 68
1786939610131 1491944 42
1786939611112 1496464 44
1786939611993 1511568 38
1786939612229 1562312 42
1786939617546 1572788 48
1786939618787 1577568 62
1786939619053 1605368 44
1786939619240 1640528 43
1786939620156 1645772 47
1786939622844 1648612 50
1786939623640 1688248 78
1786939623858 1762092 52
1786939624396 1780364 55
1786939627789 1782408 58
1786939627972 1835304 50
1786939652443 1844276 49
1786939653406 1880860 45
1786939659448 1897892 52
1786939659948 1935792 54
1786939664392 1960568 54
1786939664911 1980204 60
1786939668598 1985560 54
1786939668763 2010104 45
1786939692996 2022944 47
1786939693985 2025248 59
1786939701183 2040904 46
1786939705686 2064704 58
1786939709983 2080136 53
1786939735887 2087168 51
1786939736844 2108196 54
1786939742627 2109380 50
1786939747246 2119292 67
1786939751696 2131464 74
1786939775902 2149016 60
1786939782594 2163908 50
1786939787476 2172424 63
1786939791591 2181152 59
1786939815896 2184312 50
1786939822793 2200180 50
1786939827656 2202888 58
1786939832596 2206972 71
1786939856340 2217664 60
1786939863171 2233212 67
1786939868135 2239456 65
1786939872232 2244708 66
1786939897592 2256548 54
1786939904894 2260388 52
1786939909955 2263892 62
1786939914360 2269036 59
1786939938504 2272944 59
1786939946314 2284812 54
1786939951022 2286632 60
1786939955131 2290024 60
1786939979867 2293612 59
1786939987167 2298876 88
1786939991583 2301088 69
1786939996872 2308236 64
1786940020118 2309988 62
1786940026894 2314380 53
1786940031751 2315944 67
1786940036742 2318824 69
1786940039167 2329344 75
1786940039363 2353704 57
