# timestamp_ms rss_kb
1790724946751 12328
1790724947624 38560
1790724947694 73968
1790724947767 168792
1790724947860 192108
1790724947932 196716
1790724948066 216380
1790724948145 272176
1790724948225 309220
1790724948316 331104
1790724948396 342192
1790724949126 350316
1790724949213 361516
1790724950688 368796
1790724952784 378160
1790724953702 436288
1790724955083 448576
1790724955542 458816
1790724957235 469056
1790725030740 473908 (true peak, below trigger threshold; snapshot is in peaks/peak.smaps)
