# timestamp_ms rss_kb
1790716731002 257712
1790716731206 264908
1790716731536 273116
1790716731984 278860
1790716732533 300984
1790716733516 308748
1790716733603 343300
1790716733646 378652
1790716733716 426968
1790716733762 474176
1790716733830 484832
1790716733872 511068
1790716733972 536116
1790716734073 548808
1790716734118 581912
1790716734214 595452
1790716734341 616320
1790716734441 634612
1790716734571 652064
1790716734619 673768
1790716734722 688464
1790716734852 703248
1790716734983 724876
1790716735085 741588
1790716735245 760004
1790716735436 779968
1790716735542 799736
1790716735598 829060
1790716735678 858556
1790716735737 894216
1790716735821 922556
1790716735879 945080
1790716736737 964048
1790716737658 999900
1790716738368 1019928
1790716738431 1046432
1790716738550 1076252
1790716738706 1101188
1790716738830 1127148
1790716739242 1150540
1790716739320 1173556
1790716739742 1197944
1790716742865 1233472
1790716742913 1272384
1790716742957 1346112
1790716743003 1479232
1790716743075 1587776
1790716743122 1624640
1790716743276 1671156
1790716743348 1753076
1790716743391 1847284
1790716743488 1957876
1790716743530 2017268
1790716743981 2121620
1790716744025 2176916
1790716744092 2256788
1790716744188 2353048
1790716744361 2416492
1790716744458 2471344
1790716750062 2492184 (true peak, below trigger threshold; snapshot is in peaks/peak.smaps)
