# timestamp_ms rss_kb
1790762335857 28128
1790762336018 37940
1790762336093 47560
1790762337146 48832
1790762338071 57776
1790762338147 85472
1790762338332 140912
1790762338519 159348
1790762338598 177812
1790762339677 192524
1790762339759 199604
1790762339847 204064
1790762340671 210132
1790762340753 225308
1790762341178 275804
1790762341264 308664
1790762341354 347692
1790762341446 388720
1790762342768 428928
1790762342857 480200
1790762342950 531488
1790762343036 546716
1790762344439 560116
1790762345655 571372
1790762345716 607204
1790762345806 650276
1790762346124 663928
1790762346188 678488
1790762346282 700600
1790762346374 722024
1790762346692 736552
1790762347039 751980
1790762361656 767288
1790762363626 782784
1790762372356 799096
1790762380070 816368
1790762425966 835624
1790762427797 859080
1790762428151 911296
1790762428253 968640
1790762428352 1028040
1790762428854 1062856
1790762432379 1112376
1790762539608 1135088
1790762542739 1159212
1790762543260 1193000
1790763210175 1217200
1790763650672 1249584
