1787343179684 40
1787343179756 35
1787343179823 36
1787343179891 37
1787343179961 33
1787343180027 38
1787343180100 38
1787343180616 39
1787343185927 40
1787343185995 22
1787343186089 41
1787343186169 24
1787343186222 385
1787343186635 43
1787343186707 24
1787343186759 26
1787343186815 36
1787343186889 25
1787343186942 40
1787343187021 34
1787343187082 40
1787343187162 25
1787343187264 42
1787343187406 25
1787343187531 25
1787343187586 41
1787343187712 26
1787343187840 44
1787343187984 24
1787343188134 43
1787343188262 25
1787343188389 43
1787343188533 26
1787343188683 44
1787343188812 26
1787343188940 45
1787343189092 26
1787343189219 45
1787343189374 26
1787343189501 44
1787343189648 23
1787343189772 25
1787343189908 45
1787343190055 26
1787343190183 25
1787343190310 45
1787343190457 26
1787343190593 26
1787343190721 46
1787343190869 25
1787343190997 25
1787343191126 45
1787343191262 26
1787343191415 25
1787343191519 46
1787343191595 25
1787343191699 26
1787343191827 45
1787343191985 27
1787343192114 45
1787343192201 46
1787343192351 26
1787343192481 26
1787343192596 42
1787343192668 26
1787343192774 25
1787343192903 47
1787343193054 26
1787343193184 26
1787343193324 48
1787343193477 26
1787343193607 27
1787343193738 47
1787343193890 26
1787343194008 27
1787343194144 48
1787343194297 26
1787343194428 27
1787343194560 47
1787343194722 27
1787343194830 26
1787343194962 48
1787343195115 26
1787343195247 26
1787343195386 48
1787343195540 27
1787343195673 25
1787343195803 47
1787343195957 27
1787343196075 26
1787343196207 49
1787343196366 27
1787343196499 27
1787343196632 48
1787343196787 27
1787343196905 28
1787343197040 49
1787343197121 27
1787343197179 26
1787343197237 26
1787343197369 49
1787343197511 27
1787343197645 26
1787343197778 50
1787343197935 27
1787343198070 27
1787343198205 49
1787343198347 27
1787343198482 26
1787343198616 48
1787343198771 27
1787343198907 27
1787343199043 51
1787343199188 27
1787343199324 27
1787343199460 51
1787343199620 27
1787343199755 28
1787343199890 50
1787343200036 27
1787343200172 27
1787343200309 52
1787343200470 27
1787343200581 28
1787343200719 51
1787343200865 28
1787343200924 27
1787343201035 28
1787343201172 52
1787343201335 25
1787343201445 28
1787343201583 52
1787343201730 29
1787343201791 27
1787343201902 28
1787343202041 53
1787343202152 28
1787343202213 27
1787343202350 28
1787343202473 52
1787343202612 28
1787343202751 27
1787343202891 28
1787343203029 53
1787343203167 29
1787343203307 28
1787343203433 28
1787343203572 55
1787343203712 28
1787343203851 27
1787343203964 28
1787343204026 27
1787343204140 51
1787343204276 28
1787343204401 28
1787343204463 28
1787343204576 28
1787343204690 54
1787343204778 27
1787343204893 28
1787343205006 28
1787343205068 28
1787343205182 55
1787343205323 28
1787343205449 28
1787343205511 29
1787343205626 29
1787343205741 55
1787343205910 29
1787343206025 29
1787343206087 28
1787343206202 29
1787343206318 56
1787343206499 29
1787343206615 29
1787343206758 28
1787343206873 54
1787343206962 28
1787343207043 30
1787343207106 29
1787343207222 30
1787343207354 58
1787343207526 29
1787343207643 29
1787343207787 28
1787343207903 56
1787343207993 29
1787343208109 30
1787343208227 28
1787343208301 29
1787343208391 29
1787343208536 57
1787343208681 29
1787343208743 30
1787343208862 29
1787343209008 30
1787343209128 58
1787343209302 29
1787343209432 30
1787343209578 29
1787343209696 57
1787343209870 29
1787343210015 29
1787343210133 29
1787343210279 58
1787343210426 29
1787343210557 31
1787343210623 29
1787343210742 30
1787343210861 59
1787343211037 30
1787343211156 30
1787343211303 29
1787343211423 58
1787343211599 30
1787343211732 31
1787343211797 29
1787343211853 59
1787343212003 30
1787343212151 30
1787343212271 30
1787343212419 58
1787343212569 30
1787343212703 30
1787343212853 30
1787343212974 58
1787343213152 30
1787343213273 30
1787343213422 30
1787343213543 59
1787343213722 30
1787343213857 31
1787343213979 30
1787343214130 61
1787343214284 30
1787343214436 30
1787343214558 31
1787343214680 60
1787343214861 30
1787343214998 31
1787343215122 30
1787343215274 61
1787343215428 30
1787343215550 30
1787343215702 30
1787343215824 62
1787343216007 30
1787343216143 29
1787343216267 31
1787343216334 31
1787343216401 62
1787343216556 30
1787343216679 31
1787343216829 30
1787343216953 30
1787343217105 62
1787343217273 32
1787343217397 30
1787343217549 31
1787343217673 30
1787343217795 63
1787343217979 30
1787343218101 31
1787343218254 31
1787343218378 31
1787343218517 65
1787343218676 31
1787343218828 31
1787343218951 34
1787343219107 31
1787343219231 58
1787343219411 31
1787343219535 30
1787343219658 31
1787343219797 32
1787343219922 65
1787343220110 31
1787343220234 32
1787343220360 31
1787343220513 32
1787343220638 65
1787343220738 32
1787343220893 32
1787343221033 32
1787343221160 31
1787343221285 59
1787343221467 32
1787343221593 31
1787343221719 29
1787343221871 29
1787343221994 58
1787343222148 32
1787343222290 31
1787343222417 32
1787343222546 31
1787343222613 66
1787343222743 31
1787343222899 32
1787343223027 31
1787343223155 32
1787343223283 66
1787343223385 31
1787343223482 32
1787343223623 32
1787343223751 31
1787343223878 67
1787343224070 31
1787343224197 32
1787343224326 31
1787343224453 32
1787343224609 68
1787343224772 31
1787343224899 32
1787343224983 31
1787343225108 32
1787343225264 68
1787343225428 31
1787343225585 32
1787343225714 33
1787343225843 32
1787343225972 68
1787343226165 32
1787343226294 32
1787343226438 32
1787343226567 32
1787343226726 69
1787343226891 32
1787343227020 33
1787343227148 31
1787343227217 32
1787343227316 32
1787343227474 69
1787343227639 32
1787343227769 33
1787343227914 32
1787343228044 30
1787343228170 70
1787343228365 32
1787343228493 31
1787343228622 32
1787343228690 32
1787343228788 32
1787343228857 31
1787343228955 70
1787343229062 32
1787343229161 32
1787343229229 31
1787343229298 31
1787343229411 33
1787343229548 34
1787343229679 71
1787343229848 33
1787343229978 33
1787343230138 32
1787343230268 33
1787343230398 71
1787343230567 32
1787343230698 32
1787343230843 31
1787343230972 32
1787343231102 73
1787343231273 32
1787343231403 33
1787343231534 32
1787343231695 32
1787343231825 32
1787343231956 73
1787343232128 33
1787343232260 33
1787343232407 34
1787343232539 34
1787343232671 33
1787343232802 73
1787343232974 33
1787343233106 33
1787343233176 33
1787343233339 33
1787343233471 33
1787343233604 73
1787343233776 33
1787343233925 34
1787343234059 34
1787343234193 32
1787343234324 33
1787343234456 74
1787343234631 33
1787343234763 34
1787343234897 34
1787343235030 33
1787343235164 33
1787343235297 76
1787343235488 34
1787343235622 33
1787343235755 34
1787343235889 34
1787343236023 34
1787343236157 76
1787343236333 34
1787343236468 32
1787343236600 34
1787343236736 34
1787343236871 33
1787343236962 76
1787343237138 33
1787343237274 34
1787343237409 34
1787343237544 34
1787343237679 34
1787343237814 76
1787343237992 33
1787343238127 34
1787343238265 35
1787343238402 34
1787343238537 35
1787343238690 78
1787343238870 35
1787343239007 35
1787343239144 34
1787343239280 32
1787343239414 33
1787343239551 77
1787343239732 35
1787343239869 34
1787343240006 34
1787343240143 34
1787343240280 34
1787343240403 79
1787343240586 35
1787343240661 34
1787343240799 35
1787343240936 35
1787343241075 34
1787343241213 35
1787343241352 78
1787343241534 35
1787343241672 35
1787343241811 35
1787343241949 34
1787343242071 35
1787343242211 81
1787343242395 32
1787343242532 35
1787343242672 35
1787343242812 35
1787343242951 37
1787343243094 80
1787343243279 35
1787343243418 36
1787343243558 37
1787343243700 35
1787343243825 36
1787343243965 81
1787343244152 36
1787343244215 36
1787343244357 36
1787343244500 36
1787343244643 36
1787343244786 35
1787343244929 83
1787343245117 35
1787343245260 35
1787343245404 35
1787343245545 34
1787343245670 36
1787343245812 84
1787343246001 36
1787343246142 36
1787343246284 36
1787343246426 36
1787343246568 35
1787343246709 83
1787343246900 36
1787343247042 35
1787343247185 36
1787343247328 36
1787343247470 36
1787343247597 36
1787343247673 82
1787343247863 36
1787343248005 38
1787343248152 36
1787343248296 35
1787343248440 36
1787343248583 84
1787343248774 36
1787343248918 36
1787343249062 36
1787343249206 37
1787343249350 37
1787343249482 87
1787343249677 36
1787343249822 36
1787343249967 36
1787343250112 36
1787343250256 36
1787343250400 36
1787343250544 85
1787343250737 36
1787343250882 36
1787343251027 37
1787343251104 36
1787343251215 37
1787343251360 39
1787343251496 85
1787343251692 36
1787343251837 37
1787343251983 37
1787343252129 36
1787343252275 36
1787343252420 88
1787343252618 36
1787343252764 37
1787343252909 36
1787343253056 36
1787343253203 38
1787343253350 36
1787343253482 85
1787343253678 37
1787343253825 37
1787343253972 39
1787343254122 36
1787343254268 34
1787343254344 37
1787343254456 88
1787343254654 37
1787343254803 37
1787343254950 36
1787343255098 37
1787343255246 37
1787343255394 37
1787343255528 90
1787343255731 37
1787343255880 38
1787343256029 37
1787343256177 36
1787343256326 38
1787343256476 37
1787343256624 88
1787343256823 38
1787343256972 37
1787343257121 37
1787343257271 35
1787343257418 44
1787343257506 40
1787343257624 93
1787343257816 37
1787343257966 38
1787343258116 38
1787343258266 38
1787343258416 37
1787343258566 37
1787343258716 92
1787343258921 38
1787343259071 37
1787343259221 38
1787343259372 38
1787343259523 38
1787343259674 38
1787343259824 92
1787343260014 38
1787343260165 37
1787343260316 38
1787343260467 39
1787343260548 38
1787343260663 38
1787343260813 38
1787343260966 91
1787343261171 38
1787343261323 37
1787343261475 38
1787343261627 39
1787343261780 39
1787343261933 38
1787343262086 93
1787343262279 39
1787343262434 38
1787343262587 37
1787343262740 38
1787343262894 38
1787343263047 36
1787343263197 94
1787343263406 39
1787343263561 39
1787343263715 39
1787343263869 38
1787343264023 39
1787343264177 39
1787343264296 95
1787343264491 41
1787343264648 38
1787343264801 39
1787343264956 39
1787343265111 38
1787343265250 40
1787343265405 97
1787343265617 38
1787343265770 39
1787343265926 39
1787343266081 39
1787343266236 39
1787343266391 39
1787343266546 98
1787343266759 39
1787343266900 40
1787343267058 39
1787343267214 39
1787343267369 40
1787343267525 39
1787343267680 95
1787343267894 39
1787343268050 39
1787343268206 39
1787343268326 39
1787343268483 39
1787343268640 39
1787343268798 96
1787343269012 39
1787343269169 40
1787343269311 40
1787343269472 42
1787343269598 42
1787343269687 41
1787343269810 42
1787343269976 99
1787343270161 43
1787343270325 40
1787343270447 40
1787343270606 40
1787343270728 42
1787343270816 42
1787343270942 42
1787343271068 42
1787343271157 102
1787343271341 42
1787343271503 40
1787343271664 39
1787343271814 42
1787343271976 40
1787343272139 42
1787343272269 41
1787343272433 99
1787343272619 42
1787343272708 41
1787343272837 44
1787343273004 42
1787343273130 42
1787343273293 41
1787343273459 42
1787343273628 100
1787343273817 43
1787343273983 42
1787343274149 44
1787343274279 43
1787343274432 41
1787343274558 43
1787343274730 43
1787343274857 103
1787343275009 43
1787343275135 43
1787343275264 44
1787343275355 41
1787343275484 43
1787343275617 40
1787343275705 42
1787343275830 43
1787343275961 42
1787343276131 102
1787343276321 43
1787343276493 42
1787343276624 42
1787343276793 42
1787343276922 45
1787343277075 44
1787343277247 41
1787343277410 103
1787343277603 44
1787343277774 43
1787343277903 43
1787343278074 43
1787343278204 43
1787343278376 41
1787343278508 44
1787343278682 107
1787343278878 42
1787343279047 44
1787343279180 43
1787343279347 42
1787343279515 44
1787343279675 45
1787343279845 41
1787343279971 102
1787343280197 41
1787343280326 43
1787343280500 45
1787343280632 43
1787343280805 45
1787343280941 44
1787343281033 44
1787343281165 42
1787343281331 108
1787343281526 44
1787343281657 44
1787343281828 43
1787343281962 45
1787343282135 44
1787343282268 43
1787343282422 43
1787343282590 42
1787343282719 109
1787343282918 42
1787343283090 42
1787343283218 42
1787343283305 41
1787343283433 42
1787343283560 41
1787343283647 44
1787343283780 42
1787343283949 43
1787343284079 112
1787343284238 43
1787343284351 45
1787343284484 43
1787343284652 42
1787343284781 42
1787343284869 41
1787343284998 43
1787343285166 43
1787343285320 43
1787343285450 108
1787343285689 43
1787343285819 46
1787343285996 45
1787343286132 45
1787343286309 46
1787343286446 43
1787343286622 45
1787343286759 109
1787343287003 44
1787343287174 45
1787343287310 43
1787343287481 42
1787343287611 42
1787343287787 43
1787343287918 43
1787343288081 115
1787343288286 43
1787343288461 44
1787343288556 45
1787343288651 111
1787343288813 45
1787343288930 46
1787343289026 149
1787343289350 93
1787343289604 118
1787343289937 82
1787343291236 136
1787343293162 206
1787343317448 124
1787343317630 46
1787343317726 47
1787343317825 46
1787343317901 46
1787343317999 45
1787343318096 112
1787343318257 46
1787343318354 46
1787343319608 115
1787343321356 116
1787343323447 115
1787343323615 46
1787343323712 47
1787343323840 47
1787343323938 45
1787343324013 45
1787343324110 47
1787343324209 116
1787343324377 46
1787343324472 46
1787343324549 46
1787343324648 118
1787343324850 122
1787343325498 124
1787343325677 126
1787343326338 49
1787343326440 49
1787343326546 48
1787343326647 48
1787343326750 50
1787343326855 64
1787343326974 49
1787343327078 50
1787343327180 126
1787343327362 50
1787343327466 48
1787343327567 47
1787343327666 50
1787343327772 48
1787343327872 48
1787343327974 49
1787343328077 50
1787343328182 83
1787343328318 50
1787343328424 48
1787343328525 48
1787343328629 49
1787343328732 129
1787343328916 50
1787343329021 49
1787343329123 48
1787343329226 50
1787343329334 51
1787343329443 49
1787343329551 50
1787343329659 50
1787343332891 133
1787343333084 49
1787343333186 50
1787343333288 50
1787343333393 131
1787343333581 51
1787343333688 51
1787343333795 50
1787343333900 49
1787343334004 50
1787343334110 50
1787343334217 51
1787343348368 136
1787343348807 52
1787343348914 49
1787343349749 52
1787343350461 130
1787343352254 133
1787343352868 51
1787343363446 142
1787343364042 51
1787343364149 49
1787343364299 51
1787343364971 52
1787343457071 140
1787343487983 140
1787343580759 131
1787343703260 130
1787343704500 48
1787344871303 133
1787345110591 154
1787345130246 150
1787345132725 147
1787345550266 152
1787345664104 151
1787346352798 156
1787346363027 146
1787346403998 145
1787346649426 143
1787346692843 142
