# timestamp_ms rss_kb
1785396257872 415772
1785396258042 851996
1785396258205 1253404
1785396258370 1685532
1785396258534 2101276
1785396258697 2293788
1785396258862 2740252
1785396259031 3213340
1785396259196 3647516
1785396259364 4091932
1785396259530 4198428
1785396259698 4730908
1785396259865 5179420
1785396260029 5609500
1785396260196 5996572
1785396260359 6295580
1785396260523 6557724
1785396260692 7063580
1785396260896 7589916
1785396261064 8005660
1785396261233 8392732
1785396261401 8585244
1785396261568 9123868
1785396261737 9533468
1785396261908 9984028
1785396262074 10407964
1785396262450 11108380
1785396262617 11540508
1785396262788 11952156
1785396262959 12365852
1785396263291 12998684
1785396263459 13492252
1785396263628 13922332
1785396263800 14342172
1785396263967 14684188
1785396264345 15753244
1785396264516 16156700
1785396264685 16599068
1785396265024 17252380
1785396265196 17907740
1785396265372 18348060
1785396265542 18737180
1785396265931 19714076
1785396266103 20215836
1785396266283 20668444
1785396266623 21266460
1785396266797 22001692
1785396267137 22833180
1785396267470 23408668
1785396267646 24152092
1785396267992 25008156
1785396268430 26136604
1785396268770 26949660
1785396269150 27693084
1785396269327 28352540
1785396269673 29239324
1785396270119 30388252
1785396270475 31293468
1785396270955 32530460
1785396271303 33413148
1785396271750 34555932
1785396272100 35479580
1785396272556 36612124
1785396272909 37513244
1785396273394 38748188
1785396273743 39634972
1785396274234 40853532
1785396274581 41734172
1785396275045 42973212
1785396275397 44044316
1785396275733 45387804
1785396276113 46977052
1785396276475 48635932
1785396276832 50274332
1785396277203 51951644
1785396277564 53598236
1785396279559 54693904
1785396363256 55622712 (true peak, below trigger threshold; snapshot is in peaks/peak.smaps)
