1786339619232 26396 14
1786339619302 28748 14
1786339619369 38416 16
1786339619441 60116 16
1786339619513 82772 17
1786339619589 96932 16
1786339619665 103408 17
1786339619743 110864 18
1786339619822 117128 17
1786339619903 121748 19
1786339619986 125528 19
1786339620069 128872 19
1786339620153 130212 19
1786339620226 132036 18
1786339620309 139140 19
1786339620447 140780 19
1786339620522 142856 18
1786339620661 144924 19
1786339620737 147232 19
1786339620821 150360 19
1786339620906 155568 21
1786339620995 163328 22
1786339621089 176924 23
1786339621188 238424 24
1786339621292 279908 25
1786339621590 283348 24
1786339621682 294288 23
1786339621993 300764 26
1786339622108 310848 28
1786339622224 320944 27
1786339622339 328528 25
1786339622453 332428 27
1786339622555 339828 26
1786339622741 344792 26
1786339622929 350148 26
1786339623175 355944 27
1786339623441 360104 27
1786339623999 364468 28
1786339624279 368640 27
1786339624627 461568 31
1786339625133 468028 29
1786339625746 472872 31
1786339626424 477936 30
1786339626785 484084 31
1786339627132 490212 29
1786339627497 495360 33
1786339627932 501968 33
1786339628065 511272 34
1786339628441 517396 32
1786339628875 523576 31
1786339629166 533316 34
1786339629694 552132 34
1786339630516 552804 35
1786339631045 579364 33
1786339631182 598092 39
1786339631336 687024 39
1786339631507 767852 41
1786339631665 867132 40
1786339631818 922572 38
1786339632632 923312 38
1786339633196 953988 40
1786339633350 994948 40
1786339633504 1035908 41
1786339633657 1074820 40
1786339633811 1113732 40
1786339633963 1150596 41
1786339634118 1193604 39
1786339634270 1236612 39
1786339634422 1277572 41
1786339634593 1320580 40
1786339634748 1411956 40
1786339634897 1602956 39
1786339635423 1639188 47
1786339635637 1736596 44
1786339636352 1794972 47
1786339636524 2119152 46
1786339636799 2160784 54
1786339637900 2173116 48
1786339638869 2182060 46
1786339639837 2182556 50
1786339640954 2183112 56
1786339652837 2191212 48
1786339652986 2400896 50
