1790719013092 59
1790719013201 55
1790719013291 54
1790719013380 28
1790719013457 33
1790719013525 55
1790719013615 33
1790719013683 52
1790719013786 34
1790719013855 32
1790719013921 35
1790719014191 53
1790719014281 34
1790719014361 29
1790719014426 34
1790719014495 34
1790719014565 55
1790719014655 34
1790719014725 33
1790719014794 55
1790719014943 34
1790719015618 55
1790719015710 57
1790719016389 58
1790719018530 62
1790719019202 59
1790719019391 58
1790719019483 55
1790719019585 55
1790719019686 58
1790719019780 34
1790719019849 56
1790719019952 33
1790719020020 33
1790719020088 58
1790719020182 34
1790719020253 33
1790719020334 51
1790719020420 32
1790719020488 34
1790719020559 34
1790719021749 58
1790719021849 62
1790719022512 58
1790719024771 106
1790719024913 31
1790719024981 34
1790719025052 31
1790719025120 33
1790719025190 29
1790719025256 63
1790719025356 29
1790719025422 37
1790719025495 32
1790719025564 35
1790719025636 34
1790719025706 33
1790719025776 32
1790719025846 55
1790719025938 30
1790719026005 34
1790719026076 32
1790719026147 34
1790719026219 36
1790719026292 31
1790719026360 56
1790719026451 34
1790719026523 34
1790719026595 35
1790719026666 34
1790719026736 31
1790719026830 57
