0
0
1
2
3
4
5
6
7
8
10
12
14
16
19
22
26
30
36
42
48
58
72
90
112
139
173
216
269
297
371
412
526
703
720
802
1063
1256
1647
2145
2546
3002
3587
3200
3730
4378
5064
6196
7557
8947
10567
12688
15322
16878
17907
18775
20204
20964
23302
25556
28030
30751
33544
37400
39203
41111
43054
45027
45412
49233
51385
53905
56369
57408
61484
64830
67924
64861
64947
64935
77509
87744
92107
71894
73845
73338
79742
81576
67595
72320
84694
89701
66015
71272
64507
74787
79016
63181
70306
81451
87141
67476
69665
68372
76462
76208
63420
74436
84426
66133
66173
63963
73298
74128
56214
65394
76849
82020
62689
63499
58028
67414
71336
67675
63153
73730
79306
59894
60698
55285
68203
68787
68997
59186
69218
76900
56992
58898
59255
64122
66221
65773
53183
61802
72478
74340
53946
55266
56120
59097
63661
63291
45533
55562
64157
71780
49993
53787
52654
51805
59539
61098
60992
49486
56919
66155
69219
47292
51056
51059
48036
55160
58471
58384
42557
52710
60964
66519
44431
47973
47619
44280
55045
55978
55633
36471
44716
50534
57784
64099
40528
45322
46389
46016
47908
52984
53350
53142
37363
46028
49549
46669
49609
52278
50556
50723
50036
53925
49561
54597
50087
55285
51266
56228
51941
56936
52925
54361
53556
54324
54861
55314
56644
57489
57870
60429
58060
57480
58519
57973
61294
58224
59706
61517
63614
62218
60354
64721
62720
65285
64409
63297
67663
65323
63617
65918
64974
66798
67638
65732
71128
69140
68300
71880
69976
69470
73567
71902
71633
75980
73490
73017
74494
74228
73301
77473
76222
76034
80176
81030
78175
76967
82409
82468
79791
81078
81715
83050
83986
46448
46460
46491
46535
46576
52246
55553
59325
50466
42560
42595
42677
42697
42750
34875
43199
47511
51786
55941
46781
22337
26670
33060
37510
36449
36095
37671
37010
36931
37703
38688
37027
38542
41405
38993
41112
38756
40418
40012
39986
41705
43260
41523
44057
42582
43408
44202
42753
46086
42987
43729
47172
44973
44568
43679
45590
45060
46996
48748
46885
47295
46597
50853
46801
49588
47425
48600
48476
50669
53231
50918
53767
51571
54670
52819
51064
53463
52111
53235
53103
54749
53492
55334
54874
55508
55859
57876
55045
60447
58397
59611
59133
58150
59064
58672
62149
59054
60563
62490
64869
62035
62126
66486
64693
67214
64618
63379
65168
66927
65304
67815
66023
68823
68331
68127
68677
69851
68688
69880
70893
69839
41215
43894
46571
49706
52797
56353
59865
63950
68189
72683
77516
79587
83507
86183
86522
85222
83396
85581
87076
85915
85099
84922
84586
86334
86966
86625
86328
86000
85388
85199
86309
86830
87249
87695
87571
86842
86496
85904
87678
87431
87182
86840
87047
87265
87340
87232
87334
88135
88153
87884
87669
88574
88587
88499
88668
88587
88567
88610
88925
89362
88907
89171
88990
89140
89654
89598
89804
89757
89886
89802
89973
89991
89831
89562
91078
90981
90810
90463
88956
90172
37991
45049
52705
55190
53020
55729
53580
56478
53821
52903
54559
53758
55785
54854
55930
56639
56946
55910
58396
57760
61172
58669
60301
59961
58912
60177
60121
64102
61732
63811
62423
63160
65963
64026
66686
64406
64873
65033
65886
65300
66846
65416
68958
68899
66974
69570
69438
70079
70980
71304
69920
73143
72141
72091
76083
76243
75389
74114
76194
75671
76491
76458
77115
78767
77910
77924
78975
80430
80065
80606
81560
82028
83851
82927
86912
83904
84729
52778
33593
36823
45302
49313
53919
58220
48865
23208
28621
35238
36683
38846
36470
38887
39567
36398
38458
42007
40157
42794
38778
40372
41409
38777
40525
43624
41456
44523
40835
42710
45064
43974
42758
41506
43489
42790
44910
44640
43556
46887
44672
46298
49409
47589
47864
47288
49816
45786
49699
47307
48681
48360
49871
52947
50583
52810
51401
52259
52711
52631
53424
53799
53360
55290
53489
56964
55491
53222
55657
54499
56887
56064
56467
55297
58493
55999
61750
59316
60840
60495
58809
60195
59854
63681
61070
62935
62840
61916
64080
61838
64048
64423
64054
66664
65046
68008
67645
67064
67357
68081
68565
72323
70651
70382
69935
70935
69942
34853
34945
34952
34937
34981
38351
33902
38176
40444
43010
45866
47656
50729
54089
57616
60090
64045
68340
64890
64940
65014
75252
88785
92261
73539
74091
76980
81582
81844
71984
84840
89701
70588
71278
73070
79019
78879
71483
84078
87141
67563
69392
67757
76468
76186
63423
74669
84580
64843
66959
65261
73902
73579
59631
68906
80384
82020
62186
64165
56875
70438
71351
70821
62754
73243
79460
69468
61698
56406
65711
68776
68859
60417
70293
76900
57035
58985
59234
64439
66126
65927
54514
63252
73906
53760
56278
55316
56518
63197
63562
47729
51730
59514
69620
71780
51100
53755
53679
55591
61101
61248
47587
51964
60144
69220
47795
49981
50336
49496
56914
58535
58247
45267
50858
62083
66659
43082
47833
47757
41769
50660
55469
55975
55665
40087
48938
55405
63175
63697
40247
45004
46517
45205
48486
53425
53412
53683
39486
49054
47857
47094
51182
48788
50066
50007
49689
49451
51981
54564
52717
55213
52397
51880
53070
54122
53795
53013
54592
53869
55232
54608
56094
55746
57822
57338
58572
56238
61918
59103
60638
60297
59070
60135
60463
63214
60308
62029
63270
61889
63691
62126
63889
66062
68590
65918
64267
66846
67634
67941
71484
69166
68520
72520
71035
70662
74446
71952
70835
72297
74062
73558
75217
74350
74634
74492
78980
77219
76518
80145
80394
78924
78498
83163
83932
80437
81897
82671
84287
46466
46468
46582
46595
50665
53862
57143
61062
56430
42599
42627
42705
42794
35832
39950
45196
50200
54375
46361
47275
26995
33148
37446
36361
35263
37772
40760
36033
38344
37879
38029
38685
39738
37959
39370
42863
40102
43257
40234
41888
43600
42294
45032
42104
42265
45566
43762
43373
42501
44438
43390
44656
45996
45147
48392
44555
47309
45024
47566
49979
47469
49349
48805
48194
47337
51780
47824
51398
49561
50734
51410
50979
51088
52931
51859
53435
52570
54217
53565
53942
53637
54777
54142
56622
56264
58854
55876
56743
57954
58911
58242
60066
58966
58972
62383
60490
62043
62364
61723
63996
62380
64922
64405
63391
67613
65647
64750
67194
65917
69167
67247
66343
68346
69370
67638
73195
70272
69267
70712
38798
41217
43410
45881
48596
51542
54738
58330
62217
66450
70634
75296
80043
82292
87493
86889
86054
85238
84255
83004
87146
87334
87081
86617
86122
85896
85296
84550
85967
86783
87335
87316
86987
86876
86530
86519
86102
85811
86622
87445
87820
87826
87716
87733
87624
87318
87238
87506
87354
87365
88063
88308
88326
88541
88717
88728
88767
88849
88976
89079
89230
89322
89386
89498
89579
89732
89888
90076
90076
90181
90378
90370
90325
90235
90496
90745
90204
90433
88053
89212
90364
37995
46327
52776
51207
53542
55923
53741
56534
53684
53467
54697
54111
56287
55618
56331
56328
58992
55887
57292
58898
60624
58942
59070
60635
58889
60008
61012
63374
61621
62184
65476
63371
63191
63850
63341
64452
64916
65027
67689
66595
69765
68302
67368
71083
69662
69109
72880
72000
71848
70405
74915
72475
72068
72928
74006
73585
75887
74768
74648
79203
79455
77580
77792
80538
81042
79791
78495
83406
80354
81095
81821
81838
82633
83185
84479
83770
87106
61060
39227
44465
50807
55492
46404
49024
23888
29205
35868
37171
39063
36432
38881
39495
36867
38809
41578
39349
41440
39160
41066
39805
40405
40029
43455
41603
44573
40676
42395
44484
42962
46381
42971
43541
47285
45376
44902
43287
46496
45502
45803
48907
47086
47363
46749
50925
46567
49901
47775
48939
48785
50348
48748
50564
52774
51940
52990
51607
52495
52735
52375
52967
53098
53775
54059
55393
55927
55612
57739
56360
58322
57475
56793
57587
56966
60367
57213
58417
60088
61748
61237
60047
61944
60248
61537
62684
65624
63342
61927
63466
64971
63946
65820
64002
66712
67718
65720
71047
69056
68204
71962
70136
69688
73918
70841
71656
34853
34868
34905
35009
35031
35578
44453
