# timestamp_ms rss_kb
1790704056603 434348
1790704057043 444028
1790704057130 535736
1790704057173 554312
1790704057212 613056
1790704057683 625660
1790704057865 648468
1790704057970 664328
1790704058183 691308
1790704058470 714184
1790704058670 731100
1790704058904 749508
1790704059237 766460
1790704059444 789748
1790704059750 810732
1790704060053 827972
1790704060265 852784
1790704060624 881024
1790704060931 904936
1790704061185 923040
1790704061326 948040
1790704061684 967656
1790704061980 989504
1790704062159 1012236
1790704063182 1051320
1790704063294 1086116
1790704063413 1110332
1790704063470 1135912
1790704063587 1170688
1790704063701 1212148
1790704063824 1251312
1790704064111 1288180
1790704065650 1435816
1790704065792 1617752
1790704065914 2082668
1790704066022 2299748
1790704070361 2386080
1790704074508 2471296
1790704074945 2567516
1790704075320 2622832
1790704075416 2676060
1790704075709 2733444
1790704076075 2798944
1790704076220 2880580
1790704076368 2940704
1790704077453 3014924
1790704085983 3073576 (true peak, below trigger threshold; snapshot is in peaks/peak.smaps)
