1790704057260 52
1790704057371 30
1790704057455 59
1790704057564 30
1790704057750 54
1790704057972 54
1790704058215 55
1790704058471 65
1790704058672 56
1790704058892 57
1790704059007 63
1790704059232 61
1790704059417 58
1790704059655 57
1790704060248 58
1790704060455 33
1790704060596 60
1790704061164 61
1790704061342 61
1790704061578 67
1790704061752 65
1790704061931 54
1790704062121 66
1790704062297 35
1790704062375 34
1790704062453 35
1790704062530 34
1790704062607 35
1790704062685 33
1790704062761 64
1790704062869 34
1790704062946 36
1790704063026 34
1790704063103 35
1790704063183 64
1790704063318 63
1790704063453 65
1790704063587 65
1790704063723 63
1790704063858 66
1790704063996 37
1790704064107 66
1790704064221 37
1790704076467 77
1790704076936 43
1790704077030 43
1790704077122 43
1790704077215 41
1790704077306 78
1790704077436 51
1790704077566 82
1790704077702 43
1790704077799 45
1790704077897 43
1790704077991 53
1790704078097 81
1790704078264 44
1790704078361 42
1790704078457 45
1790704078595 44
1790704078692 45
1790704078955 80
1790704079212 45
1790704079672 43
1790704082088 84
1790704082428 45
1790704082689 44
1790704082784 44
1790704082923 82
1790704083060 44
1790704083156 43
1790704083621 44
1790704083838 79
1790704083968 45
1790704084233 43
1790704084525 44
1790704084622 79
1790704084755 45
1790704085105 44
1790704085324 44
1790704085420 82
