1790716311084 258204 21
1790716311790 274332 25
1790716312771 295784 23
1790716313551 309440 22
1790716313913 499012 26
1790716314039 540440 27
1790716314422 634656 26
1790716314548 649864 26
1790716314781 675644 26
1790716314907 695364 26
1790716315033 707880 28
1790716315278 742208 29
1790716315412 751508 28
1790716315631 761736 26
1790716315843 783544 29
1790716315977 839212 30
1790716316125 897012 28
1790716316603 910516 29
1790716317143 926056 28
1790716317804 948552 31
1790716318759 1033080 29
1790716319226 1138548 29
1790716319661 1153992 32
1790716319775 1180784 29
1790716319905 1199984 35
1790716320019 1214580 31
1790716320152 1235316 33
1790716320268 1252984 31
1790716320407 1274488 35
1790716324367 2128052 37
1790716326500 2511424 35
1790716326619 2585400 36
