# timestamp_ms rss_kb
1790759084699 257772
1790759084992 265204
1790759085323 273600
1790759085741 279128
1790759086274 293392
1790759087256 299788
1790759087357 350520
1790759087474 446608
1790759087598 491868
1790759087723 539972
1790759087852 581284
1790759087901 595808
1790759088024 618216
1790759088154 643128
1790759088282 656344
1790759088406 679388
1790759088541 693864
1790759088775 711852
1790759088906 731132
1790759089036 748992
1790759089276 767900
1790759089406 783604
1790759089544 829956
1790759089682 873596
1790759090433 891300
1790759091450 925664
1790759092175 972020
1790759092323 1008356
1790759092468 1042356
1790759092622 1082360
1790759092903 1112500
1790759093055 1139888
1790759093599 1181920
1790759093846 1210724
1790759094097 1246056
1790759094347 1275848
1790759097829 1414584
1790759097883 1662392
1790759098018 1707448
1790759098159 1803116
1790759098207 1942380
1790759098254 2077548
1790759100091 2152668
1790759100140 2291932
1790759100273 2472156
1790759100389 2537968
1790759105145 2669484
1790759112660 2734876
1790759113569 2814276
1790759113946 3077668
1790759114334 3149348
1790759114677 3223076
1790759117672 3294464
1790759117837 3368192
1790759118048 3507156
