# timestamp_ms rss_kb
1790761254688 251816
1790761254877 257672
1790761255211 266024
1790761255679 276016
1790761256247 285948
1790761257235 292636
1790761257345 300972
1790761257453 307752
1790761261219 319364
1790761261258 341892
1790761261320 354180
1790761261359 367656
1790761261586 375644
1790761261905 385460
1790761262418 393228
1790761262478 401612
1790761263086 422808
1790761263723 434808
1790761263788 455012
1790761263831 471932
1790761264407 529044
1790761264469 566980
1790761264505 626272
1790761264705 655532
1790761266970 668756
1790761267804 682140
1790761282654 706328
1790761283595 726464
1790761284407 741100
1790761284786 761752
1790761284888 811036
1790761292659 851744
1790761294304 869420
1790761334185 899772
1790761334258 925732
1790761336154 977636
