1785831027858 116164 15
1785831027951 168780 13
1785831028019 171500 12
1785831028099 205676 12
1785831028163 226832 12
1785831028244 264084 13
1785831028310 282168 13
1785831028394 330736 13
1785831028460 337500 13
1785831028528 342516 11
1785831028587 392836 13
1785831028692 448104 13
1785831028826 503504 14
1785831028934 531632 13
1785831029000 558836 12
1785831029089 609532 15
1785831029225 658740 14
1785831029292 669504 14
1785831029377 681336 13
1785831029450 739816 13
1785831029525 790100 13
1785831043109 791940 16
1785831043180 866796 14
1785831093682 868648 17
1785831169156 868836 15
