# timestamp_ms rss_kb
1790742112856 27944
1790742112977 41292
1790742113057 47200
1790742114097 48640
1790742115060 57640
1790742115137 108880
1790742115215 123344
1790742115335 156760
1790742115412 177704
1790742116366 183292
1790742116448 191176
1790742116584 199692
1790742117029 203768
1790742117211 211256
1790742117300 227604
1790742117442 232164
1790742117531 238600
1790742117702 249436
1790742117797 286868
1790742117891 362744
1790742117991 455072
1790742118087 561624
1790742118183 580076
1790742119515 621080
1790742119605 662044
1790742119697 703040
1790742119791 735840
1790742121055 751696
1790742121896 799028
1790742121987 820240
1790742122078 853624
1790742122302 871772
1790742122398 904856
1790742122672 925596
1790742127564 945204
1790742132146 964932
1790742134636 1021312
1790742134738 1064320
1790742134836 1101188
1790742134937 1131916
1790742152634 1154624
1790742178038 1179968
1790742179046 1241272
1790742179148 1367200
1790742180406 1399788
1790742180998 1431852
1790742181939 1464568
1790742246303 1510088
1790742445925 1542856
1790742775781 1571360 (true peak, below trigger threshold; snapshot is in peaks/peak.smaps)
