1790742112856 27944 26
1790742112977 41292 21
1790742113057 47200 22
1790742113981 47236 20
1790742114097 48640 19
1790742114922 48728 20
1790742114990 49492 21
1790742115060 57640 23
1790742115137 108880 22
1790742115215 123344 22
1790742115335 156760 21
1790742115412 177704 21
1790742115844 177716 21
1790742116366 183292 23
1790742116448 191176 22
1790742116584 199692 23
1790742116669 202212 22
1790742117132 205084 25
1790742117211 211256 25
1790742117300 227604 24
1790742117442 232164 24
1790742117531 238600 25
1790742117622 243052 24
1790742117702 249436 29
1790742117797 286868 28
1790742117891 362744 30
1790742117991 455072 27
1790742118087 561624 28
1790742118183 580076 24
1790742118688 580100 25
1790742119432 584216 24
1790742119515 621080 24
1790742119605 662044 28
1790742119697 703040 29
1790742119791 735840 25
1790742120398 736120 24
1790742120694 743924 27
1790742121055 751696 26
1790742121630 756816 28
1790742121896 799028 26
1790742121987 820240 27
1790742122078 853624 27
1790742122302 871772 27
1790742122398 904856 27
1790742122497 915652 30
1790742122672 925596 28
1790742122830 939076 27
1790742123752 939816 28
1790742125726 943984 29
1790742127564 945204 30
1790742129314 947256 31
1790742131120 951352 31
1790742132146 964932 31
1790742133277 966896 28
1790742134074 976064 25
1790742134636 1021312 27
1790742134738 1064320 30
1790742134836 1101188 29
1790742134937 1131916 27
1790742135485 1131928 29
1790742136114 1133020 30
1790742137567 1134252 27
1790742138236 1135256 27
1790742139164 1135632 28
1790742139783 1135644 28
1790742140381 1137668 33
1790742141170 1137676 31
1790742141956 1137684 29
1790742143191 1138084 28
1790742143969 1138376 28
1790742144743 1138388 29
1790742145460 1138396 28
1790742145905 1150824 27
1790742146670 1152696 31
1790742147722 1152740 28
1790742148320 1153004 31
1790742149358 1153040 27
1790742149956 1153056 28
1790742150626 1153504 30
1790742151899 1153648 30
1790742152546 1154524 29
1790742153803 1154628 28
1790742154419 1154836 30
1790742155398 1154852 29
1790742156046 1154868 29
1790742156644 1155224 32
1790742157454 1155236 31
1790742158126 1158680 29
1790742159247 1158688 29
1790742162615 1159132 27
1790742164069 1159176 29
1790742164871 1159180 29
1790742165504 1160884 31
1790742169268 1161424 32
1790742177825 1165488 30
1790742178038 1179968 27
1790742178898 1182580 28
1790742179046 1241272 30
1790742179148 1367200 27
1790742179729 1369568 29
1790742180406 1399788 29
1790742180998 1431852 31
1790742181694 1440908 32
1790742181791 1459380 32
1790742246303 1510088 30
1790742246981 1517328 31
1790742248197 1518024 32
1790742312469 1525364 32
1790742378386 1527148 34
1790742444449 1529784 34
1790742445825 1536164 35
1790742578170 1549660 35
1790742643047 1551148 36
1790742775781 1571360 33
