# timestamp_ms rss_kb
1785737937122 222404
1785737937182 260356
1785737938725 266076
1785737938800 326056
1785737938914 355160
1785737938977 379676
1785737939037 398112
1785737939097 416552
1785737939159 434992
1785737939224 465384
1785737939291 481768
1785737939360 500200
1785737939430 518636
1785737939501 531912
1785737939574 547872
1785737939646 567152
1785737939720 585584
1785737939795 600348
1785737939868 617020
1785737939948 635452
1785737940023 653888
1785737940100 668660
1785737940184 685296
1785737940264 703728
1785737940346 722164
1785737940496 749444
1785737940579 767880
1785737940667 786312
1785737940821 813580
1785737940906 832012
1785737940990 850444
1785737941145 877704
1785737941233 896136
1785737941320 914568
1785737941473 941804
1785737941642 972524
1785737941811 1001804
1785737941978 1034572
1785737942153 1063816
1785737942328 1091560
1785737942511 1123772
1785737942696 1152984
1785737942884 1183704
1785737943073 1214948
1785737943266 1244120
1785737943449 1274840
1785737943643 1304000
1785737943844 1333140
1785737944028 1363860
1785737944230 1393004
1785737944437 1424156
1785737944643 1455296
1785737944951 1498700
1785737945173 1529792
1785737945399 1560864
1785737945720 1604528
1785737946026 1648012
1785737946356 1691644
1785737946679 1732876
1785737947088 1790920
1785737964103 1837956
1785737964762 1938168
1785737965485 2018824
1785737967928 2059336
1785738000589 2112224
1785738031874 2158464
1785738062812 2203008
1785738093830 2249600
1785738124941 2296192
1785738155911 2343300
1785738187076 2391432
1785738218244 2439304
1785738249584 2489756
1785738280922 2539960
1785738341953 2603192
1785739716740 2657004
1785739719843 2710764
1785739723051 2766316
1785739726283 2821896
1785739729467 2879496
1785739732884 2938632
1785739736470 3000100
1785739740206 3060772
1785739743810 3123748
1785739747768 3186468
1785739751555 3250496
1785739755304 3316304
1785740829804 3338884 (true peak, below trigger threshold; snapshot is in peaks/peak.smaps)
