# timestamp_ms rss_kb
1785365805309 252868
1785365805662 257928
1785365805985 263732
1785365806330 279232
1785365806750 286184
1785365806959 307464
1785365807076 397576
1785365807199 481140
1785365807324 522200
1785365807449 549588
1785365807576 588984
1785365807704 617748
1785365807835 642000
1785365808074 658964
1785365808201 684812
1785365808455 712636
1785365808596 739948
1785365808856 760792
1785365809075 780956
1785365809213 832096
1785365809359 893016
1785365809506 939776
1785365809654 973892
1785365809799 1011744
1785365809949 1048504
1785365810103 1080176
1785365810384 1118248
1785365810895 1145724
1785365811030 1177840
1785365811282 1218572
1785365811547 1259280
1785365814771 1425864
1785365814920 1720776
1785365815155 1871740
1785365815301 2076540
1785365815706 2130004
1785365815846 2326612
1785365815982 2468512
1785365820591 2585744
1785365820734 2647760
1785365827244 2706940
1785365827530 2764284
1785365827776 2821628
1785365827892 2968884
