1790758838687 56
1790758838779 29
1790758838837 51
1790758838925 25
1790758839761 53
1790758839842 28
1790758839901 26
1790758839957 29
1790758840753 53
1790758840835 49
1790758840924 52
1790758841013 53
1790758841106 52
1790758841191 53
1790758841285 54
1790758841380 52
1790758841474 54
1790758841567 31
1790758841630 54
1790758841724 54
1790758841818 29
1790758841879 54
1790758841974 54
1790758842068 32
1790758842131 55
1790758842227 54
1790758842322 54
1790758842416 53
1790758842511 57
1790758842609 32
1790758842672 31
1790758842734 53
1790758842829 56
1790758842925 29
1790758842985 28
1790758843047 56
1790758843146 57
1790758843243 55
1790758843337 54
1790758843433 53
1790758843526 58
1790758843623 54
1790758843719 55
1790758843815 32
1790758843879 34
1790758843945 60
1790758844047 55
1790758844143 56
1790758844229 57
1790758844327 53
1790758845081 53
1790758845165 60
1790758845261 31
1790758845329 34
1790758845409 57
1790758845696 29
1790758845760 33
1790758845827 33
1790758845898 65
1790758846016 63
1790758846117 33
1790758846197 64
1790758846299 33
1790758846370 65
1790758846469 33
1790758846553 33
1790758846626 64
1790758846725 32
1790758846796 33
1790758846879 66
1790758846982 34
1790758847054 66
1790758847156 34
1790758847242 35
1790758847316 67
1790758847419 32
1790758847488 31
1790758847569 64
1790758847669 33
1790758847741 69
1790758847847 33
1790758847920 35
1790758848007 64
1790758848107 33
1790758848180 33
1790758848249 69
1790758848357 34
1790758848444 69
1790758848549 32
1790758848620 34
1790758848691 70
1790758848799 33
1790758848885 71
1790758848992 35
1790758849067 36
1790758849140 69
1790758849260 34
1790758849334 33
1790758849406 69
1790758849513 35
1790758849587 34
1790758849670 71
1790758849781 33
1790758849854 32
1790758849922 72
1790758850033 34
1790758850118 69
1790758850229 80
1790758850396 106
1790758850851 193
1790758851370 99
1790758851722 99
1790758852054 98
1790758852383 100
1790758852687 96
1790758852981 200
1790758854389 100
1790758854681 197
1790758855139 99
1790758855426 98
1790758855729 198
1790758856107 94
1790758856390 198
1790758856918 204
1790758857464 205
1790758858006 212
1790758858541 214
1790758859089 214
1790758859609 218
1790758860524 106
1790758860836 101
1790758861214 106
1790758861537 227
1790758862832 226
1790758863272 229
1790758864224 107
1790758864529 105
1790758864845 107
1790758865204 104
1790758865601 106
1790758865914 223
1790758866337 107
1790758866647 98
1790758866938 106
1790758867289 100
1790758867592 105
1790758867906 108
1790758868213 103
1790758868707 225
1790758869136 105
1790758869442 109
1790758869756 97
1790758870045 105
1790758870394 108
1790758870706 106
1790758871022 102
1790758871322 227
1790758871941 105
1790758872249 104
1790758872558 104
1790758873260 104
1790758873569 107
1790758873883 223
1790758874308 106
1790758874812 110
1790758875125 106
1790758875445 106
1790758875752 110
1790758876247 105
1790758876554 223
1790758876984 105
1790758877292 106
1790758877881 110
1790758878190 102
1790758878859 101
1790758879169 216
1790758879631 106
1790758879985 106
1790758880295 106
1790758880604 108
1790758880969 103
1790758881465 103
1790758881779 221
1790758882203 105
1790758882533 107
1790758884288 225
1790758885336 105
1790758885646 103
1790758886292 102
1790758886641 224
1790758887176 222
1790758887838 108
1790758888162 231
1790758889524 105
1790758889832 109
1790758890150 233
1790758890704 108
1790758891042 241
1790758891697 110
1790758892408 109
1790758892734 103
1790758893056 107
1790758893738 229
1790758894190 107
1790758894520 107
1790758894852 108
1790758895408 111
1790758895719 112
1790758920051 237
1790758920514 110
1790758920848 111
1790758921179 110
1790758946967 232
1790758947429 110
1790759054576 239
1790759055042 112
1790759055456 110
1790759056043 113
1790759056423 110
