1790758838687 46360 27
1790758838837 48280 21
1790758839761 48772 22
1790758840753 48880 24
1790758840835 56456 22
1790758840924 80340 22
1790758841013 140424 22
1790758841106 143224 23
1790758841191 177552 24
1790758841285 191444 23
1790758841380 228368 23
1790758841474 246868 23
1790758841630 302256 22
1790758841724 320776 23
1790758841879 357720 23
1790758841974 376188 23
1790758842131 411940 25
1790758842227 431256 25
1790758842322 445496 25
1790758842416 463940 25
1790758842511 500608 25
1790758842734 537804 23
1790758842829 556272 24
1790758843047 593196 26
1790758843146 611652 25
1790758843243 625548 24
1790758843337 644004 25
1790758843433 662444 24
1790758843526 676228 26
1790758843623 712352 25
1790758843719 730272 24
1790758843945 768432 26
1790758844047 786864 25
1790758844143 800692 25
1790758844229 819140 25
1790758844327 837592 23
1790758845081 837864 25
1790758845165 848372 26
1790758845409 860068 25
1790758845898 917640 33
1790758846016 931460 29
1790758846197 944276 31
1790758846370 954948 31
1790758846626 971600 32
1790758846879 986428 30
1790758847054 996728 32
1790758847316 1013376 32
1790758847569 1028132 32
1790758847741 1038580 33
1790758848007 1055292 32
1790758848249 1067780 36
1790758848444 1080160 35
1790758848691 1092652 33
1790758848885 1105172 36
1790758849140 1119916 35
1790758849406 1136572 35
1790758849670 1153256 38
1790758849922 1165832 37
1790758850118 1178268 36
1790758850229 1462884 43
1790758850396 2492444 53
1790758850851 3962500 98
1790758852981 3963636 102
1790758854681 4118812 99
1790758855729 4163396 102
1790758856390 4244312 102
1790758856918 5570844 105
1790758857464 7331660 109
1790758858006 9082660 112
1790758858541 9521096 114
1790758859089 10235608 115
1790758859609 10402552 116
1790758861537 10923796 119
1790758862832 11059680 120
1790758863272 11567544 122
1790758865914 11580884 121
1790758868707 11583636 119
1790758871322 11585828 122
1790758873883 11587200 122
1790758876554 11588312 119
1790758879169 11590068 115
1790758881779 11591996 117
1790758884288 11593196 121
1790758886641 12913656 122
1790758887176 13366128 119
1790758888162 13660512 125
1790758890150 14007548 129
1790758891042 15262964 130
1790758893738 15280564 124
1790758920051 15322340 129
1790758946967 15417004 127
1790759054576 15473720 130
