# timestamp_ms rss_kb
1790714930014 262308
1790714930204 267808
1790714930491 273288
1790714930713 278912
1790714931147 285756
1790714931717 307952
1790714932476 318420
1790714932516 379944
1790714932583 388936
1790714932644 466564
1790714932739 488048
1790714932785 502512
1790714932856 518844
1790714932900 541008
1790714932997 568320
1790714933094 583912
1790714933141 597224
1790714933267 620556
1790714933366 639368
1790714933491 653048
1790714933644 672484
1790714933857 689092
1790714934078 705884
1790714934323 727160
1790714934424 744524
1790714934678 762644
1790714934783 781700
1790714934921 810220
1790714934977 842184
1790714935057 860448
1790714935670 878844
1790714936851 896640
1790714936998 914828
1790714937538 941468
1790714937600 974564
1790714937719 1009516
1790714937840 1033476
1790714937991 1056932
1790714938111 1078308
1790714938300 1102176
1790714938458 1133344
1790714939019 1156572
1790714939066 1186448
1790714939307 1219096
1790714939564 1246748
1790714942790 1277148
1790714942841 1307280
1790714942885 1338000
1790714942933 1520272
1790714943010 1591952
1790714943059 1700496
1790714943280 1763396
1790714943326 1892420
1790714943436 2007108
1790714943542 2117700
1790714945165 2173096
1790714945216 2236584
1790714945291 2345128
1790714945343 2425000
1790714945564 2514068
1790714949672 2584812
1790714949758 2655020
1790714957999 2717152
1790714958339 2774496
1790714958583 2866456
