1790714930216 57
1790714931705 57
1790714932515 63
1790714932637 64
1790714932762 66
1790714932887 61
1790714933255 64
1790714934950 71
1790714937579 73
1790714937724 75
1790714937872 76
1790714938022 74
1790714938173 75
1790714938320 77
1790714938445 76
1790714938713 38
1790714938793 36
1790714938871 66
1790714938979 36
1790714939077 68
1790714939207 67
1790714939321 68
1790714942799 76
1790714942920 74
1790714943058 70
1790714943323 72
1790714943438 70
1790714945075 68
1790714945185 69
1790714945315 71
1790714949647 77
1790714949768 75
1790714949951 39
1790714950085 40
