1785826218404 17864 14
1785826218472 22616 13
1785826218536 33944 15
1785826218608 86228 16
1785826218682 93368 17
1785826218760 101216 17
1785826218840 108276 17
1785826218920 113524 17
1785826219002 117988 18
1785826219086 120096 18
1785826219158 123540 17
1785826219240 129112 19
1785826219377 132116 19
1785826219514 133856 20
1785826219589 136336 19
1785826219673 139728 19
1785826219760 145112 21
1785826219851 153292 22
1785826219943 165588 22
1785826220041 254116 25
1785826220148 259532 25
1785826220297 266412 25
1785826220403 275948 25
1785826220514 281036 28
1785826220618 290908 27
1785826220734 301764 26
1785826220856 311180 29
1785826220982 318632 27
1785826221107 326996 28
1785826221233 340656 29
1785826221362 347788 29
1785826221573 356716 31
1785826221723 452860 31
1785826221859 459248 31
1785826221976 463876 31
1785826222193 469896 31
1785826222397 478352 32
1785826222535 485668 33
1785826222655 490852 32
1785826222796 508748 35
1785826222941 518924 35
1785826223088 526088 37
1785826223210 534428 37
1785826223360 547940 35
1785826223508 556272 35
1785826223637 581332 39
1785826223802 763204 43
1785826223978 955012 45
1785826224153 1047604 41
1785826224510 1069092 42
1785826224680 1116196 41
1785826224843 1161252 44
1785826225011 1204260 44
1785826225183 1249316 42
1785826225347 1290276 44
1785826225521 1337380 43
1785826225686 1380388 43
1785826225851 1425444 42
1785826226016 1468452 44
1785826226186 1598176 42
1785826226353 1841912 46
1785826226593 1892948 51
1785826227328 2154744 49
1785826227514 2422444 51
1785826240677 2435824 50
