# timestamp_ms rss_kb
1785388574312 249444
1785388574619 256048
1785388575059 261352
1785388575433 267704
1785388575599 275792
1785388575847 281524
1785388576074 287376
1785388576173 297452
1785388576276 337184
1785388576391 438572
1785388576506 479304
1785388576622 518328
1785388576740 552852
1785388576863 581056
1785388577057 592972
1785388577176 606504
1785388577298 625392
1785388577515 642556
1785388577609 660976
1785388577733 677068
1785388577957 695104
1785388578157 718212
1785388578387 743384
1785388578511 758484
1785388578742 795516
1785388578869 832564
1785388579009 887320
1785388579151 910896
1785388579295 953172
1785388579556 993412
1785388579700 1018628
1785388579966 1055048
1785388580114 1084852
1785388580263 1122820
1785388580726 1147208
1785388580854 1177176
1785388581089 1217804
1785388581329 1253136
1785388584682 1419576
1785388584812 1704248
1785388585052 1740524
1785388585186 1908460
1785388585320 2103020
1785388589645 2191512
1785388590258 2236656
1785388598246 2303128
1785388598593 2364568
1785388658885 2462724
1785388670431 2499608 (true peak, below trigger threshold; snapshot is in peaks/peak.smaps)
