1790742112853 44644 28
1790742113008 46568 22
1790742113913 46840 23
1790742114922 46936 22
1790742115002 55392 20
1790742115089 104088 22
1790742115222 120960 22
1790742115355 156992 23
1790742115445 175456 23
1790742115945 175472 23
1790742116367 183248 22
1790742116460 190400 23
1790742116554 196152 25
1790742116654 200776 22
1790742117147 207520 25
1790742117248 223944 25
1790742117416 232464 26
1790742117520 239180 26
1790742117623 243384 26
1790742117716 249720 27
1790742117823 338108 26
1790742117932 446800 27
1790742118041 553312 27
1790742118146 574836 28
1790742119422 574844 26
1790742119515 611724 23
1790742119617 667048 27
1790742119722 722352 26
1790742119825 730448 27
1790742120394 731512 24
1790742120687 743444 28
1790742121300 750432 27
1790742121795 760072 26
1790742121888 797136 27
1790742121994 839480 28
1790742122101 850992 26
1790742122287 868492 28
1790742122395 885428 28
1790742122495 896876 28
1790742122631 907476 28
1790742122823 918612 28
1790742123761 919620 29
1790742125825 923264 28
1790742127780 925768 28
1790742129821 927820 28
1790742131916 931916 30
1790742133185 939776 30
1790742133359 967324 28
1790742134073 975404 27
1790742134634 1018556 28
1790742134752 1080028 32
1790742134869 1131248 29
1790742135487 1131256 29
1790742136125 1141932 29
1790742136730 1143776 30
1790742137431 1146584 32
1790742138121 1146604 32
1790742139075 1147192 31
1790742139919 1147312 28
1790742140641 1147532 29
1790742141741 1147840 32
1790742142592 1148600 31
1790742143276 1148608 29
1790742143958 1148640 32
1790742144674 1148804 30
1790742145354 1148884 28
1790742145917 1163292 28
1790742147117 1163340 30
1790742147791 1163348 32
1790742149221 1163488 31
1790742149947 1163516 31
1790742150684 1163612 29
1790742151893 1163636 30
1790742152560 1163652 29
1790742153568 1163700 30
1790742154228 1163728 31
1790742155394 1163736 29
1790742156027 1164208 27
1790742157180 1164228 29
1790742157830 1164264 28
1790742158608 1164360 29
1790742159402 1164524 28
1790742160126 1165232 31
1790742162617 1165284 30
1790742163884 1165756 29
1790742164880 1166544 27
1790742165498 1168760 29
1790742177824 1169588 31
1790742177928 1196288 31
1790742178938 1250460 33
1790742179057 1295928 31
1790742179266 1370800 30
1790742179386 1514772 31
1790742179512 1578296 33
1790742180240 1584708 32
1790742180418 1612484 30
1790742180604 1705500 37
1790742247071 1775932 32
1790742378486 1803600 36
1790742444556 1808856 34
1790742445253 1809112 33
1790742641965 1816276 33
1790742708536 1819372 33
1790742773611 1836772 32
