1790724827303 440132 23
1790724827633 444976 24
1790724827725 450756 25
1790724827833 617040 26
1790724828082 667568 24
1790724828408 706124 25
1790724828689 721484 26
1790724828930 733304 26
1790724829246 741256 26
1790724829472 759512 28
1790724829589 772904 26
1790724829688 782704 41
1790724829834 802084 28
1790724829950 867660 27
1790724830112 910296 26
1790724830232 926952 28
1790724830451 940180 27
1790724830699 965140 30
1790724830850 979708 29
1790724831217 1037748 30
1790724831661 1085100 29
1790724832869 1209668 29
1790724833325 1236680 31
1790724833649 1251160 31
1790724834223 1269872 30
1790724834387 1291752 30
1790724834729 1315724 29
1790724835149 1350224 31
1790724835625 1394088 32
1790724835851 1435416 32
1790724836764 1439624 34
1790724840523 1527600 31
1790724844771 1557492 33
1790724845591 1559792 34
1790724849257 1606256 35
1790724851377 1633476 34
1790724853385 1645896 35
1790724853572 1674960 32
1790724854302 1676180 32
1790724855705 1691048 47
1790724858075 1719272 35
