0
0
0
1
2
3
4
5
6
8
9
11
14
16
19
22
26
30
36
42
48
58
73
91
114
143
178
221
276
307
384
497
655
577
697
847
1061
1322
1587
1970
2491
3051
3106
3595
3870
4742
5761
7127
8818
10902
13505
16793
17391
18733
19745
20548
22730
24894
27312
30027
32596
36001
38278
40793
43388
45678
48555
51216
53512
54663
58621
61572
64208
64534
64653
64694
65832
79991
87091
88925
89078
69631
70069
70505
78324
79700
65011
78720
85893
86518
67768
67573
66750
77009
76902
68678
81922
83333
84028
65498
65233
66887
74446
74345
66194
77884
80773
81468
62528
63043
64352
71888
71782
61555
74070
78213
78908
59822
60184
61490
69331
69922
57036
68787
75653
76278
57066
57720
54624
64966
66534
66662
59746
71473
73093
73788
55226
54539
55913
63477
63912
64107
57993
69170
70533
71227
52028
52547
53232
60153
61549
61541
52961
63921
67972
68667
49305
49732
49982
54797
59085
59621
43786
52088
62253
65412
66107
47247
46899
47633
50053
56527
56663
56283
49961
60014
62852
63547
44740
44362
44805
43599
51960
54094
53867
40406
48011
57242
60292
60987
41769
42247
42307
38482
47931
51378
51684
36882
39587
42310
42648
41530
41510
41492
42382
42720
43546
42809
44866
45579
44135
44442
44462
44343
46712
45740
47200
46295
46947
47347
46707
47827
47853
49338
49075
48784
50890
50886
50691
50471
50723
51099
51382
51795
52227
52029
52350
52703
53073
53499
53958
54432
55102
55808
56163
56497
56987
57113
58663
57854
59293
57974
58325
58691
59955
60307
60595
62765
62841
61114
62260
63420
63244
65277
65261
64752
65108
65150
65756
65628
65957
67773
69580
67798
69032
69833
71446
70260
71308
70724
72252
73908
72287
73428
75016
74580
76572
75372
75884
46202
46256
46267
46321
48778
51967
55338
43291
54002
42365
42397
42442
42484
32974
40102
45155
48589
52822
44442
45296
29295
30026
29598
29394
29808
29514
31616
30254
30897
31366
32993
31388
31498
33682
32750
33938
32896
31988
33506
33286
32831
35522
34338
33825
35518
35362
34498
36625
36074
35937
36539
36253
35778
36677
37522
37353
38314
37841
38028
37809
39989
39305
38863
41178
40826
40463
39647
40490
40610
41346
40385
42058
42662
42416
42072
42433
43259
43963
43884
43567
44403
45880
44587
45419
45791
46131
45331
46435
48327
47914
47280
49117
48547
48139
49061
49375
49767
49359
50235
49755
50323
52874
53247
53681
53867
51811
52167
52944
53313
53268
53805
54359
55079
54735
55451
56459
56384
56995
57907
58233
58593
58963
59564
61306
60880
60068
59866
61587
61659
63327
63148
62479
62467
64436
64007
38008
40344
42935
45770
48618
51749
55277
58799
62620
66428
70348
74156
78077
79769
81238
82036
81408
82262
81501
82901
81449
83024
81459
82934
81571
83144
81995
83350
82632
81402
82961
81390
83073
81631
83243
81803
83531
82408
84210
83276
83535
84017
83013
84751
84266
83110
85194
84482
83048
84936
83687
85611
84666
83582
85739
85130
84221
85951
85940
85252
84387
86298
85835
85322
84494
86420
85990
85596
84929
86903
86693
86193
85842
86530
87518
87421
86893
86314
87000
87789
87423
86363
87195
88060
37815
42464
46265
44967
45982
45675
46488
45385
46031
47027
48033
47428
49519
49254
48834
48711
49715
50051
50399
50037
49644
50934
51010
51142
51182
52406
52724
53123
52390
52910
53509
54264
53991
54361
55391
56417
56171
56587
56849
58159
57491
58833
57843
58295
58563
59738
60551
61639
61251
60840
61529
62338
62789
64691
65179
63169
64876
65556
66412
65740
66100
67953
66582
66809
68337
68205
68924
69276
71035
69668
71168
72415
71441
72620
72442
72984
73302
75593
74556
74858
74897
76652
75980
77500
76808
78579
58163
40080
46515
50481
55351
46609
47965
29908
29820
31812
30452
31302
31036
30434
31319
31702
31695
32387
31657
32820
31898
33320
33140
32823
35304
33926
34222
36132
35204
35046
36504
35644
35248
35916
36286
35596
37476
37096
37394
36734
38436
38361
37625
39876
39076
38271
40751
41104
39836
39550
39554
40258
41266
41164
41548
42276
42914
42206
42332
41798
43885
44950
43556
44298
43420
44460
46122
45010
46165
46069
46434
46040
46347
46276
48196
47636
49450
49034
48556
49011
49964
49711
50411
50102
49979
50527
51289
51046
53877
51900
53787
52403
52773
53567
53429
53681
54195
55132
55062
56233
56063
57510
57549
57568
58565
60068
58981
60683
59464
60045
60333
60931
61229
63571
63765
62295
63366
63862
65646
66151
34663
34646
34686
34722
34765
36918
32056
35906
38236
40816
43472
45861
48918
52078
55366
58407
62214
66224
64644
64717
64806
77295
88737
89079
70056
70965
77410
79211
62572
75061
86365
86518
67920
68224
73589
76785
59383
72261
83805
83958
64878
65678
69685
74662
74441
70220
80773
81398
62671
62533
65034
71885
71782
61788
74119
78213
78908
59704
60255
60409
69328
69855
56955
67570
75653
76278
57032
57580
55655
66357
66651
50408
59607
71515
73093
73788
55005
54051
55251
63284
63973
64102
58418
68472
70532
71227
52494
51645
52697
59967
61847
61547
53281
63920
67972
68667
49288
49724
50238
55290
59029
58987
45845
55126
65716
65827
66457
47345
47192
47631
51032
56531
56786
39185
48657
58074
62852
63547
44236
44385
44890
45653
53480
53791
53861
42821
50823
60589
60917
41485
42156
42089
40815
50676
51379
51301
35382
41032
40130
42794
42713
42443
41537
41911
42542
43129
43898
42835
43615
44858
46114
44926
45197
45292
45427
45699
46677
48339
47555
47889
47792
48434
47550
48185
48461
50838
50571
50363
50441
52563
52569
52609
52695
52707
53057
53443
54004
54697
55515
56151
54845
55698
57030
57031
56040
57027
56926
56851
57843
58719
59014
59505
61237
60661
59979
60144
60717
62022
62088
64329
64452
63092
64215
64837
66572
66429
65108
66452
68261
66452
67412
67956
69330
68260
69748
70283
70585
71468
72519
71745
73146
72404
73828
74013
74636
75000
77141
46178
46217
46248
46284
46313
49176
52393
55785
44674
55460
42361
42422
42456
42495
34154
42682
46918
50846
44003
44865
24430
29468
29169
28801
31104
29399
31610
30878
31864
30460
30721
32587
31842
33062
31893
31881
32150
32998
32564
33778
33234
34709
34072
33631
35396
34741
34398
36098
35721
35713
35774
37095
36700
36282
37345
36972
36977
36949
39016
38213
37958
40137
40028
39427
38960
39229
41455
40468
40321
41080
41885
42411
42101
42182
42212
43797
42894
43563
44171
43967
43823
44405
45650
46429
45981
45798
46355
47019
46148
47059
47253
48926
48696
48491
49958
49955
50010
49898
50006
50868
50915
51667
51887
52838
52311
53473
53053
53432
54011
54815
54892
55045
56006
56167
55848
56098
56282
57563
58366
58692
59678
59306
60639
59647
60024
61183
61201
63009
62981
62558
62754
63896
65025
65617
38436
41059
43732
46532
49536
52836
56247
59928
63712
67632
71552
75361
79281
80897
82487
81003
82576
81105
82682
81230
82802
81402
82937
81661
83165
82051
82976
82461
82192
82714
81908
82988
81714
83399
82140
83806
82683
83954
83247
83726
83715
82707
84271
83610
84210
84085
83433
84577
84362
83483
84732
84420
84067
84805
84526
84790
85113
84985
84397
85674
85147
84994
85507
85812
85575
85259
86124
86246
85788
85686
86110
86806
86566
86126
86109
86879
87298
87092
86815
86695
87086
86459
87323
88188
37825
44882
45181
44431
45111
46694
46091
47161
46825
47348
47289
47225
48087
48543
48116
50364
50305
50292
50213
50304
52051
52536
52892
51550
53559
53719
54329
53151
53510
53937
54252
54844
55550
56781
55508
55668
55938
56588
57849
57888
58210
58763
60493
60273
59423
60077
60240
61444
61310
62933
63423
62435
63038
63281
63810
64012
64017
65365
66424
67440
65866
67252
68743
67657
68404
69009
70479
68866
70592
71062
70700
71943
72552
72231
73411
73336
74378
74853
75169
76871
75549
76656
76373
77706
77671
57420
39000
45871
49813
54533
46313
47642
29886
31442
30718
30616
31501
30585
31756
31786
31510
33199
32501
32165
32685
32281
33551
33548
33714
33821
33827
34397
34435
34930
34751
35452
35828
35379
36400
36178
36646
36476
36998
37421
37412
37741
38226
38694
38024
38822
39240
39622
39167
40327
40780
40757
40974
40893
41507
42218
42039
42214
42587
42912
43047
43463
43918
44049
44431
44828
45166
45208
45717
45826
46493
46593
47068
46995
47559
47689
48683
48426
48535
49329
49738
49815
50169
50771
51008
51325
51622
52064
52297
52239
52688
53233
53957
54722
54526
55490
55481
55691
56365
56491
56727
57393
57451
57949
58678
59323
59247
59387
59880
60418
60652
61214
61747
61988
63023
62915
64128
63994
59106
34586
34626
34660
34719
34708
34753
42040
