1790740743679 58
1790740743797 51
1790740743886 30
1790740744757 51
1790740744861 28
1790740744918 27
1790740745753 48
1790740745830 52
1790740745921 50
1790740746010 48
1790740746100 52
1790740746183 54
1790740746607 26
1790740746746 49
1790740747013 29
1790740747090 55
1790740747190 52
1790740747287 53
1790740747382 57
1790740747619 28
1790740747681 32
1790740747746 30
1790740747810 30
1790740747874 61
1790740747982 58
1790740748087 55
1790740748188 59
1790740748284 57
1790740748388 59
1790740748493 57
1790740748587 55
1790740748692 58
1790740748796 60
1790740748893 57
1790740749001 60
1790740749107 60
1790740749204 60
1790740749313 59
1790740749420 61
1790740749518 58
1790740749626 62
1790740749736 62
1790740749835 32
1790740749916 63
1790740750027 64
1790740750127 32
1790740750209 64
1790740750320 63
1790740750419 32
1790740750502 63
1790740750613 65
1790740750714 61
1790740750825 64
1790740750925 62
1790740751035 61
1790740751134 64
1790740751244 65
1790740751345 30
1790740751424 69
1790740751530 33
1790740751611 66
1790740751715 63
1790740751825 32
1790740751896 70
1790740752002 65
1790740752133 65
1790740752237 31
1790740752317 69
1790740752422 33
1790740752512 78
1790740752675 104
1790740752996 181
1790740753496 101
1790740753878 100
1790740754384 108
1790740754708 100
1790740755014 199
1790740755645 104
1790740755943 99
1790740756563 102
1790740756872 194
1790740757388 103
1790740757712 206
1790740758120 104
1790740758424 203
1790740758941 237
1790740759506 239
1790740760077 226
1790740760643 238
1790740761223 254
1790740761818 258
1790740762426 268
1790740763530 224
1790740763983 221
1790740764887 110
1790740765240 226
1790740782754 248
1790740783239 248
1790740783725 261
1790740784327 256
1790740784825 278
1790740785454 291
1790740786094 314
1790740787059 112
1790740787415 122
1790740787791 232
1790740788379 239
1790740796362 268
1790740796874 115
1790740797241 281
1790740816774 272
1790740817289 291
1790740817939 316
1790740847481 302
1790740905461 302
1790740936341 290
1790741024745 305
1790741084277 309
