1790750706759 681
1790750707478 835
1790750708349 826
1790750709213 820
1790750710068 810
1790750710916 829
1790750711783 849
1790750712671 737
1790750713447 722
1790750714208 747
1790750714995 746
1790750715781 738
1790750716560 723
1790750717323 759
1790750718124 749
1790750718916 735
1790750719694 760
1790750720498 730
1790750721271 747
1790750722061 740
1790750722846 575
1790750723461 443
1790750726720 152
1790750726903 26
1790750726959 26
1790750727016 32
1790750727081 42
1790750727156 35
1790750727268 35
1790750727329 35
1790750727395 34
1790750727461 38
1790750727527 38
1790750727600 167
1790750727802 40
1790750727875 44
1790750727960 46
1790750728094 58
1790750728559 50
1790750728799 51
1790750729155 61
1790750729372 50
1790750729474 60
1790750729585 49
1790750729677 47
1790750729801 60
1790750729904 50
1790750729995 46
1790750730084 51
1790750730221 183
1790750732867 76
1790750732985 197
1790750733224 55
1790750733320 59
1790750733419 59
1790750733524 66
1790750733644 67
1790750734766 51
1790750734872 51
1790750735743 192
1790750739478 213
1790750739955 71
1790750740507 64
1790750740945 64
1790750741057 65
1790750742105 63
1790750742216 62
1790750742327 206
1790750743210 64
1790750743407 62
1790750743853 75
1790750744227 71
1790750744699 64
1790750745066 72
1790750745411 218
1790750748704 227
1790750748983 87
1790750749124 90
1790750749324 79
1790750750165 85
1790750750450 88
1790750750596 87
1790750757800 242
1790750764158 193
1790750764399 46
1790750764494 44
1790750765096 46
1790750765230 45
1790750765618 45
1790750765878 48
1790750766352 48
1790750766616 48
1790750766963 46
1790750767180 190
1790750767625 47
1790750767762 43
1790750767937 47
1790750768241 49
1790750768466 49
1790750768605 46
1790750768866 46
1790750769001 48
1790750769265 45
1790750769399 46
1790750769744 46
1790750770127 191
1790750770744 46
1790750771132 49
1790750771230 47
1790750771795 45
1790750772306 46
1790750772608 47
1790750773172 191
1790750773665 48
1790750773764 46
1790750774024 45
1790750774368 48
1790750774465 45
1790750774681 46
1790750774980 46
1790750775243 46
1790750775337 45
1790750775636 45
1790750775939 47
1790750776247 191
1790750776569 45
1790750776911 46
1790750777416 49
1790750777855 47
1790750778242 49
1790750778338 43
1790750778901 44
1790750779075 47
1790750779425 189
1790750779868 45
1790750780256 46
1790750780558 47
1790750780653 43
1790750780911 45
1790750781253 44
1790750781388 45
1790750781567 46
1790750781914 49
1790750782053 44
1790750782227 44
1790750782485 191
1790750782935 46
1790750783029 42
1790750783411 46
1790750783587 48
1790750783936 48
1790750784283 48
1790750784381 46
1790750784816 46
1790750785203 47
1790750785889 188
1790750786211 48
1790750786562 45
1790750786901 47
1790750787422 46
1790750787558 44
1790750787776 48
1790750788038 47
1790750788216 46
1790750788393 44
1790750788734 190
1790750789015 43
1790750789190 44
1790750789531 45
1790750789750 44
1790750789843 42
1790750790180 44
1790750790483 45
1790750790660 43
1790750791049 46
1790750791518 56
1790750791626 186
1790750792227 45
1790750792693 46
1790750793367 47
1790750811402 197
1790750812072 44
1790750812463 63
1790750812580 48
1790750813239 47
1790750813425 50
