# timestamp_ms rss_kb
1785803417878 256844
1785803418359 263156
1785803418736 279616
1785803419168 286420
1785803419348 310116
1785803419460 395888
1785803419584 480700
1785803419705 497012
1785803419831 537064
1785803419959 561204
1785803420087 594508
1785803420213 617960
1785803420341 638732
1785803420575 668276
1785803420712 690556
1785803420949 707640
1785803421053 728364
1785803421291 747364
1785803421505 767388
1785803421635 785576
1785803421777 852356
1785803421920 902080
1785803422056 948648
1785803422204 979852
1785803422352 1016132
1785803422624 1057940
1785803422775 1083892
1785803422927 1108168
1785803423084 1131180
1785803423621 1174180
1785803424122 1201752
1785803427309 1234864
1785803427445 1562544
1785803427572 1637344
1785803427704 1685908
1785803427845 1894804
1785803428249 1952276
1785803428382 2141564
1785803428516 2321788
1785803428646 2474904
1785803432903 2486640 (true peak, below trigger threshold; snapshot is in peaks/peak.smaps)
