1785803417878 256844 23
1785803418130 261316 19
1785803418438 265656 19
1785803418736 279616 21
1785803419073 284716 22
1785803419252 291260 21
1785803419348 310116 22
1785803419460 395888 24
1785803419584 480700 25
1785803419705 497012 26
1785803419831 537064 26
1785803419959 561204 25
1785803420087 594508 27
1785803420213 617960 27
1785803420341 638732 25
1785803420468 650480 25
1785803420575 668276 26
1785803420712 690556 27
1785803420838 700728 28
1785803421053 728364 26
1785803421181 741836 26
1785803421397 756452 25
1785803421505 767388 27
1785803421635 785576 28
1785803421777 852356 28
1785803421920 902080 27
1785803422056 948648 27
1785803422204 979852 29
1785803422352 1016132 28
1785803422500 1033836 28
1785803422624 1057940 28
1785803422775 1083892 29
1785803422927 1108168 31
1785803423084 1131180 31
1785803423509 1145964 28
1785803423621 1174180 29
1785803423923 1190464 30
1785803427018 1204776 28
1785803427309 1234864 28
1785803427445 1562544 30
1785803427572 1637344 32
1785803427704 1685908 31
1785803427845 1894804 31
1785803428249 1952276 32
1785803428382 2141564 31
1785803428516 2321788 31
1785803428646 2474904 30
1785803432903 2486640 34
