# timestamp_ms rss_kb
1790705444334 230632
1790705446773 241960
1790705446811 246840
1790705479560 275580
1790705479899 285904
1790705479939 307432
1790705480179 324532
1790705480219 342568
1790705480260 387204
1790705480306 410476
1790705480348 430348
1790705480422 451212
1790705480467 469224
1790705480512 498848
1790705480668 525832
1790705480716 548880
1790705480761 568720
1790705480808 581128
1790705480854 598460
1790705480900 613816
1790705480945 644240
1790705480988 664300
1790705481037 681324
1790705481083 701324
1790705481159 723748
1790705481205 746152
1790705481282 764584
1790705481390 787116
1790705481470 803772
1790705481520 822292
1790705481566 865224
1790705481615 994248
1790705481661 1121224
1790705481952 1148920
1790705481996 1219680
1790705482042 1348704
1790705482085 1473680
1790705517463 1513928
1790705517762 1553212
1790705518942 1591900
1790705519229 1635428
1790705734806 1668388
1790705736254 1683748 (true peak, below trigger threshold; snapshot is in peaks/peak.smaps)
