1786339619218 68
1786339621283 67
1786339621388 67
1786339621503 70
1786339621862 46
1786339622407 71
1786339622875 72
1786339623489 70
1786339625485 71
1786339650397 72
1786339663498 73
1786339669408 71
1786339698503 73
1786339700912 73
1786339701026 70
1786339701276 71
1786339701403 73
1786339701601 73
1786339701732 73
1786339701960 72
1786339702092 76
1786339702226 77
1786339702360 74
1786339702494 73
1786339702627 77
1786339702763 77
1786339702897 74
1786339703030 76
1786339703164 76
1786339703300 78
1786339703434 74
1786339703551 76
1786339703686 75
1786339703820 76
1786339703954 75
1786339704089 76
1786339704224 78
1786339704345 77
1786339704483 77
1786339704621 75
1786339704739 77
1786339704876 75
1786339705090 74
1786339706934 76
1786339707310 76
1786339707429 77
1786339707590 51
1786339707716 79
1786339707838 79
1786339708085 83
1786339708211 79
1786339708542 53
1786339708638 50
1786339708731 79
1786339708868 77
1786339709063 51
1786339709159 79
1786339709406 51
1786339709502 52
1786339709623 81
1786339709764 81
1786339709906 80
1786339710031 52
1786339710126 80
1786339710268 52
1786339710420 83
1786339710546 53
1786339710642 52
1786339710740 78
1786339710906 79
1786339711028 78
1786339711224 52
1786339711320 81
1786339711503 52
1786339711617 81
1786339711742 52
1786339711840 82
1786339711967 50
1786339712078 80
1786339712316 53
1786339712427 83
1786339712555 51
1786339712678 80
1786339712819 52
1786339712915 81
1786339713041 55
1786339713141 82
1786339713284 52
1786339713379 80
1786339713608 53
1786339713734 51
1786339713829 52
1786339713926 80
1786339714051 52
1786339714146 51
1786339714243 81
1786339714385 84
1786339714515 82
1786339714661 54
1786339714816 85
1786339714949 53
1786339715164 81
1786339715310 53
1786339715407 83
1786339715563 53
1786339715662 84
1786339715955 52
1786339716048 85
1786339716284 53
1786339716383 52
1786339716539 84
1786339716667 54
1786339716766 86
1786339716915 52
1786339717133 87
1786339717268 51
1786339717366 88
1786339717516 88
1786339717666 86
1786339717815 84
1786339717960 84
1786339718308 53
1786339718406 87
1786339718556 89
1786339718711 88
1786339718845 88
1786339718995 88
1786339719130 89
1786339719282 88
1786339719432 87
1786339719564 90
1786339719717 92
1786339719872 90
1786339720027 89
1786339720180 91
1786339720334 93
1786339720474 92
1786339720632 93
1786339720772 54
1786339721140 53
1786339721238 53
1786339721426 91
1786339721562 55
1786339721659 54
1786339721760 58
1786339721866 55
1786339721972 57
1786339722080 56
1786339722186 95
1786339722332 55
1786339722439 55
1786339722611 56
1786339722722 57
1786339722831 57
1786339722972 55
1786339723081 99
1786339723232 56
1786339723342 56
1786339723452 56
1786339723561 58
1786339723700 60
1786339723846 57
1786339723989 97
1786339724174 55
1786339724283 56
1786339724393 59
1786339724505 55
1786339724614 56
1786339724753 60
1786339724929 100
1786339725113 56
1786339725224 59
1786339725336 56
1786339725511 56
1786339725654 57
1786339725765 98
1786339725917 58
1786339726094 58
1786339726236 57
1786339726409 57
1786339726583 56
1786339726722 95
1786339726872 59
1786339726983 56
1786339727159 57
1786339727306 57
1786339727419 57
1786339727530 97
1786339727746 56
1786339727857 57
1786339727969 57
1786339728110 57
1786339728251 58
1786339728397 97
1786339728548 58
1786339728659 55
1786339728769 56
1786339728911 56
1786339729052 57
1786339729195 98
1786339729348 58
1786339729461 59
1786339729572 58
1786339729747 56
1786339729858 56
1786339729969 57
1786339730081 95
1786339730233 59
1786339730345 57
1786339730459 57
1786339730570 60
1786339730714 60
1786339730829 57
1786339730940 101
1786339731126 57
1786339731238 57
1786339731348 57
1786339731525 57
1786339731670 58
1786339731817 97
1786339732033 59
1786339732145 58
1786339732258 59
1786339732371 57
1786339732482 57
1786339732624 99
1786339732842 55
1786339732983 58
1786339733130 61
1786339733246 64
1786339733364 62
1786339733515 99
1786339733733 61
1786339733847 61
1786339734027 59
1786339734207 59
1786339734386 103
1786339734574 59
1786339734689 60
1786339734803 60
1786339734982 60
1786339735131 61
1786339735310 102
1786339735501 61
1786339735619 59
1786339735829 62
1786339735948 61
1786339736095 61
1786339736212 101
1786339736463 61
1786339736612 62
1786339736728 61
1786339736845 60
1786339736992 61
1786339737110 100
1786339737298 59
1786339737441 61
1786339737623 61
1786339737797 59
1786339737943 101
1786339738133 63
1786339738447 59
1786339738690 61
1786339738874 103
1786339739065 61
1786339739181 59
1786339739295 59
1786339739470 60
1786339739583 61
1786339739699 101
1786339739884 62
1786339740133 61
1786339740250 60
1786339740364 63
1786339740547 103
1786339740769 61
1786339740886 62
1786339741004 61
1786339741216 59
1786339741332 56
1786339741443 96
1786339741724 57
1786339741839 57
1786339741951 57
1786339742061 58
1786339742172 56
1786339742417 96
1786339742599 56
1786339742806 58
1786339742948 58
1786339743121 58
1786339743297 100
1786339743451 56
1786339743562 57
1786339743927 59
1786339744040 57
1786339744219 99
1786339744533 58
1786339744675 59
1786339744791 56
1786339745121 99
1786339745546 56
1786339745655 57
1786339745766 58
1786339745879 59
1786339745993 96
1786339746144 58
1786339746256 56
1786339746367 59
1786339746479 58
1786339746747 56
1786339746890 99
1786339747044 58
1786339747157 58
1786339747300 59
1786339747413 58
1786339747525 58
1786339747638 58
1786339747750 97
1786339748057 57
1786339748200 58
1786339748314 58
1786339748426 59
1786339748539 58
1786339748653 98
1786339748931 58
1786339749044 57
1786339749155 56
1786339749266 60
1786339749414 61
1786339749528 101
1786339749715 62
1786339749830 62
1786339750042 62
1786339750283 61
1786339750399 100
1786339750711 60
1786339750955 62
1786339751134 63
1786339751252 100
1786339751617 61
1786339753883 98
1786339754445 59
1786339754647 60
1786339755206 100
1786339755875 60
1786339756258 100
1786339757239 98
1786339757391 56
1786339757777 57
1786339759572 100
1786339759855 57
1786339760063 59
1786339760180 58
1786339760294 100
1786339760482 57
1786339760596 57
1786339765479 102
1786339766231 59
1786339766717 99
1786339767073 58
1786339767352 58
1786339767929 101
1786339768087 59
1786339768237 100
1786339768487 60
1786339768605 58
1786339768825 102
1786339770270 99
1786339771890 102
1786339786182 104
1786339805059 104
1786339855504 104
1786339874253 106
1786339907205 105
1786339943078 108
