1790704008735 605984 25
1790704008885 616100 23
1790704009337 659136 24
1790704012229 903384 27
1790704013443 1008444 28
1790704014756 1106300 29
1790704014869 1124056 29
1790704014978 1157460 29
1790704015089 1175196 30
1790704015201 1209976 29
1790704015311 1227016 29
1790704015422 1252956 30
1790704015948 1472012 30
1790704016141 1681976 30
1790704016293 2282244 31
1790704020646 2356400 34
1790704023917 2374768 38
1790704024095 2430092 36
1790704024418 2456720 35
1790704024592 2503820 35
1790704024971 2559128 36
1790704025143 2632864 36
1790704025651 2725060 34
1790704025974 2798792 36
1790704026209 2895376 33
1790704026505 2925304 38
1790704027158 2973560 36
