# timestamp_ms rss_kb
1789880837509 104520
1789880837612 155704
1789880837689 205540
1789880837767 224220
1789880837864 271184
1789880837990 298244
1789880838094 325932
1789880838197 353660
1789880838301 381680
1789880838406 405744
1789880838512 435700
1789880838619 463924
1789880838726 490808
1789880838833 516796
1789880838941 544024
1789880839050 571724
1789880839160 597784
1789880839270 624280
1789880839383 653460
1789880839495 679220
1789880839606 697844
1789880839721 725268
1789880839831 752324
1789880839949 779260
1789880840064 806392
1789880840178 832136
1789880840295 859380
1789880840410 886500
1789880840528 914548
1789880840645 943444
1789880840762 1000428
1789880840879 1051696
1789880841004 1113928
1789880841124 1167404
1789880841241 1229076
1789880841363 1287512
1789880841484 1341084
1789880841608 1402232
1789880841730 1454720
1789880841853 1516544
1789880841975 1575124
1789880842099 1635824
1789880842223 1698388
1789880842347 1753984
1789880842473 1817076
1789880842599 1872592
1789880842724 1934360
1789880842852 1991924
1789880842979 2054108
1789880843107 2109224
1789880843236 2170728
1789880843364 2228324
1789880843492 2291548
1789880843622 2354412
1789880843752 2411980
1789880843883 2474752
1789880844014 2534380
1789880844148 2594108
1789880844280 2657588
1789880844413 2717164
1789880844545 2776160
1789880844679 2845976
1789880844811 2905580
1789880844945 2967228
1789880845079 3028912
1789880845213 3093680
1789880845346 3156084
1789880845603 3264340
1789880845868 3374316
1789880846136 3481344
1789880846414 3596472
1789880846690 3716412
1789880847027 3844892
1789880847462 3937628
1789880847912 4048280
1789880848402 4158920
1789880848822 4269544
1789880849312 4380176
1789880849752 4490804
1789880850211 4601420
1789880850597 4712028
1789880851098 4822648
1789880851525 4933260
1789880851996 5043868
1789880852505 5154480
1789880852997 5266944
1789880853506 5377572
1789880853904 5488184
1789880854388 5598804
1789880854988 5746304
1789880855589 5893800
1789880856193 6041296
1789880856837 6188792
1789880857443 6336280
1789880858089 6484308
1789880858716 6631804
1789880859334 6779308
1789880859930 6916284
1789880860624 7074284
1789880861263 7221768
1789880861892 7369252
1789880862439 7516740
1789880863195 7701108
1789880863995 7885520
1789880864665 8069884
1789880865405 8254228
1789880866145 8438584
1789880866860 8622956
1789880867611 8807324
1789880868401 8991680
1789880869175 9176852
1789880869980 9361224
1789880870949 9582476
1789880871929 9803720
1789880872802 10024944
1789880873751 10246172
1789880874672 10455264
1789880875633 10688700
1789880876574 10909944
1789880877512 11131164
1789880878587 11389256
1789880879621 11647376
1789880880596 11905072
1789880881694 12163624
1789880882761 12421704
1789880883839 12679788
1789880884835 12938920
1789880886138 13233948
1789880887361 13528944
1789880888520 13823920
1789880889696 14118884
1789880890954 14413872
1789880892111 14708880
1789880893307 15003876
1789880894618 15335696
1789880895949 15667564
1789880897292 15999428
1789880898642 16331308
1789880900070 16663160
1789880901650 17031892
1789880903261 17400628
1789880904841 17769364
1789880906562 18139372
1789880908135 18508076
1789880909824 18913648
1789880911582 19319272
1789880913351 19724852
1789880915162 20130452
1789880916791 20536068
1789880918633 20978520
1789880920442 21421020
1789880922236 21863464
1789880973327 22308520
1789880975282 22787820
1789880977219 23267124
1789880979007 23744524
1789880981052 24225720
1789880983231 24743436
1789880985342 25259612
1789880987477 25775788
1789880989666 26291964
1789880991943 26845008
1789880994234 27398040
1789880996557 27951084
1789880999085 28540984
1789881001618 29130896
1789881004224 29720812
1789881006905 30347596
1789881009410 30974364
1789881012209 31601152
1789881015123 32264796
1789881018180 32930252
1789881021171 33593908
1789881024298 34294424
1789881027478 34994948
1789881030543 35695476
1789881033802 36432880
1789881037018 37170248
1789881040510 37944504
1789881043886 38718756
1789881047403 39529880
1789881051050 40340992
1789881054636 41152120
1789881058481 42000120
1789881062058 42848108
1789881066009 43732948
1789881069943 44617808
1789881074104 45539548
1789881078193 46461268
1789881082507 47419860
1789881086895 48378456
1789881091450 49373912
1789881096053 50369368
1789881100900 51401696
1789881105661 52434032
1789881110834 53505280
1789881116191 54611352
1789881121519 55717428
1789881126988 56860372
1789881132945 58003316
1789881138910 59183148
1789881145201 60399840
1789881151455 61616536
1789881157894 62870084
1789881164293 64160516
1789881170514 65450936
1789881176926 66780524
1789881183660 68144680
1789881190431 69508844
1789881197580 70909876
1789881205004 72347776
1789881212341 73822532
1789881219503 75334188
1789881227387 76845812
1789881235386 78396868
1789881243651 79982232
1789881251948 81604492
1789881259041 84573408
1789881260876 86437772
1789881262396 88767504
1789881264803 91092772
1789881266954 93165172
1789881269359 95329316
1789881271751 97741904
1789881274141 100179444
1789881276682 102528524
1789881279237 104749844
1789881281911 107063412
1789881284502 109225888
1789881286461 111455268
1789881290042 113878760
1789881292954 116420360
1789881295820 118964276
1789881298711 121509244
1789881301608 124057548
1789881304591 126644748
1789881307576 129252436
1789881310736 131939804
1789881313981 134707476
1789881317229 137499524
1789881494325 140369864
1789881578882 143397292
1789881582361 146359172
1789881585096 149468712
1789881589782 152472612
1789881612293 155812588
1789881619385 159105864
1789881626627 162477992
1789881676312 165811300
1789881977217 169483144
1789882192848 173010984
1789882216543 176482688
1789884449683 180024468
1789888206894 183637540
1789888247775 187333080
1789888473095 191134976
1789889777853 194984128
1789890687041 198960300
1789891368617 203058268
1789892493357 207135792
1789892729304 211304912
1789904042448 215661064
1789905146690 220186832
1789906319044 224937196
1789907365409 229587700
1789908335427 234185964
1789912986909 238962756
1789914274476 243757660
1789947147214 248705292
1789953668873 251288892 (true peak, below trigger threshold; snapshot is in peaks/peak.smaps)
