# timestamp_ms rss_kb
1790746110651 17600
1790746110733 22596
1790746110803 26492
1790746110873 40424
1790746110949 46000
1790746111954 47440
1790746112896 55228
1790746112980 79208
1790746113060 115748
1790746113161 144832
1790746113241 176324
1790746113321 190296
1790746113400 208740
1790746113480 245700
1790746113612 251780
1790746113693 301148
1790746113774 319644
1790746113902 356392
1790746114037 375068
1790746114170 393552
1790746114254 411992
1790746114338 444320
1790746114469 481256
1790746114552 499708
1790746114758 536660
1790746114842 555128
1790746115028 573692
1790746115111 592140
1790746115194 624436
1790746115351 642908
1790746115456 661348
1790746115541 675208
1790746115701 712108
1790746115785 730552
1790746115948 767428
1790746116032 785872
1790746116197 818152
1790746116331 836600
1790746117514 858844
1790746118128 922132
1790746118451 940788
1790746118801 961780
1790746119101 982936
1790746119525 1008652
1790746119957 1033908
1790746120392 1059208
1790746120825 1084192
1790746121261 1109680
1790746121657 1134844
1790746121998 1157744
1790746122388 1392460
1790746122671 1426232
1790746123306 1482720
1790746123765 3762292
1790746124254 3931436
1790746126665 4087760
1790746128051 4195212
1790746128432 4467312
1790746131111 4560808
1790746131990 5043276
1790746133349 5687000
1790746158813 5805304
1790746159251 7077288
1790746205969 7218924
1790746333702 7371800
1790746472751 7401884 (true peak, below trigger threshold; snapshot is in peaks/peak.smaps)
