1790746110651 17600 30
1790746110733 22596 21
1790746110803 26492 20
1790746110873 40424 21
1790746110949 46000 21
1790746111885 46032 22
1790746111954 47440 19
1790746112827 47476 21
1790746112896 55228 23
1790746112980 79208 23
1790746113060 115748 24
1790746113161 144832 21
1790746113241 176324 23
1790746113321 190296 23
1790746113400 208740 23
1790746113480 245700 23
1790746113612 251780 23
1790746113693 301148 23
1790746113774 319644 24
1790746113902 356392 24
1790746114037 375068 24
1790746114170 393552 24
1790746114254 411992 24
1790746114338 444320 23
1790746114469 481256 26
1790746114552 499708 24
1790746114758 536660 25
1790746114842 555128 23
1790746115028 573692 24
1790746115111 592140 23
1790746115194 624436 27
1790746115351 642908 26
1790746115456 661348 26
1790746115541 675208 25
1790746115624 682696 25
1790746115701 712108 23
1790746115785 730552 24
1790746115869 744180 26
1790746115948 767428 25
1790746116032 785872 27
1790746116120 799716 25
1790746116197 818152 24
1790746116331 836600 26
1790746117139 836692 28
1790746117386 845740 25
1790746117514 858844 26
1790746118045 871788 26
1790746118128 922132 28
1790746118360 931664 31
1790746118519 944940 27
1790746118661 955560 28
1790746118873 965948 33
1790746119101 982936 28
1790746119377 997900 30
1790746119525 1008652 29
1790746119745 1019412 34
1790746119957 1033908 33
1790746120178 1046464 36
1790746120392 1059208 32
1790746120617 1075872 34
1790746120896 1090596 33
1790746121164 1105556 38
1790746121391 1118004 36
1790746121562 1130736 34
1790746121727 1143152 36
1790746121998 1157744 37
1790746122224 1170340 37
1790746122388 1392460 45
1790746122526 1417008 42
1790746122869 1446724 216
1790746123306 1482720 111
1790746123765 3762292 121
1790746124254 3931436 113
1790746126346 3975116 96
1790746126665 4087760 81
1790746127526 4130464 82
1790746128051 4195212 83
1790746128432 4467312 102
1790746128845 4526580 105
1790746131111 4560808 95
1790746131990 5043276 86
1790746133004 5107464 89
1790746133349 5687000 85
1790746135253 5698656 89
1790746137064 5701444 94
1790746139214 5704176 97
1790746141465 5707188 96
1790746143438 5709324 96
1790746145489 5711116 94
1790746147477 5712244 93
1790746149522 5713524 99
1790746151545 5717060 91
1790746153636 5717576 89
1790746157441 5723448 89
1790746158813 5805304 96
1790746159251 7077288 95
1790746161301 7134028 107
1790746163937 7164240 90
1790746166397 7165284 96
1790746169001 7165560 88
1790746170993 7165616 90
1790746172932 7165732 95
1790746174891 7165932 97
1790746177536 7166028 96
1790746179525 7173528 97
1790746181890 7173776 90
1790746184678 7174024 96
1790746187249 7174144 91
1790746189228 7174304 94
1790746193162 7181720 92
1790746195127 7204660 88
1790746197302 7207716 101
1790746199519 7211392 99
1790746202685 7211740 95
1790746204783 7211864 99
1790746208768 7218976 102
1790746211155 7219008 93
1790746213342 7226096 104
1790746220204 7226100 105
1790746223068 7227080 103
1790746225248 7277928 104
1790746228403 7278088 98
1790746231997 7278112 97
1790746235739 7278156 100
1790746239468 7285248 110
1790746242607 7285276 103
1790746244886 7285572 102
1790746247824 7285588 96
1790746250622 7285844 99
1790746255210 7290072 93
1790746258782 7291128 93
1790746262207 7291264 108
1790746265358 7293128 107
1790746270749 7293272 104
1790746274630 7293452 96
1790746277477 7293512 101
1790746280366 7299432 99
1790746285066 7299456 99
1790746288078 7306516 103
1790746292352 7313760 96
1790746303341 7320940 100
1790746306440 7321000 102
1790746311073 7326156 109
1790746313354 7326216 97
1790746321055 7326220 95
1790746324604 7326276 98
1790746326580 7326332 103
1790746329648 7326512 112
1790746332811 7326520 102
1790746335100 7375308 117
1790746339149 7375692 104
1790746341868 7375716 98
1790746345935 7375776 101
1790746348161 7375820 99
1790746361240 7375872 97
1790746363233 7380968 113
1790746367477 7381308 107
1790746370155 7381320 97
1790746372596 7381364 108
1790746374957 7381408 103
1790746389496 7381472 104
1790746394140 7382760 110
1790746396829 7382772 96
1790746416018 7382880 113
1790746419615 7383020 97
1790746428296 7383192 96
1790746431620 7384684 111
1790746444598 7399068 117
1790746453026 7401088 110
1790746472105 7401124 102
