1785370393294 60
1785370393410 53
1785370393506 30
1785370393577 32
1785370393651 32
1785370393728 53
1785370393833 33
1785370393909 30
1785370393981 33
1785370394056 54
1785370394152 29
1785370394260 33
1785370394336 53
1785370394443 33
1785370394519 35
1785370394597 54
1785370394693 33
1785370394770 55
1785370394879 57
1785370394978 62
1785370395103 64
1785370395233 59
1785370395357 65
1785370395489 64
1785370395620 64
1785370395750 62
1785370395881 75
1785370396022 75
1785370396164 64
1785370396276 65
1785370396409 66
1785370396543 67
1785370396659 70
1785370396796 73
1785370396918 68
1785370397056 65
1785370397169 66
1785370397308 75
1785370397455 74
1785370397608 70
1785370397751 72
1785370397899 69
1785370398047 70
1785370398194 74
1785370398351 73
1785370398507 76
1785370398832 41
1785370398921 65
1785370399054 34
1785370399136 69
1785370399275 68
1785370399394 66
1785370399529 68
1785370399648 67
1785370399786 73
1785370402809 74
1785370402947 69
1785370403082 73
1785370403223 72
1785370403361 75
1785370403501 69
1785370404168 70
1785370407786 74
1785370408296 111
1785370408457 77
1785370408605 40
1785370415268 81
1785370415402 81
1785370415537 83
1785370415695 81
1785370415829 82
1785370415987 84
1785370416125 83
1785370416287 86
1785370416425 83
1785370416584 81
1785370416717 46
1785370416840 84
