1790709782448 252644 33
1790709782658 331116 35
1790709783401 612160 34
1790709783502 649624 34
1790709783609 686520 33
1790709783714 719132 34
1790709784924 724116 34
1790709785632 770600 35
1790709785736 791336 37
1790709785851 815468 35
1790709785966 840512 35
1790709789552 882724 38
1790709789663 904236 39
1790709789785 929480 36
1790709789914 941232 37
1790709796091 946276 38
1790709802360 947424 34
1790709808670 949340 36
1790709815090 950868 37
1790709821416 952012 35
1790709827582 953924 36
1790709840501 956992 35
1790709846716 958136 35
1790709852883 959676 35
1790709858972 961580 37
