# timestamp_ms rss_kb
1790228935858 31044
1790228935965 47744
1790228936043 72620
1790228936121 111880
1790228936198 198016
1790228936278 282524
1790228936356 303080
1790228936494 319552
1790228936645 328232
1790228936792 335112
1790228936922 350428
1790228937120 360672
1790228937196 371288
1790228937399 386956
1790228937478 400984
1790228937563 575576
1790228937657 907216
1790228937754 1050700
1790228937857 1761840
1790228937956 2352100
1790228938064 2869700
1790228938165 3280064
1790228938294 3598528
1790228938408 3850920
1790228938524 4072992
1790228938650 4334000
1790228938785 4628988
1790228938932 5116504
1790228939095 5501860
1790228939295 5845036
1790228939530 6251736
1790228939812 6741072
1790228940156 7321848
1790228940506 7869972
1790228940960 8738976
1790228941480 9329548
1790228941951 9735180
1790228942535 10284060
1790228943151 10789436
1790228943710 11322940
1790228944427 12278532
1790228945236 13336092
1790228946119 14027176
1790228947050 14787244
1790228948063 15463000
1790228949123 16188252
1790228950236 16895124
1790228951410 17633124
1790228952442 18311980
1790228953734 19496616
1790228955124 20308664
1790228956564 21254340
1790228958050 22183696
1790228959625 23312592
1790228967175 23797224
1790228970484 24324988
1790228973053 24895592
1790228976304 25433200
1790228979080 26051504
1790228983224 26933436
1790228984950 28805228
1790228987812 29703228
1790229004845 30300092
1790229031396 30922636
1790229059517 31548728
1790229080608 32192516
1790229103427 32841116
1790229312578 33501856
1790229333262 34252036
1790229336724 35081136
1790229339903 35995664
1790229343572 36960028
1790229347030 37811880
1790229357090 38728640
1790229360605 39639540
1790229364411 40597644
1790229367938 41603240
1790229371736 42514212
1790229375254 43488836
1790229378770 44439408
1790229382575 45473992
1790229386062 46412036
1790229389615 47517852
1790229393459 48521292
1790229397022 49511304
1790229400600 50515652
1790229405325 51803312
1790229409515 52965684
1790229414220 54230208
1790229418427 55459004
1790229426844 56624300
1790229434921 57788760
1790229441886 59080172
1790229447352 60360660
1790229459737 61653128
1790229467914 62991092
1790229484448 64341676
1790229493147 65846896
1790229500443 67428492
1790229516592 68795192
1790229523747 70274880
1790229533437 71778164
1790229587091 73213932
1790229644957 74746604
1790229666290 76268456
1790229708991 77893968
1790229717954 79573020
1790229724773 81232996
1790229741851 83042944
1790229751439 84715740
1790229762075 86487048
1790229781312 88320176
1790229850114 90106188
1790229863162 92029608
1790229883397 93906472
1790229920949 96011476
1790229938487 97993712
1790229958882 100004772
1790229974477 102102132
1790229988024 104265084
1790230005123 106477236
1790230028063 108662784
1790230093614 110857392
1790230113349 113091760
1790230131399 115510448
1790230160659 117837268
1790230199419 120330992
1790230209863 122900168
1790230221600 125478596
1790230233068 128150736
1790230243692 130729968
1790230256235 133348272
1790230286567 136209688
1790230296729 139133420
1790230314438 142000720
1790230323954 144850532
1790230349115 147925924
1790230359519 151027544
1790230373272 154194620
1790230477063 157309328
1790230487558 160464284
1790230498431 163773504
1790230732861 167196228
1790230746448 170672420
1790230755310 174387004
1790230915646 180923508
1790230997095 184597500
1790231023285 188532236
1790231041634 192310340
1790231130362 197511196
1790231136458 201508856
1790231163796 205597952
1790231179964 212920376
1790231931226 217196804
1790232981172 221696132
1790233015761 226335524
1790233047671 230988292
1790233082835 235626468
1790233198676 240374020
1790233310692 245258652
1790233348126 250349072
1790233444921 255379260
1790233482065 260512788
1790233530964 265787144
1790233785452 271419916
1790233809755 276903060
1790233895535 282516200
1790233915208 288353736
1790234080137 294123516
1790234189079 300480804
1790234210011 306863804
1790234229593 313181268
1790234283398 319455736
1790234338278 328113052
1790234364892 338943948
1790234387936 346716520
1790234440812 354333204
1790234487521 361530856
1790234504539 369184372
1790234576572 377594144
1790234597220 385186164
1790234641116 393161968
1790234778991 401106316
1790234954896 409134904
1790235101465 418420600
1790235123535 427064512
1790235173330 435862920
1790235664344 444870088
1790235918889 453901824
1790236072554 463218912
1790236329127 472996820
1790236588386 482837008
1790237516242 492884060
1790238095530 502877844
1790241608235 513089304
1790242928484 523500840
1790243758013 534162360
1790247926981 545030800
1790253821052 556034476
1790257240492 564255980 (true peak, below trigger threshold; snapshot is in peaks/peak.smaps)
