1790228935858 70
1790228935965 44
1790228936043 44
1790228936121 44
1790228936198 44
1790228936278 44
1790228936356 42
1790228936494 46
1790228936574 44
1790228936645 44
1790228936722 43
1790228936792 22
1790228936849 46
1790228936922 43
1790228936999 23
1790228937048 44
1790228937120 43
1790228937196 47
1790228937278 23
1790228937329 44
1790228937399 45
1790228937478 46
1790228937563 51
1790228937657 53
1790228937754 51
1790228937857 53
1790228937956 56
1790228938064 55
1790228938165 57
1790228938294 61
1790228938408 60
1790228938524 63
1790228938650 67
1790228938785 71
1790228938932 81
1790228939095 97
1790228939295 112
1790228939530 132
1790228939812 157
1790228940156 186
1790228940506 208
1790228940960 245
1790228941480 267
1790228941951 281
1790228942535 295
1790228943151 315
1790228943710 341
1790228944427 383
1790228945236 424
1790228946119 450
1790228947050 489
1790228948063 522
1790228949123 540
1790228950236 573
1790228951410 602
1790228952442 627
1790228953734 683
1790228955124 697
1790228956564 731
1790228958050 764
1790228959625 814
1790228961277 563
1790228962135 555
1790228962985 832
1790228963849 564
1790228964706 528
1790228965522 544
1790228966357 528
1790228967175 795
1790228968803 557
1790228969660 793
1790228970484 548
1790228971622 827
1790228972483 536
1790228973053 776
1790228974670 530
1790228975233 781
1790228976304 556
1790228977676 783
1790228978509 538
1790228979080 794
1790228980698 550
1790228981282 792
1790228982368 540
1790228983224 834
1790228984950 826
1790228986680 833
1790228987812 824
1790228989479 556
1790228991224 829
1790228992354 551
1790228993203 568
1790228994069 551
1790228994920 556
1790228995779 556
1790228996638 824
1790228997761 558
1790228998616 560
1790228999469 550
1790229000316 545
1790229001155 567
1790229002023 818
1790229003140 556
1790229003993 560
1790229004845 565
1790229006235 560
1790229007094 552
1790229007943 813
1790229009054 560
1790229009908 559
1790229010767 555
1790229011611 558
1790229012461 559
1790229013322 811
1790229014430 556
1790229015285 555
1790229016136 553
1790229016994 546
1790229017839 565
1790229018696 820
1790229019813 544
1790229020652 555
1790229021501 560
1790229022360 553
1790229023213 550
1790229024052 814
1790229025163 552
1790229026008 561
1790229026868 549
1790229027714 559
1790229028566 552
1790229029418 814
1790229030529 567
1790229031396 564
1790229032804 558
1790229033656 549
1790229034497 548
1790229035337 809
1790229036441 546
1790229037285 546
1790229038127 548
1790229038967 546
1790229039810 552
1790229040661 821
1790229041777 553
1790229042623 550
1790229043474 553
1790229044327 553
1790229045177 548
1790229046022 820
1790229047136 558
1790229047984 558
1790229048840 548
1790229049683 540
1790229050518 552
1790229051365 814
1790229052474 556
1790229053325 554
1790229054177 554
1790229055024 551
1790229055864 549
1790229056709 820
1790229057826 552
1790229058672 550
1790229059517 557
1790229060909 558
1790229061760 552
1790229062605 815
1790229063716 556
1790229064572 547
1790229065414 552
1790229066259 545
1790229067098 547
1790229067945 818
1790229069053 557
1790229069902 547
1790229070744 546
1790229071586 553
1790229072423 548
1790229073268 826
1790229074385 551
1790229075235 562
1790229076091 561
1790229076947 557
1790229077801 565
1790229078661 809
1790229079762 549
1790229080608 557
1790229082000 557
1790229082856 550
1790229083698 559
1790229084551 817
1790229085664 553
1790229086509 558
1790229087363 557
1790229088217 563
1790229089076 557
1790229089925 807
1790229091032 554
1790229091883 559
1790229092742 548
1790229093583 552
1790229094431 551
1790229095281 809
1790229096384 549
1790229097232 555
1790229098080 558
1790229098933 550
1790229099782 553
1790229100635 811
1790229101740 552
1790229102582 552
1790229103427 554
1790229104809 559
1790229105662 556
1790229106519 821
1790229107642 553
1790229108494 549
1790229109343 548
1790229110186 551
1790229111034 556
1790229111886 818
1790229113003 552
1790229113845 555
1790229114693 544
1790229115538 557
1790229116395 552
1790229117538 819
1790229119532 556
1790229120972 558
1790229121831 556
1790229122688 561
1790229123552 821
1790229124667 561
1790229125524 540
1790229126354 554
1790229127209 557
1790229128063 550
1790229128913 830
1790229130041 549
1790229130877 552
1790229131732 561
1790229132591 552
1790229133439 548
1790229134284 818
1790229135403 550
1790229136249 558
1790229137106 557
1790229137954 550
1790229138794 552
1790229139636 554
1790229140486 825
1790229141612 546
1790229142448 558
1790229143304 559
1790229144154 553
1790229145010 563
1790229145873 819
1790229146986 558
1790229147843 559
1790229148699 545
1790229149541 555
1790229150391 556
1790229151245 828
1790229152370 564
1790229153229 549
1790229154066 552
1790229154905 547
1790229155749 545
1790229156590 828
1790229157715 559
1790229158569 557
1790229159426 550
1790229160270 551
1790229161119 553
1790229161966 814
1790229163076 555
1790229163927 563
1790229164779 550
1790229165619 549
1790229166456 548
1790229167300 826
1790229168422 549
1790229169268 564
1790229170123 556
1790229170978 553
1790229171826 543
1790229172668 552
1790229173515 834
1790229174649 549
1790229175497 551
1790229176344 546
1790229177189 553
1790229178037 557
1790229178884 818
1790229180000 561
1790229180855 557
1790229181712 564
1790229182578 556
1790229183431 547
1790229184276 801
1790229185374 545
1790229186212 551
1790229187062 546
1790229187899 552
1790229188749 546
1790229189591 826
1790229190710 554
1790229191560 744
1790229192599 556
1790229193451 566
1790229194318 558
1790229195173 820
1790229196290 553
1790229197140 546
1790229197980 555
1790229198829 552
1790229199673 555
1790229200526 821
1790229201638 555
1790229202489 567
1790229203357 543
1790229204193 557
1790229205051 545
1790229205892 834
1790229207025 564
1790229207894 556
1790229208740 556
1790229209600 565
1790229210468 562
1790229211330 820
1790229212443 559
1790229213300 550
1790229214146 556
1790229215002 545
1790229215844 547
1790229216686 825
1790229217807 551
1790229218656 559
1790229219508 558
1790229220359 557
1790229221208 547
1790229222051 821
1790229223167 558
1790229224022 557
1790229224876 557
1790229225726 554
1790229226576 557
1790229227428 818
1790229228544 561
1790229229403 555
1790229230250 549
1790229231091 555
1790229231943 553
1790229232792 842
1790229233937 547
1790229234775 550
1790229235631 551
1790229236475 545
1790229237316 564
1790229238182 555
1790229239033 810
1790229240136 546
1790229240976 560
1790229241834 549
1790229242679 552
1790229243527 548
1790229244370 829
1790229245501 553
1790229246356 561
1790229247216 547
1790229248052 550
1790229248899 550
1790229249744 812
1790229250852 551
1790229251701 557
1790229252549 542
1790229253383 550
1790229254230 551
1790229255075 819
1790229256193 563
1790229257057 543
1790229257894 549
1790229258733 558
1790229259592 556
1790229260436 812
1790229261542 552
1790229262388 559
1790229263246 556
1790229264100 562
1790229264960 558
1790229265808 814
1790229266919 555
1790229267762 543
1790229268603 552
1790229269456 556
1790229270307 557
1790229271164 832
1790229272294 548
1790229273131 553
1790229273980 554
1790229274832 557
1790229275681 552
1790229276528 558
1790229277388 816
1790229278497 560
1790229279354 555
1790229280196 546
1790229281041 567
1790229282195 550
1790229283326 816
1790229285008 553
1790229285858 553
1790229286994 544
1790229288116 558
1790229288971 825
1790229290367 559
1790229291221 555
1790229292076 551
1790229293198 554
1790229294045 554
1790229294890 832
1790229296019 551
1790229296866 547
1790229297702 544
1790229298540 553
1790229299386 537
1790229300206 545
1790229301041 834
1790229302175 559
1790229303027 548
1790229303876 558
1790229304725 551
1790229305567 542
1790229306396 548
1790229307239 814
1790229308350 553
1790229309197 556
1790229310058 554
1790229310903 548
1790229311737 548
1790229312578 828
1790229314230 551
1790229315076 556
1790229315918 556
1790229316770 550
1790229317613 565
1790229318478 820
1790229319590 561
1790229320452 559
1790229321312 550
1790229322159 556
1790229323019 565
1790229323883 818
1790229324998 558
1790229325855 557
1790229326708 553
1790229327555 567
1790229328418 551
1790229329267 566
1790229330137 823
1790229331261 566
1790229332130 831
1790229333262 574
1790229334716 850
1790229335869 552
1790229336724 841
1790229338157 843
1790229339306 562
1790229339903 828
1790229341568 564
1790229342437 831
1790229343572 565
1790229345005 842
1790229346155 563
1790229347030 866
1790229348812 579
1790229349703 572
1790229350584 577
1790229351477 582
1790229352366 573
1790229353254 844
1790229354406 577
1790229355293 573
1790229356186 574
1790229357090 856
1790229358827 859
1790229359721 573
1790229360605 856
1790229362343 568
1790229363219 876
1790229364411 575
1790229365879 854
1790229367043 583
1790229367938 865
1790229369677 581
1790229370569 854
1790229371736 577
1790229373200 858
1790229374370 570
1790229375254 854
1790229376984 861
1790229378161 572
1790229378770 854
1790229380520 570
1790229381403 860
1790229382575 570
1790229384021 849
1790229385180 575
1790229386062 869
1790229387834 858
1790229389000 580
1790229389615 864
1790229391356 584
1790229392250 890
1790229393459 584
1790229394938 862
1790229396113 587
1790229397022 872
1790229398780 594
1790229399409 870
1790229400600 577
1790229402068 874
1790229403257 574
1790229404143 868
1790229405325 577
1790229406787 880
1790229407985 592
1790229408889 588
1790229409515 868
1790229411263 563
1790229412138 864
1790229413321 588
1790229414220 594
1790229415688 901
1790229416626 589
1790229417531 588
1790229418427 880
1790229420211 584
1790229421121 583
1790229422024 588
1790229422929 600
1790229423855 876
1790229425049 590
1790229425959 571
1790229426844 578
1790229428319 879
1790229429515 576
1790229430406 579
1790229431293 579
1790229432208 585
1790229432830 584
1790229433727 880
1790229434921 581
1790229436115 600
1790229436750 582
1790229437641 886
1790229438840 595
1790229439750 593
1790229440668 898
1790229441886 584
1790229443404 595
1790229444043 880
1790229445308 584
1790229446315 581
1790229447352 884
1790229449645 582
1790229450763 579
1790229451916 887
1790229453397 582
1790229454611 589
1790229455801 572
1790229456974 590
1790229458221 887
1790229459737 575
1790229461931 584
1790229462999 893
1790229464400 577
1790229465562 585
1790229466712 595
1790229467914 902
1790229470275 580
1790229471480 589
1790229472689 907
1790229474205 592
1790229475487 596
1790229476735 600
1790229477995 599
1790229479242 909
1790229480810 603
1790229482051 600
1790229483280 592
1790229484448 582
1790229486448 897
1790229487814 589
1790229488881 589
1790229489862 583
1790229490857 896
1790229492155 593
1790229493147 598
1790229494836 895
1790229496122 587
1790229496756 598
1790229497846 894
1790229499285 597
1790229500443 587
1790229502712 898
1790229504250 580
1790229505453 591
1790229506663 599
1790229507910 592
1790229509117 902
1790229510607 586
1790229511789 581
1790229513007 584
1790229514245 592
1790229515439 597
1790229516592 901
1790229518431 584
1790229519412 582
1790229520413 891
1790229521703 580
1790229522707 584
1790229523747 583
1790229525608 900
1790229526913 587
1790229527934 582
1790229528563 586
1790229529672 906
1790229531049 585
1790229532216 582
1790229533437 580
1790229535817 598
1790229537042 906
1790229538591 583
1790229539793 590
1790229540984 585
1790229542197 588
1790229543417 896
1790229544938 586
1790229546177 601
1790229547414 590
1790229548638 604
1790229549868 889
1790229551327 593
1790229552542 585
1790229553762 592
1790229555001 587
1790229556234 902
1790229557765 592
1790229558993 590
1790229560212 582
1790229561426 592
1790229562652 902
1790229564174 582
1790229565381 592
1790229566590 587
1790229567832 588
1790229569050 912
1790229570594 596
1790229571794 596
1790229573001 598
1790229574198 596
1790229575416 889
1790229576938 605
1790229578191 600
1790229579414 588
1790229580634 601
1790229581862 920
1790229583399 602
1790229584625 600
1790229585851 602
1790229587091 601
1790229589496 910
1790229591022 601
1790229592237 599
1790229593435 597
1790229594649 599
1790229595871 914
1790229597407 597
1790229598634 600
1790229599873 584
1790229601082 610
1790229602332 904
1790229603881 606
1790229605132 595
1790229606367 600
1790229607633 598
1790229608884 905
1790229610451 582
1790229611694 584
1790229612928 594
1790229614170 599
1790229615419 913
1790229616962 595
1790229618212 595
1790229619488 606
1790229622065 899
1790229623642 607
1790229624907 589
1790229626171 601
1790229627453 600
1790229628707 919
1790229630274 593
1790229631507 594
1790229632742 605
1790229634005 606
1790229635267 912
1790229636807 606
1790229637930 588
1790229638938 608
1790229640012 592
1790229641163 929
1790229642637 596
1790229643786 600
1790229644957 596
1790229647075 941
1790229648581 609
1790229649763 595
1790229651006 603
1790229652247 601
1790229653498 928
1790229655065 598
1790229656279 597
1790229657514 601
1790229658736 599
1790229659910 605
1790229661122 913
1790229662613 598
1790229663851 609
1790229665061 597
1790229666290 611
1790229668743 926
1790229670257 587
1790229671422 592
1790229672617 601
1790229674424 597
1790229676240 910
1790229678420 606
1790229681536 605
1790229685197 937
1790229686751 607
1790229687986 611
1790229689803 598
1790229692697 902
1790229695657 595
1790229699430 914
1790229701042 592
1790229701952 593
1790229702863 592
1790229703490 590
1790229704396 607
1790229705326 581
1790229705941 908
1790229707162 597
1790229708074 601
1790229708991 588
1790229710495 591
1790229711413 924
1790229712661 605
1790229713593 601
1790229714515 589
1790229715140 596
1790229716061 929
1790229717027 595
1790229717954 594
1790229719514 595
1790229720468 916
1790229721759 598
1790229722755 591
1790229723793 932
1790229724773 595
1790229726967 584
1790229728158 588
1790229729350 932
1790229730893 587
1790229732091 582
1790229733252 590
1790229734448 596
1790229735611 597
1790229736759 934
1790229738275 597
1790229739454 602
1790229740638 603
1790229741851 617
1790229743986 919
1790229745408 599
1790229746529 595
1790229747683 603
1790229748782 935
1790229750278 605
1790229751439 606
1790229753528 609
1790229754630 945
1790229756042 603
1790229757137 599
1790229758245 616
1790229759387 594
1790229760555 936
1790229762075 596
1790229764328 604
1790229765460 612
1790229766574 600
1790229767666 943
1790229769097 593
1790229770211 598
1790229771293 591
1790229772485 600
1790229773708 614
1790229774954 932
1790229776503 594
1790229777732 592
1790229778936 591
1790229780111 586
1790229781312 602
1790229783740 948
1790229785365 584
1790229789162 601
1790229834804 936
1790229836366 600
1790229837576 602
1790229838806 599
1790229840016 601
1790229841254 603
1790229842465 922
1790229843999 610
1790229845220 591
1790229846421 605
1790229847651 606
1790229848874 604
1790229850114 935
1790229852760 597
1790229853957 934
1790229855529 594
1790229856716 598
1790229857907 598
1790229859098 598
1790229860323 603
1790229861545 927
1790229863162 602
1790229865549 614
1790229866808 611
1790229868041 596
1790229869272 955
1790229870877 605
1790229872133 608
1790229873251 606
1790229874494 599
1790229875710 592
1790229876946 938
1790229878545 606
1790229879751 594
1790229880951 607
1790229882175 598
1790229883397 603
1790229885844 928
1790229887423 605
1790229888666 607
1790229889920 602
1790229891147 595
1790229892358 603
1790229893579 940
1790229895137 597
1790229898805 608
1790229915428 937
1790229916402 611
1790229917046 607
1790229917985 617
1790229918641 587
1790229919582 943
1790229920949 599
1790229922422 600
1790229923538 931
1790229925040 599
1790229928663 599
1790229929852 602
1790229931038 933
1790229932560 598
1790229933739 606
1790229934906 603
1790229936107 610
1790229937316 591
1790229938487 946
1790229940892 611
1790229942051 608
1790229943208 603
1790229944393 960
1790229945969 597
1790229947157 603
1790229948357 604
1790229950189 600
1790229951380 955
1790229952934 600
1790229954131 599
1790229955312 614
1790229956502 591
1790229957677 600
1790229958882 966
1790229961514 597
1790229962670 602
1790229963740 605
1790229964847 606
1790229965960 953
1790229966966 604
1790229968163 599
1790229969354 599
1790229970554 607
1790229971756 611
1790229972954 956
1790229974477 597
1790229976653 605
1790229977811 615
1790229979017 602
1790229980178 940
1790229981711 602
1790229982917 606
1790229984129 593
1790229985268 595
1790229986370 605
1790229987027 946
1790229988024 602
1790229990033 610
1790229991231 595
1790229992374 592
1790229993022 968
1790229994594 605
1790229995842 597
1790229997084 603
1790229998295 600
1790229999481 601
1790230000662 953
1790230002148 610
1790230002808 602
1790230003937 603
1790230005123 602
1790230006753 621
1790230007947 955
1790230009490 607
1790230010628 590
1790230011744 606
1790230012858 605
1790230014015 620
1790230015188 949
1790230016680 604
1790230017335 610
1790230018530 603
1790230019735 596
1790230020957 602
1790230022808 945
1790230024384 605
1790230025597 599
1790230026823 602
1790230028063 605
1790230029882 951
1790230031436 611
1790230032675 607
1790230033885 604
1790230035097 608
1790230036317 591
1790230037495 948
1790230039003 610
1790230040181 607
1790230041207 604
1790230042396 606
1790230043592 604
1790230044816 950
1790230046389 601
1790230047615 610
1790230048854 605
1790230050096 598
1790230079721 940
1790230081324 603
1790230082564 614
1790230083850 603
1790230085126 609
1790230086365 601
1790230087654 951
1790230089897 595
1790230091124 605
1790230092379 592
1790230093614 609
1790230096056 970
1790230097662 617
1790230098942 603
1790230100198 601
1790230101443 611
1790230102720 608
1790230103965 934
1790230105522 602
1790230106756 607
1790230107980 609
1790230109239 608
1790230110500 610
1790230111758 949
1790230113349 594
1790230115823 601
1790230117057 597
1790230118295 601
1790230119508 945
1790230121054 604
1790230122266 613
1790230123496 607
1790230124754 606
1790230126029 607
1790230127280 951
1790230128878 591
1790230130142 594
1790230131399 599
1790230133818 608
1790230142747 936
1790230144023 597
1790230144966 599
1790230145887 589
1790230146802 596
1790230147725 607
1790230148662 604
1790230149598 602
1790230150531 962
1790230151819 614
1790230152788 589
1790230153709 607
1790230154643 618
1790230155592 610
1790230156537 606
1790230157477 616
1790230158428 948
1790230159709 614
1790230160659 606
1790230162213 622
1790230163175 605
1790230164118 953
1790230165403 610
1790230166344 606
1790230167284 617
1790230168229 614
1790230169177 611
1790230170117 603
1790230171054 611
1790230171999 967
1790230173306 612
1790230174254 600
1790230175179 604
1790230176111 596
1790230177032 608
1790230177968 599
1790230178891 609
1790230179829 947
1790230181106 617
1790230182052 617
1790230183001 611
1790230183941 606
1790230184885 614
1790230185826 620
1790230186778 604
1790230187721 967
1790230189017 605
1790230189957 618
1790230190908 595
1790230191835 611
1790230192772 613
1790230193714 599
1790230194646 614
1790230195589 974
1790230196896 605
1790230197542 599
1790230198467 616
1790230199419 596
1790230200962 605
1790230201901 979
1790230203207 608
1790230204141 612
1790230205073 606
1790230206009 607
1790230206951 613
1790230207908 973
1790230208921 608
1790230209863 613
1790230211404 609
1790230212335 611
1790230213282 975
1790230214588 620
1790230215548 611
1790230216484 616
1790230217435 597
1790230218367 617
1790230219317 992
1790230220650 613
1790230221600 615
1790230222846 609
1790230223790 621
1790230224743 968
1790230226052 605
1790230226988 616
1790230227943 625
1790230228902 614
1790230229850 611
1790230230794 981
1790230232112 618
1790230233068 621
1790230234635 636
1790230235621 607
1790230236564 990
1790230237891 622
1790230238848 622
1790230239806 617
1790230240764 626
1790230241721 613
1790230242373 984
1790230243692 616
1790230245247 624
1790230246211 633
1790230247189 606
1790230248135 618
1790230249096 1002
1790230250443 634
1790230251417 619
1790230252375 620
1790230253334 623
1790230254303 628
1790230255281 614
1790230256235 1011
1790230258230 636
1790230259218 620
1790230260185 622
1790230261152 624
1790230262122 621
1790230263084 624
1790230264048 1006
1790230265390 615
1790230266342 619
1790230267302 609
1790230268239 620
1790230269183 614
1790230270126 619
1790230271088 615
1790230272039 984
1790230273355 614
1790230274307 617
1790230275262 623
1790230276220 613
1790230277169 613
1790230278122 619
1790230279169 636
1790230280279 1004
1790230281665 625
1790230282632 996
1790230283970 623
1790230284933 621
1790230285610 621
1790230286567 623
1790230288162 1016
1790230289518 626
1790230290486 626
1790230291440 626
1790230292415 623
1790230293395 1000
1790230294757 630
1790230295749 620
1790230296729 612
1790230298390 633
1790230299385 629
1790230300366 633
1790230301352 1012
1790230302719 633
1790230303705 623
1790230304673 635
1790230305646 622
1790230306601 633
1790230307576 618
1790230308540 627
1790230309509 1013
1790230310861 627
1790230311836 627
1790230312499 631
1790230313476 635
1790230314438 1014
1790230316414 630
1790230317388 628
1790230318057 633
1790230319035 630
1790230320004 1016
1790230321058 619
1790230322025 622
1790230322989 621
1790230323954 629
1790230325549 1011
1790230326600 624
1790230327568 631
1790230328239 626
1790230329215 624
1790230330182 619
1790230331145 626
1790230332110 628
1790230333077 1005
1790230334425 627
1790230335395 634
1790230336065 635
1790230337043 633
1790230338015 624
1790230338983 624
1790230339948 631
1790230340921 1017
1790230342286 632
1790230343267 634
1790230344247 614
1790230345207 624
1790230346177 631
1790230347149 622
1790230348137 631
1790230349115 1019
1790230351119 635
1790230352113 637
1790230353104 639
1790230354092 630
1790230355064 1026
1790230356436 640
1790230357451 645
1790230358489 639
1790230359519 644
1790230361217 1014
1790230362585 628
1790230363565 640
1790230364549 641
1790230365539 643
1790230366533 636
1790230367518 646
1790230368520 643
1790230369516 1044
1790230370908 643
1790230371906 647
1790230372590 642
1790230373272 651
1790230374895 1031
1790230376299 637
1790230377292 647
1790230378290 640
1790230379282 632
1790230380268 1040
1790230381351 645
1790230382351 639
1790230383362 635
1790230384702 643
1790230385698 638
1790230386689 641
1790230387680 646
1790230388678 1039
1790230390076 630
1790230391060 632
1790230392043 639
1790230393040 630
1790230394039 633
1790230395072 649
1790230396221 632
1790230397360 1034
1790230398817 626
1790230399844 631
1790230400837 642
1790230401821 634
1790230402806 644
1790230403800 644
1790230404862 634
1790230405890 1033
1790230407343 639
1790230408391 634
1790230409475 649
1790230410557 644
1790230411651 637
1790230416146 1045
1790230421430 642
1790230425886 1047
1790230429969 655
1790230432330 640
1790230433399 645
1790230437488 1046
1790230441882 638
1790230445912 1027
1790230450411 649
1790230451935 643
1790230453018 637
1790230454516 1054
1790230459392 642
1790230463465 1056
1790230467941 646
1790230471971 1032
1790230475336 642
1790230477063 644
1790230478379 650
1790230479379 657
1790230480074 1043
1790230481466 637
1790230482456 649
1790230483458 649
1790230484144 654
1790230485158 1054
1790230486564 638
1790230487558 652
1790230488908 646
1790230489908 1054
1790230491000 642
1790230492003 654
1790230493010 657
1790230494018 655
1790230495028 1065
1790230496448 644
1790230497440 641
1790230498431 633
1790230500051 641
1790230501044 639
1790230502024 651
1790230503098 655
1790230545123 1269
1790230546838 818
1790230548096 799
1790230549339 814
1790230550598 815
1790230551855 809
1790230553107 813
1790230554359 1252
1790230556053 801
1790230557295 814
1790230558551 818
1790230559809 810
1790230561060 811
1790230562318 805
1790230563560 1264
1790230565264 811
1790230566502 814
1790230567748 803
1790230568982 793
1790230570205 794
1790230571435 798
1790230572656 1243
1790230574331 795
1790230575551 798
1790230576780 793
1790230577999 790
1790230579222 794
1790230580441 795
1790230581668 1241
1790230583321 804
1790230584546 794
1790230585764 797
1790230586989 804
1790230588229 801
1790230589459 811
1790230590701 1244
1790230592373 806
1790230593611 791
1790230594833 805
1790230596071 800
1790230597304 796
1790230598532 806
1790230599760 1249
1790230601416 797
1790230602646 791
1790230603864 799
1790230605088 787
1790230606299 782
1790230607501 798
1790230608733 789
1790230609951 1234
1790230611613 782
1790230612823 794
1790230614047 785
1790230615260 798
1790230616492 801
1790230617717 794
1790230618938 1254
1790230620617 795
1790230621837 797
1790230635599 1335
1790230637840 846
1790230639523 843
1790230641200 852
1790230642825 860
1790230644473 839
1790230646042 1329
1790230648157 857
1790230649813 841
1790230651439 852
1790230652873 853
1790230654302 853
1790230659045 1332
1790230664890 855
1790230669119 1334
1790230674408 841
1790230676359 856
1790230680607 1332
1790230685322 852
1790230690149 1319
1790230694869 860
1790230698542 851
1790230702171 1334
1790230707384 860
1790230715457 1327
1790230720024 844
1790230723143 852
1790230724458 860
1790230725355 1314
1790230726704 855
1790230728015 854
1790230728906 855
1790230729795 847
1790230730678 836
1790230731967 855
1790230732861 854
1790230735025 1342
1790230736824 855
1790230738134 857
1790230739440 854
1790230740748 836
1790230742038 846
1790230743337 1345
1790230745140 857
1790230746448 854
1790230748614 1337
1790230749993 847
1790230751299 842
1790230752601 1350
1790230753987 858
1790230755310 857
1790230757483 1358
1790230759307 856
1790230760624 860
1790230761520 863
1790230769101 1368
1790230771045 875
1790230772483 874
1790230773909 854
1790230775338 863
1790230776802 866
1790230778204 878
1790230779557 1372
1790230781408 885
1790230782772 865
1790230784111 871
1790230785460 874
1790230786812 867
1790230788153 860
1790230789490 1369
1790230791336 865
1790230792677 877
1790230794035 876
1790230795394 870
1790230796741 860
1790230798080 865
1790230799427 1334
1790230801238 879
1790230802598 863
1790230803936 885
1790230805301 863
1790230806638 879
1790230807997 864
1790230809335 1362
1790230811179 881
1790230812537 879
1790230813896 887
1790230815267 873
1790230816618 877
1790230817974 868
1790230819315 1356
1790230821149 876
1790230822504 877
1790230823861 861
1790230825196 877
1790230826547 864
1790230827883 873
1790230829232 1358
1790230831066 864
1790230832407 877
1790230833763 869
1790230835110 857
1790230836446 864
1790230837788 864
1790230839127 1346
1790230840944 882
1790230842297 872
1790230843645 878
1790230844997 859
1790230846335 880
1790230847694 879
1790230849049 1356
1790230850882 875
1790230852232 869
1790230853578 876
1790230854936 878
1790230856289 884
1790230857649 880
1790230859007 1358
1790230860844 876
1790230862194 879
1790230863544 865
1790230864880 875
1790230866228 873
1790230867576 878
1790230868927 1374
1790230870783 874
1790230872128 858
1790230873459 881
1790230874817 889
1790230876185 887
1790230877542 874
1790230878890 1384
1790230880745 878
1790230910068 1381
1790230912272 875
1790230914019 882
1790230915646 1360
1790230918340 863
1790230919664 868
1790230921004 886
1790230922370 883
1790230923292 879
1790230924209 883
1790230925609 1389
1790230927721 1379
1790230929942 893
1790230932164 886
1790230949991 1392
1790230987579 1386
1790230989506 887
1790230990874 884
1790230992812 880
1790230994242 889
1790230995689 892
1790230997095 893
1790230998904 1404
1790231000787 898
1790231002156 909
1790231003542 891
1790231004919 913
1790231006323 898
1790231007705 899
1790231009092 1416
1790231010998 916
1790231012419 913
1790231013830 917
1790231015238 907
1790231016208 919
1790231017619 909
1790231019027 911
1790231019978 1435
1790231021901 891
1790231023285 912
1790231025581 913
1790231026988 899
1790231028380 917
1790231029785 1434
1790231031713 903
1790231033110 908
1790231034517 909
1790231035921 916
1790231037315 917
1790231038272 928
1790231039693 1447
1790231041634 923
1790231043968 932
1790231045407 928
1790231046980 932
1790231048491 920
1790231049994 941
1790231052187 1469
1790231094687 1465
1790231107374 1466
1790231112767 937
1790231114201 940
1790231119617 1461
1790231121113 937
1790231122545 946
1790231123528 942
1790231124505 940
1790231125483 949
1790231126469 954
1790231127934 927
1790231128899 927
1790231130362 1502
1790231132867 1483
1790231134902 939
1790231136458 930
1790231138878 1489
1790231140870 951
1790231142319 942
1790231143764 943
1790231144743 947
1790231146197 948
1790231147653 951
1790231149111 948
1790231150097 1491
1790231152092 943
1790231153072 940
1790231154505 943
1790231155486 949
1790231156940 941
1790231158385 941
1790231159361 952
1790231160350 950
1790231161805 1491
1790231163796 940
1790231166189 930
1790231167631 943
1790231169084 942
1790231170539 956
1790231171992 943
1790231173436 1461
1790231175402 941
1790231176854 939
1790231178310 934
1790231179964 1490
1790231184161 945
1790231187441 956
1790231220415 1512
1790231224375 945
1790231225930 935
1790231229901 944
1790231246973 1519
1790231249007 957
1790231250461 935
1790231252007 936
1790231253539 929
1790231255785 938
1790231257320 933
1790231258867 1520
1790231261705 951
1790231263865 950
1790231265429 954
1790231268181 946
1790231273647 1512
1790231275667 951
1790231277131 955
1790231278594 950
1790231280062 957
1790231281533 957
1790231283008 953
1790231284477 936
1790231285930 1502
1790231287947 953
1790231289417 940
1790231290868 958
1790231292340 955
1790231293805 949
1790231295276 958
1790231296749 955
1790231298217 1473
1790231300200 939
1790231301658 954
1790231303132 948
1790231304597 946
1790231306050 935
1790231307498 952
1790231308968 960
1790231310445 1498
1790231312463 957
1790231313938 952
1790231315407 948
1790231316874 962
1790231318354 947
1790231319819 956
1790231321288 961
1790231322769 1484
1790231324766 956
1790231326241 937
1790231327696 943
1790231329150 965
1790231330631 954
1790231332101 955
1790231333573 938
1790231335029 1494
1790231337039 951
1790231338505 955
1790231339973 968
1790231341454 947
1790231342916 954
1790231344385 962
1790231345866 952
1790231347327 1491
1790231349335 946
1790231350798 955
1790231352274 950
1790231353742 953
1790231355213 953
1790231356684 952
1790231358154 951
1790231359620 1505
1790231361643 944
1790231363103 952
1790231364568 950
1790231366027 945
1790231367487 949
1790231368954 960
1790231370430 954
1790231371904 1485
1790231469989 1534
1790231472049 955
1790231473531 959
1790231533187 1483
1790231536518 957
1790231598602 1495
1790231600726 949
1790231603319 969
1790231606162 974
1790231608988 951
1790231610647 1488
1790231613352 955
1790231615633 934
1790231649212 1496
1790231660339 1486
1790231675392 1490
1790231678851 949
1790231683319 970
1790231690809 1512
1790231751606 1526
1790231896885 1531
1790231898949 978
1790231900457 982
1790231901966 965
1790231903449 976
1790231904950 957
1790231906426 1535
1790231908476 973
1790231909956 976
1790231911439 971
1790231912917 983
1790231914393 957
1790231915845 970
1790231917330 969
1790231918801 1534
1790231920850 966
1790231922328 961
1790231923801 975
1790231925291 964
1790231926774 986
1790231928277 968
1790231929761 969
1790231931226 1527
1790231934211 974
1790231935697 987
1790231937201 976
1790231938689 980
1790231940188 983
1790231941690 986
1790231943193 1530
1790231945240 981
1790231946738 960
1790231948213 967
1790231990732 1516
1790231993150 961
1790231995015 970
1790231996836 985
1790232001717 964
1790232003606 1532
1790232005866 965
1790232007466 978
1790232009113 984
1790232010760 990
1790232012397 965
1790232014008 992
1790232015644 1540
1790232017826 987
1790232019452 982
1790232021079 986
1790232033628 1549
1790232071115 1557
1790232076208 991
1790232079152 988
1790232081509 980
1790232085035 1518
1790232120961 1537
1790232126647 978
1790232142386 1544
1790232149543 982
1790232151573 980
1790232158054 1552
1790232367307 1525
1790232369343 974
1790232370831 975
1790232372324 976
1790232373819 966
1790232375296 989
1790232376789 989
1790232378301 991
1790232379818 1548
1790232381889 983
1790232383384 966
1790232384867 978
1790232386358 998
1790232387873 976
1790232389358 983
1790232390839 988
1790232392342 1528
1790232394379 988
1790232395885 980
1790232397384 1000
1790232398897 977
1790232400393 969
1790232401878 994
1790232403368 983
1790232404863 1528
1790232406908 979
1790232408399 987
1790232409900 974
1790232411393 997
1790232412903 988
1790232414400 980
1790232455440 1563
1790232464949 991
1790232521439 1550
1790232524305 994
1790232526591 983
1790232528874 1003
1790232535336 1549
1790232569882 1548
1790232574594 991
1790232581790 1553
1790232598187 1544
1790232603344 971
1790232604832 976
1790232606366 981
1790232607911 984
1790232609462 1561
1790232611598 1006
1790232613189 1007
1790232614753 993
1790232616284 989
1790232617811 999
1790232619344 994
1790232620880 1579
1790232622993 1004
1790232624537 996
1790232626075 991
1790232627606 1007
1790232629158 1003
1790232630691 992
1790232632218 1005
1790232633764 1590
1790232635893 1010
1790232637437 1009
1790232638984 1012
1790232640532 1003
1790232642076 1000
1790232643611 1009
1790232645158 1003
1790232646731 1590
1790232648870 995
1790232650440 1006
1790232652017 998
1790232653598 1006
1790232655148 1009
1790232656701 1010
1790232658248 1578
1790232660361 1005
1790232661898 984
1790232663417 1001
1790232664954 1017
1790232666501 994
1790232667533 1007
1790232669076 1005
1790232670613 1594
1790232672746 1000
1790232674282 997
1790232675804 1004
1790232677340 983
1790232678853 997
1790232680385 1002
1790232681917 1005
1790232683455 1549
1790232685534 1000
1790232687070 995
1790232690664 984
1790232692171 997
1790232693686 998
1790232695203 1564
1790232697294 1019
1790232698837 1005
1790232700372 1014
1790232701915 1006
1790232703451 1002
1790232704977 1002
1790232706513 999
1790232708045 1585
1790232710166 1010
1790232711709 1007
1790232713232 1004
1790232714756 986
1790232716265 994
1790232717780 1002
1790232719303 992
1790232720823 1583
1790232722930 1004
1790232724462 1009
1790232725997 1012
1790232727538 990
1790232729046 1006
1790232730599 1008
1790232732135 1001
1790232733663 1583
1790232735765 1013
1790232737312 998
1790232738840 996
1790232740356 1011
1790232741887 1008
1790232743425 1000
1790232744957 1002
1790232746486 1583
1790232748599 994
1790232750124 997
1790232751652 1012
1790232753188 1010
1790232754729 1015
1790232756273 993
1790232757817 1012
1790232759357 1570
1790232761455 1013
1790232763000 1017
1790232764556 1002
1790232766088 1000
1790232767622 1014
1790232769168 990
1790232770683 993
1790232772204 1560
1790232774290 1003
1790232775821 1015
1790232777359 1003
1790232778892 1017
1790232779961 1002
1790232781495 1023
1790232783051 1021
1790232784617 1586
1790232786733 1003
1790232788266 1002
1790232789796 1004
1790232791331 1000
1790232792859 998
1790232794384 1016
1790232795934 1013
1790232797474 1595
1790232799603 999
1790232801135 1010
1790232802675 1011
1790232804216 1014
1790232805768 1016
1790232807316 1012
1790232808380 1002
1790232809914 1599
1790232812040 1002
1790232813572 1006
1790232815108 1006
1790232816652 1010
1790232973831 1702
1790232976127 1125
1790232977837 1094
1790232979489 1098
1790232981172 1089
1790232983917 1105
1790232985601 1103
1790232987300 1705
1790232989588 1102
1790232991273 1113
1790232992976 1110
1790232994673 1103
1790232996367 1093
1790232998063 1106
1790232999762 1741
1790233001557 1116
1790233003237 1125
1790233004960 1121
1790233006669 1102
1790233008355 1119
1790233010055 1118
1790233011767 1117
1790233013470 1704
1790233015761 1108
1790233018559 1108
1790233020259 1125
1790233021438 1106
1790233023136 1128
1790233024859 1104
1790233026541 1752
1790233028885 1113
1790233030051 1099
1790233031758 1100
1790233033451 1109
1790233035154 1107
1790233036855 1122
1790233038569 1094
1790233040248 1759
1790233042592 1118
1790233044287 1101
1790233045973 1108
1790233047671 1102
1790233049930 1097
1790233051609 1095
1790233053266 1741
1790233055595 1099
1790233057285 1115
1790233058995 1111
1790233060160 1096
1790233061843 1096
1790233063525 1121
1790233065241 1092
1790233066923 1722
1790233068723 1093
1790233070403 1094
1790233072082 1105
1790233073766 1091
1790233075442 1099
1790233077123 1099
1790233078802 1116
1790233080516 1725
1790233082835 1095
1790233085641 1104
1790233087350 1115
1790233089064 1103
1790233090734 1118
1790233092527 1122
1790233094325 1758
1790233098060 1127
1790233099863 1136
1790233101650 1119
1790233103416 1127
1790233105173 1137
1790233106949 1125
1790233108736 1761
1790233111159 1121
1790233112904 1141
1790233114653 1122
1790233116373 1132
1790233118111 1134
1790233119853 1136
1790233121596 1781
1790233123990 1133
1790233125728 1129
1790233127462 1133
1790233129201 1116
1790233130933 1121
1790233132658 1127
1790233134390 1115
1790233136156 1749
1790233138542 1105
1790233140251 1117
1790233141967 1141
1790233143705 1106
1790233145378 1093
1790233147063 1104
1790233148766 1124
1790233150482 1741
1790233152826 1114
1790233154534 1111
1790233156253 1108
1790233157959 1130
1790233159682 1116
1790233161384 1098
1790233163084 1734
1790233165422 1108
1790233167754 1131
1790233170097 1110
1790233171804 1111
1790233173506 1132
1790233175202 1102
1790233176896 1761
1790233179252 1105
1790233180955 1115
1790233182661 1112
1790233184365 1126
1790233186083 1114
1790233187790 1108
1790233189493 1114
1790233191202 1765
1790233193541 1122
1790233195258 1121
1790233196976 1124
1790233198676 1128
1790233201519 1118
1790233203229 1127
1790233204409 1789
1790233206251 1104
1790233207952 1124
1790233209666 1127
1790233211390 1116
1790233213106 1147
1790233214859 1136
1790233216604 1133
1790233218344 1766
1790233220720 1137
1790233222471 1135
1790233223660 1128
1790233225403 1125
1790233227113 1131
1790233228860 1133
1790233230602 1134
1790233232349 1808
1790233234841 1157
1790233238014 1147
1790233239817 1139
1790233241609 1145
1790233243444 1160
1790233245287 1141
1790233247103 1820
1790233249559 1157
1790233251346 1159
1790233253128 1155
1790233254907 1129
1790233256644 1158
1790233258424 1152
1790233260200 1151
1790233261969 1795
1790233264385 1154
1790233266158 1129
1790233267914 1151
1790233269687 1143
1790233271457 1152
1790233273229 1153
1790233275004 1783
1790233277400 1131
1790233279149 1145
1790233280917 1135
1790233282679 1152
1790233284443 1122
1790233286174 1152
1790233287943 1151
1790233289711 1785
1790233292058 1161
1790233293802 1150
1790233295534 1137
1790233297260 1120
1790233298958 1141
1790233300685 1145
1790233302420 1133
1790233304156 1795
1790233306559 1141
1790233308328 1138
1790233309520 1120
1790233310692 1113
1790233313538 1149
1790233315296 1153
1790233317065 1154
1790233318832 1796
1790233321243 1144
1790233322998 1127
1790233324729 1134
1790233326469 1134
1790233328213 1159
1790233329987 1147
1790233331762 1139
1790233333527 1799
1790233335933 1133
1790233337687 1142
1790233339436 1141
1790233341186 1139
1790233342929 1125
1790233344664 1108
1790233346387 1132
1790233348126 1789
1790233351121 1158
1790233352871 1141
1790233354599 1161
1790233356358 1157
1790233358116 1142
1790233359857 1142
1790233361610 1826
1790233364047 1160
1790233365820 1142
1790233367575 1178
1790233369364 1161
1790233370601 1150
1790233372362 1172
1790233374144 1169
1790233375924 1836
1790233378376 1183
1790233380169 1177
1790233381968 1153
1790233383734 1160
1790233385507 1161
1790233387289 1185
1790233389108 1177
1790233390959 1866
1790233393490 1195
1790233395996 1195
1790233397861 1185
1790233399709 1175
1790233401545 1176
1790233403378 1179
1790233405215 1843
1790233407726 1154
1790233410204 1162
1790233412040 1170
1790233413885 1174
1790233415731 1167
1790233417580 1183
1790233419452 1844
1790233421984 1186
1790233423855 1168
1790233425652 1163
1790233427438 1170
1790233429269 1165
1790233431085 1174
1790233432863 1182
1790233434657 1823
1790233436548 1158
1790233438317 1170
1790233440092 1178
1790233441884 1180
1790233443673 1179
1790233444921 1175
1790233447331 1189
1790233449126 1832
1790233451563 1178
1790233453348 1181
1790233454597 1178
1790233456394 1171
1790233458184 1165
1790233459958 1170
1790233461735 1168
1790233463513 1841
1790233465965 1161
1790233467737 1165
1790233469505 1160
1790233471270 1169
1790233473051 1167
1790233474825 1179
1790233476611 1160
1790233478381 1825
1790233480273 1177
1790233482065 1160
1790233485016 1180
1790233486799 1178
1790233488579 1192
1790233490389 1178
1790233492179 1880
1790233494675 1180
1790233496472 1173
1790233498258 1171
1790233500034 1169
1790233501818 1182
1790233503636 1178
1790233504881 1179
1790233506129 1875
1790233508628 1172
1790233510422 1182
1790233512227 1196
1790233514048 1202
1790233515876 1171
1790233517662 1187
1790233519472 1188
1790233521281 1878
1790233523785 1188
1790233525590 1168
1790233527364 1172
1790233529147 1192
1790233530964 1194
1790233533989 1198
1790233535831 1880
1790233538326 1205
1790233539600 1183
1790233541402 1186
1790233543214 1215
1790233545073 1181
1790233546871 1177
1790233548120 1200
1790233550040 1876
1790233552551 1185
1790233554357 1174
1790233556145 1197
1790233557962 1172
1790233559749 1204
1790233561582 1188
1790233563393 1186
1790233565191 1872
1790233567685 1177
1790233569485 1221
1790233571314 1202
1790233573136 1183
1790233574941 1184
1790233576752 1192
1790233578574 1181
1790233580371 1889
1790233582891 1197
1790233584709 1180
1790233586518 1189
1790233588322 1188
1790233590129 1199
1790233591952 1186
1790233593762 1198
1790233595590 1855
1790233598077 1202
1790233599899 1193
1790233601712 1185
1790233603518 1210
1790233605352 1203
1790233607176 1189
1790233608982 1201
1790233610804 1868
1790233613285 1185
1790233615088 1188
1790233616902 1209
1790233618733 1190
1790233620536 1181
1790233622341 1200
1790233624144 1186
1790233625948 1873
1790233628431 1175
1790233630209 1180
1790233632006 1189
1790233633808 1192
1790233635614 1191
1790233637424 1206
1790233639242 1187
1790233641048 1882
1790233643542 1177
1790233645329 1173
1790233647123 1185
1790233648931 1180
1790233650734 1182
1790233652539 1178
1790233654335 1218
1790233656163 1893
1790233658670 1178
1790233660469 1194
1790233662284 1201
1790233663548 1199
1790233665368 1203
1790233667191 1174
1790233668982 1204
1790233670797 1907
1790233673329 1202
1790233675155 1182
1790233676955 1174
1790233678742 1182
1790233680537 1174
1790233682335 1210
1790233684164 1198
1790233685980 1876
1790233688471 1212
1790233690295 1186
1790233692098 1172
1790233693880 1180
1790233695677 1187
1790233697475 1175
1790233699263 1192
1790233700533 1911
1790233703070 1211
1790233704903 1171
1790233706686 1204
1790233708514 1188
1790233710331 1191
1790233712145 1213
1790233713973 1182
1790233715769 1871
1790233718242 1179
1790233720043 1190
1790233721852 1210
1790233723680 1196
1790233725498 1197
1790233727298 1176
1790233729087 1181
1790233730334 1859
1790233732806 1198
1790233734621 1185
1790233736424 1177
1790233738211 1183
1790233740011 1202
1790233741827 1186
1790233743628 1175
1790233745415 1858
1790233747890 1200
1790233749686 1176
1790233751478 1167
1790233753262 1192
1790233755076 1187
1790233756886 1210
1790233758716 1202
1790233760535 1873
1790233763034 1192
1790233764823 1194
1790233766637 1179
1790233768425 1195
1790233770222 1215
1790233772051 1206
1790233773878 1187
1790233775686 1906
1790233778213 1208
1790233780035 1194
1790233781849 1200
1790233783667 1182
1790233785452 1168
1790233788406 1206
1790233790233 1910
1790233792764 1203
1790233794596 1197
1790233796416 1196
1790233798240 1179
1790233800035 1179
1790233801834 1191
1790233803643 1196
1790233805455 1894
1790233807967 1171
1790233809755 1187
1790233812743 1184
1790233814555 1187
1790233816352 1178
1790233818144 1206
1790233819969 1860
1790233822442 1179
1790233824241 1200
1790233826055 1164
1790233827841 1185
1790233829637 1205
1790233831468 1174
1790233833255 1171
1790233835041 1849
1790233837509 1189
1790233839324 1191
1790233841127 1198
1790233842950 1200
1790233844767 1187
1790233846560 1185
1790233848370 1206
1790233850198 1890
1790233852710 1170
1790233854493 1203
1790233856354 1195
1790233858220 1194
1790233860027 1201
1790233861292 1201
1790233862560 1199
1790233864382 1862
1790233866862 1181
1790233868693 1192
1790233870530 1207
1790233872362 1191
1790233874175 1188
1790233875983 1175
1790233877784 1182
1790233879591 1915
1790233882134 1180
1790233883945 1201
1790233885216 1178
1790233887020 1184
1790233888818 1208
1790233890636 1195
1790233892456 1201
1790233893724 1193
1790233895535 1912
1790233899292 1176
1790233900536 1179
1790233902345 1210
1790233904197 1191
1790233905456 1181
1790233907259 1205
1790233909124 1881
1790233911617 1186
1790233913420 1173
1790233915208 1187
1790233918197 1206
1790233920028 1182
1790233921832 1214
1790233923655 1887
1790233926164 1184
1790233927960 1183
1790233929760 1184
1790233931561 1208
1790233933392 1210
1790233935224 1174
1790233937024 1201
1790233938840 1880
1790233941347 1196
1790233943169 1176
1790233944962 1169
1790233946747 1199
1790233948571 1205
1790233950398 1198
1790233952215 1198
1790233954031 1902
1790233956570 1185
1790233958374 1190
1790233960179 1184
1790233961989 1203
1790233963814 1208
1790233965638 1196
1790233967443 1182
1790233969242 1901
1790233971759 1209
1790233973587 1182
1790233975396 1199
1790233976659 1199
1790233978469 1218
1790233980303 1198
1790233982121 1185
1790233983928 1911
1790233986457 1185
1790233988255 1180
1790233990050 1183
1790233991843 1184
1790233993637 1182
1790233995419 1195
1790233997234 1190
1790233999038 1906
1790234001554 1206
1790234003379 1200
1790234005194 1199
1790234007013 1210
1790234008287 1204
1790234009555 1205
1790234011384 1206
1790234013202 1171
1790234014994 1907
1790234017524 1202
1790234019350 1210
1790234021175 1169
1790234022958 1188
1790234024763 1180
1790234026552 1183
1790234028355 1175
1790234030129 1900
1790234032655 1195
1790234034449 1184
1790234036251 1191
1790234037507 1201
1790234039319 1174
1790234041112 1187
1790234042918 1178
1790234044705 1881
1790234047211 1218
1790234049042 1201
1790234050308 1165
1790234052090 1194
1790234053348 1186
1790234055158 1204
1790234056983 1195
1790234058794 1179
1790234060594 1907
1790234063119 1189
1790234064923 1199
1790234066732 1184
1790234068536 1185
1790234070349 1185
1790234072154 1183
1790234073967 1187
1790234075781 1925
1790234078334 1168
1790234080137 1183
1790234083140 1188
1790234084953 1180
1790234086743 1167
1790234088530 1177
1790234090323 1900
1790234092840 1167
1790234094622 1190
1790234096429 1177
1790234098226 1198
1790234100048 1180
1790234101843 1177
1790234103633 1205
1790234105458 1898
1790234107982 1181
1790234109781 1184
1790234111586 1183
1790234113389 1207
1790234115218 1185
1790234117016 1204
1790234118841 1202
1790234120654 1934
1790234123205 1181
1790234124990 1182
1790234126789 1203
1790234128610 1209
1790234130443 1171
1790234132225 1203
1790234134051 1183
1790234135861 1937
1790234138417 1203
1790234140236 1200
1790234142057 1205
1790234143890 1189
1790234145696 1195
1790234147516 1183
1790234149321 1189
1790234151127 1922
1790234153672 1208
1790234155501 1181
1790234157304 1174
1790234159092 1195
1790234160907 1181
1790234162712 1209
1790234164539 1207
1790234166342 1916
1790234168883 1198
1790234170694 1199
1790234172517 1199
1790234173783 1199
1790234175605 1211
1790234177444 1215
1790234179282 1179
1790234181083 1919
1790234183624 1209
1790234185456 1204
1790234187282 1175
1790234189079 1197
1790234192085 1211
1790234193923 1947
1790234196486 1203
1790234198314 1196
1790234200138 1203
1790234201962 1201
1790234203788 1193
1790234205608 1962
1790234208193 1206
1790234210011 1207
1790234213029 1192
1790234214854 1938
1790234217427 1192
1790234219248 1190
1790234221060 1192
1790234222320 1187
1790234224133 1190
1790234225954 1189
1790234227768 1195
1790234229593 1917
1790234233327 1175
1790234235121 1179
1790234236925 1200
1790234238755 1187
1790234240568 1188
1790234242380 1192
1790234244194 1902
1790234246718 1187
1790234248525 1203
1790234250347 1191
1790234252157 1175
1790234253952 1199
1790234255783 1181
1790234257590 1195
1790234259404 1894
1790234261911 1199
1790234263177 1184
1790234265005 1208
1790234266828 1194
1790234268660 1195
1790234270474 1183
1790234272279 1198
1790234274096 1905
1790234276623 1209
1790234278485 1205
1790234279757 1182
1790234281559 1211
1790234283398 1217
1790234286425 1197
1790234288249 1200
1790234290074 1949
1790234292654 1203
1790234293922 1199
1790234295201 1197
1790234297024 1183
1790234298287 1211
1790234300112 1191
1790234301369 1212
1790234303206 1202
1790234305028 1194
1790234306290 1973
1790234308328 1197
1790234310149 1197
1790234311973 1209
1790234313804 1195
1790234315627 1198
1790234317454 1198
1790234319280 1187
1790234321095 1209
1790234322937 1929
1790234325493 1178
1790234327301 1203
1790234329134 1210
1790234330964 1192
1790234332794 1197
1790234334619 1193
1790234336448 1177
1790234338278 1980
1790234342053 1188
1790234343871 1207
1790234345703 1191
1790234347526 1203
1790234349347 1200
1790234351173 1214
1790234353005 1209
1790234354838 1976
1790234357438 1210
1790234359277 1221
1790234361122 1199
1790234362937 1203
1790234364892 1948
1790234368702 1218
1790234370567 1224
1790234372429 1209
1790234374290 1961
1790234376878 1208
1790234378720 1214
1790234380565 1227
1790234382422 1200
1790234384252 1196
1790234386082 1201
1790234387936 1202
1790234390999 1964
1790234393592 1206
1790234395426 1191
1790234397249 1194
1790234399070 1185
1790234400880 1204
1790234402712 1186
1790234404522 1188
1790234406337 1999
1790234408960 1221
1790234410813 1214
1790234412668 1230
1790234414530 1201
1790234416373 1217
1790234418262 1191
1790234420074 1216
1790234421920 2006
1790234423991 1220
1790234425276 1204
1790234427103 1208
1790234428933 1211
1790234430769 1208
1790234432604 1207
1790234434442 1204
1790234436274 1207
1790234438119 1981
1790234440812 1213
1790234443915 1227
1790234445794 1200
1790234447624 1208
1790234449448 1228
1790234451300 1999
1790234453936 1197
1790234455216 1217
1790234457069 1222
1790234458358 1202
1790234460189 1217
1790234462033 1192
1790234463852 1195
1790234465672 1187
1790234467484 1983
1790234470082 1207
1790234471922 1210
1790234473770 1205
1790234475615 1214
1790234477467 1220
1790234479331 1225
1790234481194 1226
1790234483058 1192
1790234484885 1992
1790234487521 1213
1790234490602 1201
1790234492444 1212
1790234494312 1211
1790234496195 1207
1790234498064 2009
1790234500746 1226
1790234502641 1235
1790234504539 1967
1790234508363 1221
1790234510218 1198
1790234512047 1185
1790234513857 1203
1790234515701 1213
1790234517555 1202
1790234519383 1198
1790234521219 1972
1790234523814 1217
1790234525666 1173
1790234527471 1215
1790234529327 1206
1790234531167 1223
1790234533019 1211
1790234534852 1209
1790234536686 1221
1790234538544 1985
1790234541160 1224
1790234543030 1210
1790234544879 1203
1790234546708 1203
1790234548536 1215
1790234550384 1229
1790234552246 1196
1790234554076 1197
1790234555892 1966
1790234557923 1191
1790234559179 1211
1790234561020 1191
1790234562833 1199
1790234564660 1215
1790234565942 1202
1790234567207 1194
1790234569026 1197
1790234570860 1979
1790234573478 1202
1790234574747 1205
1790234576572 1223
1790234579622 1980
1790234582237 1213
1790234584077 1203
1790234585911 1188
1790234587735 1230
1790234589598 1199
1790234590866 1193
1790234592692 2033
1790234595363 1216
1790234597220 1208
1790234600287 1210
1790234602150 1223
1790234604026 1230
1790234605904 1196
1790234607739 1204
1790234609589 2001
1790234612237 1199
1790234614084 1218
1790234615939 1215
1790234617800 1222
1790234619658 1224
1790234621535 1209
1790234623388 1227
1790234625256 1220
1790234627121 2006
1790234629196 1209
1790234630474 1201
1790234632324 1214
1790234634193 1222
1790234635481 1215
1790234637340 1213
1790234639217 1236
1790234641116 1219
1790234644237 2026
1790234646911 1213
1790234648780 1227
1790234650661 1218
1790234652545 1230
1790234654431 1232
1790234656322 1233
1790234658217 1239
1790234660111 1215
1790234661976 2009
1790234664639 1230
1790234666532 1208
1790234668411 1222
1790234670279 1236
1790234672156 1235
1790234674033 1227
1790234675884 1193
1790234677713 1212
1790234679561 2056
1790234682258 1213
1790234684106 1236
1790234685979 1234
1790234687276 1232
1790234689150 1225
1790234691010 1212
1790234692859 1242
1790234694727 1237
1790234696606 2028
1790234699279 1232
1790234701148 1223
1790234703017 1216
1790234704874 1224
1790234706738 1228
1790234708029 1221
1790234709884 1211
1790234711734 1213
1790234713591 2026
1790234716260 1207
1790234718110 1224
1790234719966 1207
1790234721808 1211
1790234723651 1203
1790234725485 1204
1790234727322 1217
1790234729183 1236
1790234731060 2020
1790234733711 1216
1790234734994 1209
1790234736849 1214
1790234738131 1208
1790234739997 1214
1790234741872 1222
1790234743750 1240
1790234745637 1212
1790234747497 2019
1790234750174 1221
1790234752046 1217
1790234753908 1217
1790234755772 1207
1790234757626 1218
1790234759490 1233
1790234761363 1237
1790234763241 1248
1790234765131 2012
1790234767782 1246
1790234769670 1222
1790234771541 1225
1790234773408 1221
1790234775268 1220
1790234777134 1215
1790234778991 1250
1790234782098 2035
1790234784767 1214
1790234786608 1244
1790234788489 1220
1790234790352 1220
1790234791638 1238
1790234793515 1216
1790234795378 1220
1790234797233 1224
1790234799101 2063
1790234801796 1215
1790234803656 1220
1790234805521 1231
1790234807395 1240
1790234809257 1223
1790234811123 1219
1790234812979 1235
1790234814858 1228
1790234816152 2065
1790234818856 1241
1790234820744 1244
1790234822628 1222
1790234824489 1215
1790234826346 1213
1790234828202 1222
1790234830067 1228
1790234831926 1203
1790234833759 2020
1790234836409 1214
1790234838266 1229
1790234840134 1231
1790234842004 1237
1790234843882 1223
1790234845741 1224
1790234847605 1229
1790234849475 1222
1790234851341 2049
1790234854023 1215
1790234855881 1222
1790234857741 1223
1790234859603 1242
1790234861479 1213
1790234863323 1211
1790234865168 1223
1790234867028 1219
1790234868885 2067
1790234871590 1245
1790234873475 1242
1790234875358 1248
1790234877244 1248
1790234879136 1212
1790234880987 1210
1790234882837 1242
1790234884725 1217
1790234886575 2068
1790234889284 1243
1790234891164 1242
1790234893047 1241
1790234894927 1244
1790234896236 1238
1790234898134 1244
1790234900019 1246
1790234901905 1244
1790234903785 2037
1790234905888 1237
1790234907768 1234
1790234909647 1245
1790234911537 1223
1790234913395 1207
1790234915227 1221
1790234917088 1220
1790234918944 1224
1790234920811 2040
1790234923491 1237
1790234925365 1227
1790234927241 1211
1790234929086 1221
1790234930955 1226
1790234932826 1224
1790234934674 1234
1790234936546 1233
1790234938421 2052
1790234940538 1227
1790234941828 1208
1790234943673 1228
1790234945548 1223
1790234947404 1244
1790234949289 1229
1790234951150 1243
1790234953031 1243
1790234954896 2047
1790234958798 1246
1790234960690 1238
1790234962553 1249
1790234964450 1241
1790234966326 1237
1790234967631 1240
1790234969516 1229
1790234971394 2086
1790234974119 1243
1790234976008 1225
1790234977871 1232
1790234979744 1237
1790234981618 1213
1790234983467 1227
1790234985342 1240
1790234987229 1237
1790234989110 2046
1790234991795 1244
1790234993693 1231
1790234995565 1209
1790234997408 1216
1790234999277 1234
1790235001151 1218
1790235003011 1231
1790235004892 1249
1790235006784 2082
1790235009518 1243
1790235011386 1243
1790235013268 1253
1790235015161 1207
1790235017011 1229
1790235018882 1252
1790235020781 1225
1790235022647 1234
1790235024548 2022
1790235027216 1250
1790235029113 1234
1790235030987 1238
1790235032874 1253
1790235034775 1252
1790235036669 1230
1790235038543 1255
1790235040448 1237
1790235042336 2070
1790235045052 1238
1790235046355 1258
1790235048265 1245
1790235049574 1249
1790235051465 1235
1790235053349 1234
1790235055230 1243
1790235057126 1241
1790235059018 2077
1790235061723 1250
1790235063625 1237
1790235065508 1240
1790235067398 1272
1790235069321 1247
1790235071223 1258
1790235073148 1256
1790235075053 1238
1790235076942 2102
1790235079701 1254
1790235081617 1253
1790235083526 1248
1790235085419 1257
1790235087327 1251
1790235089230 1236
1790235091118 1242
1790235093014 1244
1790235094922 2078
1790235097651 1244
1790235099546 1243
1790235101465 1241
1790235104611 2072
1790235107352 1249
1790235109246 1241
1790235111149 1257
1790235113072 1240
1790235114974 1248
1790235116894 1260
1790235118822 1254
1790235120758 2098
1790235123535 1268
1790235126799 1270
1790235128745 1279
1790235130701 1263
1790235132663 1269
1790235134619 1255
1790235136544 1299
1790235138525 2126
1790235141334 1259
1790235143270 1291
1790235145247 1248
1790235147162 1279
1790235149132 1272
1790235151103 1281
1790235153072 1275
1790235155031 1285
1790235156391 2108
1790235159233 1269
1790235161221 1295
1790235163215 1281
1790235165229 1279
1790235167270 1263
1790235169256 1290
1790235171281 1262
1790235173330 2162
1790235177654 1286
1790235179631 1276
1790235181585 1278
1790235183567 1277
1790235185943 1253
1790235188204 1265
1790235190389 1308
1790235192583 2173
1790235195680 1291
1790235198842 1270
1790235202042 1268
1790235205194 1256
1790235212940 2109
1790235216126 1253
1790235219405 1269
1790235222719 1269
1790235224971 1311
1790235227439 1293
1790235229842 2134
1790235232953 1270
1790235235215 1287
1790235237452 1275
1790235239684 1285
1790235241903 1285
1790235244239 1268
1790235246508 1285
1790235248774 2125
1790235251866 1310
1790235254152 1285
1790235256444 1286
1790235258739 1279
1790235261020 1270
1790235263254 1285
1790235265521 1262
1790235267711 2174
1790235272832 1323
1790235275309 1277
1790235277717 1280
1790235280082 1291
1790235282483 1295
1790235286019 2125
1790235289365 1290
1790235291824 1270
1790235296586 1305
1790235299072 1289
1790235301457 1275
1790235304771 2123
1790235309089 1325
1790235313460 1285
1790235315635 1282
1790235317855 1328
1790235322220 2142
1790235327093 1280
1790235329256 1290
1790235334346 1294
1790235336570 1297
1790235338794 1290
1790235343082 2154
1790235346317 1296
1790235350659 1316
1790235356458 1288
1790235363041 2140
1790235368405 1282
1790235372827 1281
1790235377119 1297
1790235380491 2166
1790235383669 1296
1790235385962 1296
1790235388299 1292
1790235391678 1330
1790235394024 1294
1790235396316 1287
1790235399587 2153
1790235402799 1279
1790235406228 1290
1790235408573 1306
1790235410927 1292
1790235415523 1283
1790235424346 2181
1790235427564 1299
1790235429882 1300
1790235433269 1303
1790235436533 1301
1790235438773 1294
1790235441032 1313
1790235444274 2174
1790235448385 1297
1790235456455 1285
1790235458724 1301
1790235460977 1292
1790235466215 2150
1790235474593 1302
1790235479249 1300
1790235487011 2204
1790235492403 1288
1790235497865 1317
1790235500220 1324
1790235503618 1291
1790235505974 2156
1790235509168 1291
1790235513580 1303
1790235516941 1288
1790235519200 1299
1790235521463 1306
1790235524523 2146
1790235527421 1283
1790235529426 1300
1790235531452 1301
1790235533458 1309
1790235535485 1306
1790235537497 1307
1790235539528 1314
1790235541545 1338
1790235543594 2197
1790235546539 1329
1790235547945 1346
1790235550107 1336
1790235552631 1327
1790235555006 1333
1790235569435 2242
1790235574861 1335
1790235580203 1339
1790235582621 1335
1790235586971 1324
1790235591282 2215
1790235595627 1316
1790235597977 1337
1790235600339 1312
1790235603751 1327
1790235608406 1330
1790235616483 2202
1790235623159 1354
1790235627725 1328
1790235636562 2252
1790235639890 1321
1790235642248 1362
1790235645692 1337
1790235649014 1334
1790235652244 1345
1790235654360 1329
1790235656435 2208
1790235659397 1336
1790235660803 1342
1790235662912 1357
1790235664344 1356
1790235667185 1329
1790235669259 1343
1790235671339 1368
1790235673483 1360
1790235675606 2250
1790235677928 1351
1790235680471 1383
1790235682916 1363
1790235685345 1374
1790235688881 1350
1790235698224 2247
1790235705027 1355
1790235711867 1359
1790235716396 2227
1790235719678 1345
1790235723147 1379
1790235725677 1351
1790235729136 1364
1790235731577 1362
1790235733951 1360
1790235738527 2245
1790235746371 1358
1790235750019 1376
1790235766815 2256
1790235775239 1356
1790235779536 1355
1790235781702 1369
1790235783854 1367
1790235785295 2290
1790235788374 1357
1790235790506 1374
1790235792661 1365
1790235794100 1381
1790235795558 1386
1790235797739 1396
1790235799892 1370
1790235802003 1386
1790235804155 2254
1790235807187 1379
1790235809362 1363
1790235811470 1389
1790235814104 1361
1790235816545 1390
1790235832691 2276
1790235836113 1376
1790235839704 1368
1790235848970 1384
1790235853578 2301
1790235858087 1349
1790235860553 1372
1790235864008 1363
1790235867582 1372
1790235872362 2294
1790235887747 1369
1790235893359 2274
1790235897655 1379
1790235900046 1355
1790235906543 1389
1790235908973 1365
1790235911400 2272
1790235914508 1361
1790235916704 1373
1790235918889 1402
1790235921817 1419
1790235923984 1403
1790235926146 1396
1790235928293 1394
1790235930429 2313
1790235933483 1386
1790235935604 1369
1790235937696 1389
1790235939849 1402
1790235942008 1360
1790235944147 1371
1790235946452 1405
1790235949004 2273
1790235952354 1379
1790235960270 1380
1790235970803 2285
1790235976442 1381
1790235983548 1396
1790235987127 1369
1790235994926 2280
1790236020283 2282
1790236023613 1381
1790236030180 1373
1790236032557 1380
1790236034999 1380
1790236039419 2275
1790236043619 1385
1790236045800 1390
1790236047956 1393
1790236050118 1408
1790236051600 1393
1790236053763 1403
1790236055892 1382
1790236057342 1383
1790236059469 2274
1790236062496 1389
1790236064607 1401
1790236066733 1392
1790236068877 1403
1790236071061 1402
1790236072554 1395
1790236075502 1401
1790236077751 2331
1790236081242 1399
1790236090610 1398
1790236095714 1428
1790236099444 2363
1790236102985 1385
1790236105641 1405
1790236123877 2319
1790236132696 1413
1790236150422 2357
1790236165495 1421
1790236170044 2321
1790236173194 1406
1790236175371 1414
1790236177560 1423
1790236179744 1433
1790236181256 1421
1790236182749 1431
1790236184949 1409
1790236186431 1427
1790236187932 1409
1790236190126 2347
1790236193249 1421
1790236195421 1403
1790236197596 1415
1790236199797 1424
1790236202017 1423
1790236203515 1457
1790236205786 1427
1790236208195 1447
1790236210792 2384
1790236219045 1432
1790236221703 1430
1790236225597 1422
1790236231792 2368
1790236235376 1459
1790236240374 1425
1790236244105 1466
1790236246749 1448
1790236252764 2416
1790236257438 1445
1790236282998 2387
1790236288580 1440
1790236291082 1462
1790236298013 1470
1790236302734 2411
1790236306264 1439
1790236310973 1468
1790236314594 1442
1790236316880 1436
1790236319102 1470
1790236321401 1439
1790236323626 2402
1790236326854 1444
1790236329127 1458
1790236332893 1447
1790236335198 1476
1790236338001 1494
1790236345440 2422
1790236356229 1452
1790236360007 1454
1790236376107 2409
1790236379650 1449
1790236400785 2451
1790236413043 1485
1790236417899 1466
1790236427549 2406
1790236430875 1464
1790236432413 1465
1790236434712 1469
1790236436983 1456
1790236439244 1464
1790236441509 1475
1790236443759 1475
1790236446023 1462
1790236448248 2448
1790236451490 1497
1790236453763 1480
1790236456038 1483
1790236458299 1516
1790236460635 1511
1790236462988 1493
1790236465296 1498
1790236467796 2451
1790236471487 1491
1790236476398 1497
1790236480306 1477
1790236484145 1487
1790236499685 2436
1790236510776 1494
1790236513500 1521
1790236516180 1484
1790236534715 2465
1790236563217 2467
1790236566635 1494
1790236568938 1521
1790236571268 1494
1790236573553 1493
1790236575858 1489
1790236578147 1520
1790236580471 1495
1790236582760 2519
1790236586077 1509
1790236588386 1507
1790236592200 1520
1790236593792 1498
1790236596113 1503
1790236598439 1532
1790236687959 3515
1790236694101 2359
1790236698876 2354
1790236703651 2367
1790236708482 2275
1790236713080 3627
1790236718951 2273
1790236739880 3519
1790236845601 3531
1790237466960 3583
1790237471803 2385
1790237474267 2309
1790237477826 2328
1790237481400 2326
1790237484939 2405
1790237488576 2319
1790237492130 2341
1790237495700 3649
1790237500561 2351
1790237504125 2331
1790237507687 2418
1790237510182 2353
1790237512618 2360
1790237516242 2419
1790237522221 3752
1790237527222 2431
1790237529733 2376
1790237533354 2426
1790237537026 2370
1790237540631 2360
1790237544244 2430
1790237547923 2349
1790237551531 3648
1790237555258 2365
1790237558882 2357
1790237562529 2440
1790237565050 2353
1790237568699 2350
1790237572295 2355
1790237575902 2367
1790237579514 3792
1790237584539 2360
1790237586975 2357
1790237590574 2367
1790237594176 2372
1790237597805 2373
1790237601438 2349
1790237605028 2425
1790237608643 3770
1790237613673 2361
1790237617298 2444
1790237619820 2417
1790237623490 2343
1790237627055 2352
1790237630655 2351
1790237634263 2364
1790237637882 3670
1790237642818 2429
1790237646589 2356
1790237650292 2361
1790237654418 2421
1790237658308 2356
1790237661934 2356
1790237665502 3667
1790237670419 2372
1790237674043 2350
1790237677632 2362
1790237681229 2369
1790237684818 2371
1790237688421 2374
1790237692037 3669
1790237696938 2362
1790237700523 2373
1790237704124 2368
1790237707727 2354
1790237711307 2359
1790237714906 2358
1790237718490 3656
1790237723397 2369
1790237726982 2438
1790237730674 2367
1790237734299 2439
1790237737972 2445
1790237741680 2443
1790237745353 3797
1790237750388 2446
1790237754062 2379
1790237757709 2373
1790237761316 2372
1790237764936 2357
1790237768519 2377
1790237772142 2360
1790237775736 3697
1790237780660 2374
1790237784294 2365
1790237787911 2386
1790237791520 2454
1790237795227 2372
1790237798854 2380
1790237802482 3800
1790237807529 2370
1790237811164 2380
1790237814788 2387
1790237818419 2374
1790237822030 2382
1790237825752 2370
1790237829415 3717
1790237835334 2452
1790237839809 2381
1790237844256 2401
1790237860016 3692
1790237889500 3702
1790237898579 2380
1790237902717 2384
1790237906882 2363
1790237911006 2400
1790237915171 2364
1790237919356 3691
1790237930422 2390
1790237934697 2369
1790237938963 2383
1790237945231 2361
1790238090481 3747
1790238095530 2414
1790238101814 2485
1790238105613 2388
1790238109304 2415
1790238113001 2502
1790238116802 2422
1790238120503 3881
1790238125653 2423
1790238130100 2510
1790238138506 2437
1790238169397 3765
1790238208038 3872
1790238217560 2439
1790238226098 2437
1790238273490 3778
1790238301926 3796
1790238329474 3787
1790238362713 3794
1790238385483 2477
1790238389896 3829
1790238410114 2448
1790238414454 2462
1790238420765 3922
1790238437374 2471
1790238463835 3801
1790238541204 3818
1790238546892 2486
1790238551225 2471
1790238559364 2551
1790238565791 2481
1790238590668 3826
1790238596385 2467
1790238622828 3835
1790238638076 2455
1790238646186 2476
1790238654121 3923
1790238659915 2487
1790238674251 2470
1790238692168 3830
1790238737952 3987
1790238749365 2465
1790238753771 2474
1790238769815 3832
1790238812876 3847
1790238818210 2475
1790238828334 2504
1790238832402 2478
1790238839525 2499
1790240580551 6960
1790240590054 4772
1790240597384 4797
1790240604694 4804
1790240612026 4802
1790240619309 4978
1790240624385 7191
1790240634096 4799
1790240641368 4920
1790240648768 4927
1790240656221 4804
1790240663526 4784
1790240670792 6975
1790240680237 4932
1790240685261 4920
1790240692646 4953
1790240700096 4930
1790240707535 4920
1790240714963 7145
1790240724620 4910
1790240732004 4787
1790240739258 4932
1790240746730 4924
1790240754118 4962
1790240761605 7134
1790240768848 4944
1790240776420 4807
1790240783803 4950
1790240792262 4776
1790240800685 4801
1790240809220 7017
1790240820149 4786
1790240828670 4821
1790240837246 4813
1790240849222 4819
1790240857717 7169
1790240868631 4849
1790240877535 4950
1790240902355 7189
1790241073219 7189
1790241073219 278374 census
1790241362515 7076
1790241373054 4911
1790241404765 4980
1790241413694 7288
1790241425095 4999
1790241442568 5059
1790241451676 4964
1790241582094 7598
1790241592481 5264
1790241600433 5116
1790241608235 5230
1790241618806 5195
1790241626715 5143
1790241634565 7443
1790241644642 5183
1790241652487 5173
1790241661972 5169
1790241679298 5184
1790241704362 7411
1790241715891 5290
1790241799017 7515
1790241818911 5174
1790241868559 7695
1790241978554 7737
1790241989136 5450
1790241997320 5424
1790242005470 5391
1790242013565 5247
1790242021535 5276
1790242029595 7585
1790242039979 5248
1790242048040 5320
1790242056155 5320
1790242064298 5372
1790242069766 5412
1790242078189 7669
1790242090011 5225
1790242127825 7547
1790242143708 5253
1790242235505 8021
1790242275797 5439
1790242290090 7859
1790242808447 9399
1790242821258 6508
1790242827866 6383
1790242837644 6503
1790242847467 6592
1790242857354 6402
1790242867052 9091
1790242879435 6513
1790242889218 6556
1790242899075 6556
1790242908892 6570
1790242918738 6444
1790242928484 9365
1790242947597 6588
1790242954275 6529
1790242964053 6551
1790242973911 6572
1790242983780 6556
1790242993656 9070
1790243005991 6359
1790243015672 6399
1790243025322 6548
1790243035214 6474
1790243044988 6406
1790243054670 9182
1790243067129 6394
1790243076830 6574
1790243086706 6418
1790243096397 6328
1790243102816 6328
1790243112493 9069
1790243124876 6427
1790243134511 6315
1790243144136 6432
1790243153872 6406
1790243163567 6399
1790243173215 9110
1790243185610 6427
1790243195325 6574
1790243205132 6352
1790243214759 6444
1790243224595 6526
1790243234484 9409
1790243247208 6411
1790243256924 6430
1790243266684 6552
1790243276549 6471
1790243286324 6634
1790243296279 9406
1790243308993 6554
1790243318887 6400
1790243328649 6471
1790243338467 6451
1790243348206 6410
1790243357892 9394
1790243370587 6556
1790243380431 6574
1790243390326 6456
1790243400064 6403
1790243409759 6439
1790243419490 9180
1790243432008 6555
1790243438653 6589
1790243448591 6344
1790243458232 6597
1790243468095 6577
1790243478025 9401
1790243490723 6587
1790243500605 6599
1790243510444 6566
1790243520324 6555
1790243530172 6590
1790243540051 9428
1790243552780 6456
1790243562546 6352
1790243572160 6382
1790243581802 6594
1790243591732 6549
1790243601591 9404
1790243614284 6384
1790243624046 6581
1790243633872 6364
1790243643489 6566
1790243653350 6631
1790243663295 9480
1790243676118 6597
1790243686051 6552
1790243695875 6548
1790243705751 6525
1790243715611 6451
1790243725406 9480
1790243738180 6560
1790243748100 6586
1790243758013 6576
1790243774425 6545
1790243781061 6624
1790243791047 9203
1790243803568 6590
1790243813493 6611
1790243823443 6369
1790243833136 6362
1790243842779 6605
1790243852691 9214
1790243865191 6412
1790243874938 6456
1790243884693 6394
1790243894356 6446
1790243904128 6436
1790243913911 9393
1790243926613 6564
1790243936476 6439
1790243946260 6574
1790243956148 6599
1790243966095 6374
1790243975802 9342
1790243988450 6435
1790243998238 6589
1790244008131 6564
1790244019790 6535
1790244019790 350410 census
1790244382169 9251
1790244397003 6380
1790244409388 6595
1790244421915 6383
1790244433233 6379
1790244448998 9111
1790244467438 6477
1790244479162 6443
1790244496203 6445
1790244518812 9312
1790247708944 11518
1790247724604 7892
1790247736530 8084
1790247748797 8271
1790247761229 7933
1790247773308 8240
1790247781651 11531
1790247797251 8081
1790247805434 7952
1790247817506 8032
1790247829636 7942
1790247841721 8168
1790247849992 11265
1790247865465 8023
1790247877586 7989
1790247889845 8243
1790247902312 8212
1790247914673 8161
1790247926981 11541
1790247950920 8151
1790247963226 8210
1790247975611 8075
1790247987772 8125
1790247999980 11540
1790248015629 7894
1790248027586 7914
1790248039607 7940
1790248051641 7946
1790248059737 8174
1790248072119 11557
1790248087797 7920
1790248099850 7953
1790248111924 8258
1790248124351 8190
1790248136686 8130
1790248148957 11702
1790248164839 8152
1790248177113 8036
1790248189295 8167
1790248201642 8186
1790248213960 8257
1790248226374 11315
1790248241804 7970
1790248253890 8221
1790248266279 8140
1790248278598 8281
1790248291042 8276
1790248303482 11634
1790248319240 8150
1790248331563 8239
1790248343965 8235
1790248356372 8094
1790248368645 8323
1790248381129 11733
1790248397061 8167
1790248409393 8061
1790248421554 8325
1790248434098 7914
1790248446094 7940
1790248458084 11256
1790248473471 8096
1790248485815 8152
1790248498224 8003
1790248510388 8134
1790248522683 8131
1790248534946 11446
1790248550540 8252
1790248562990 8122
1790248575335 8302
1790248587829 8137
1790248600148 8184
1790248612549 11629
1790248628327 8378
1790248640899 8110
1790248653163 7975
1790248665262 8099
1790248677534 8043
1790248689638 11198
1790248704960 8039
1790248717145 8189
1790248729480 8210
1790248741862 7954
1790248757089 11375
1790248776027 8266
1790248791109 8043
1790248804978 8077
1790248843388 11306
1790248861056 8144
1790248876032 8051
1790248891231 8145
1790248914088 11318
1790252823454 14413
1790252843143 10232
1790252858783 10540
1790252874652 10851
1790252890915 10546
1790252906812 10279
1790252922370 14684
1790252942384 10469
1790252958262 10909
1790253028360 14765
1790253048533 10585
1790253064684 10683
1790253080756 10711
1790253096866 10487
1790253156300 14964
1790253181383 10392
1790253697334 14912
1790253717865 10838
1790253734276 10670
1790253750458 10883
1790253766942 11067
1790253783573 10944
1790253800209 15300
1790253821052 10901
1790253853034 10908
1790253880887 10964
1790253900553 15789
1790253925687 11059
1790253998623 14937
1790254250718 15491
1790254274432 11049
1790254291387 11007
1790254725990 16397
1790254748329 11730
1790254765941 11397
1790254783310 11736
1790254801030 11389
1790254818274 11034
1790254835120 15410
1790254856265 11482
1790254873593 11148
1790254890391 10938
1790254906954 10909
1790254923463 11518
1790254940916 16440
1790254963314 11714
1790254980984 11744
1790254998582 11773
1790255016276 11371
1790255033442 11480
1790255050741 15982
1790255072475 11067
1790255089268 11301
1790255106384 11093
1790255123199 11356
1790255140376 11357
1790255157479 15962
1790255179167 10979
1790255195845 11502
1790255213176 11160
1790255230035 11168
1790255246812 11203
1790255263770 15290
1790255284894 11073
1790255301859 11424
1790255319344 11507
1790255336817 11672
1790255354843 15517
1790255376239 11352
1790255393615 11409
1790255411128 11139
1790255428004 11770
1790255445651 15451
1790255466731 11625
1790255484139 11206
1790255501152 11480
1790255518618 11688
1790255536049 16343
1790255558293 11734
1790255575904 11359
1790255587378 11365
1790255604582 11434
1790255621865 11651
1790255639463 15912
1790255661336 11126
1790255678218 11081
1790255695561 11769
1790255713235 11795
1790255730969 11476
1790255748217 16514
1790255770652 11791
1790255788414 11401
1790255805692 11758
1790255823407 11375
1790255840564 11886
1790255858561 15881
1790255880579 11458
1790255898629 11864
1790255916663 11443
1790255934153 11364
1790255951748 15905
1790255973742 11403
1790255991291 11388
1790256008456 11299
1790256025788 11335
1790256043100 15863
1790256065069 11393
1790256082502 11819
1790256100450 11802
1790256118395 11439
1790256135898 15905
1790256157704 11106
1790256174664 11422
1790256191969 11553
1790256209607 11821
1790256227504 16501
1790256250122 11445
1790256267477 11313
1790256284636 11765
1790256302384 11311
1790256319657 11507
1790256337064 15843
1790256358877 11159
1790256375823 11469
1790256393382 11774
1790256411165 11555
1790256428784 15999
1790256450724 11453
1790256468219 11116
1790256485185 11437
1790256502462 11358
1790256519688 11091
1790256536611 15955
1790256558354 11025
1790256575155 11449
1790256592522 11573
1790256609924 11445
1790256627168 11442
1790256644475 15910
1790256666153 11084
1790256682955 11782
1790256700527 11264
1790256717750 11401
1790256735093 11504
1790256752542 16166
1790256774706 11398
1790256791934 11496
1790256809315 11075
1790256830713 11453
1790256848299 16038
1790256879080 11524
1790256879080 287492 census
1790257187517 15981
1790257240492 10838
