1790228935858 31044 45
1790228935965 47744 20
1790228936043 72620 20
1790228936121 111880 20
1790228936198 198016 21
1790228936278 282524 19
1790228936356 303080 20
1790228936494 319552 22
1790228936574 324348 21
1790228936645 328232 20
1790228936722 332376 21
1790228936849 339948 22
1790228936922 350428 20
1790228937048 356608 20
1790228937120 360672 20
1790228937196 371288 22
1790228937329 378488 21
1790228937399 386956 21
1790228937478 400984 22
1790228937563 575576 25
1790228937657 907216 25
1790228937754 1050700 23
1790228937857 1761840 26
1790228937956 2352100 28
1790228938064 2869700 27
1790228938165 3280064 28
1790228938294 3598528 30
1790228938408 3850920 31
1790228938524 4072992 32
1790228938650 4334000 33
1790228938785 4628988 36
1790228938932 5116504 38
1790228939095 5501860 43
1790228939295 5845036 47
1790228939530 6251736 52
1790228939812 6741072 58
1790228940156 7321848 66
1790228940506 7869972 72
1790228940960 8738976 84
1790228941480 9329548 92
1790228941951 9735180 96
1790228942535 10284060 102
1790228943151 10789436 106
1790228943710 11322940 114
1790228944427 12278532 129
1790228945236 13336092 141
1790228946119 14027176 147
1790228947050 14787244 158
1790228948063 15463000 169
1790228949123 16188252 173
1790228950236 16895124 186
1790228951410 17633124 195
1790228952442 18311980 201
1790228953734 19496616 217
1790228955124 20308664 222
1790228956564 21254340 235
1790228958050 22183696 239
1790228959625 23312592 259
1790228962985 23551556 262
1790228967175 23797224 259
1790228969660 24155716 257
1790228971622 24572236 261
1790228973053 24895592 246
1790228975233 25276568 254
1790228977676 25666136 252
1790228979080 26051504 255
1790228981282 26325680 256
1790228983224 26933436 263
1790228984950 28805228 267
1790228986680 29377412 269
1790228987812 29703228 262
1790228991224 30013288 267
1790228996638 30143636 265
1790229002023 30254088 264
1790229007943 30369608 262
1790229013322 30477480 262
1790229018696 30630432 262
1790229024052 30768788 261
1790229029418 30884580 261
1790229035337 30990532 264
1790229040661 31124836 265
1790229046022 31245768 263
1790229051365 31341156 262
1790229056709 31473404 264
1790229062605 31632424 262
1790229067945 31756416 265
1790229073268 32020320 265
1790229078661 32127332 259
1790229084551 32278824 263
1790229089925 32378172 261
1790229095281 32506140 264
1790229100635 32793760 267
1790229106519 32878836 263
1790229111886 33106376 266
1790229117538 33192436 261
1790229123552 33192504 264
1790229128913 33192608 266
1790229134284 33192704 267
1790229140486 33192800 265
1790229145873 33192872 263
1790229151245 33192944 266
1790229156590 33193008 265
1790229161966 33193068 261
1790229167300 33246380 269
1790229173515 33283340 265
1790229178884 33295700 261
1790229184276 33295772 259
1790229189591 33295840 263
1790229195173 33295944 261
1790229200526 33296008 263
1790229205892 33308364 267
1790229211330 33312536 262
1790229216686 33321376 265
1790229222051 33325068 264
1790229227428 33334436 260
1790229232792 33336188 270
1790229239033 33336272 260
1790229244370 33336344 263
1790229249744 33336416 259
1790229255075 33336484 262
1790229260436 33336548 262
1790229265808 33336612 259
1790229271164 33336668 268
1790229277388 33336732 265
1790229283326 33363396 263
1790229288971 33393928 269
1790229294890 33428780 268
1790229301041 33428836 269
1790229307239 33437804 263
1790229312578 33501856 263
1790229318478 33606748 263
1790229323883 33626608 270
1790229330137 33712720 267
1790229332130 34070568 266
1790229334716 34606756 270
1790229336724 35081136 272
1790229338157 35472400 271
1790229339903 35995664 266
1790229342437 36651320 267
1790229345005 37393636 269
1790229347030 37811880 275
1790229353254 38056584 273
1790229357090 38728640 275
1790229358827 39136896 277
1790229360605 39639540 270
1790229363219 40300180 280
1790229365879 41040984 277
1790229367938 41603240 274
1790229370569 42246088 277
1790229373200 42935948 278
1790229375254 43488836 277
1790229376984 43931520 279
1790229378770 44439408 279
1790229381403 45175208 280
1790229384021 45852528 280
1790229386062 46412036 287
1790229387834 46944496 280
1790229389615 47517852 286
1790229392250 48244376 289
1790229394938 48918652 288
1790229397022 49511304 297
1790229399409 50211976 293
1790229402068 50957484 287
1790229404143 51517036 286
1790229406787 52196080 293
1790229409515 52965684 295
1790229412138 53700940 287
1790229415688 54684844 299
1790229418427 55459004 295
1790229423855 56193576 296
1790229428319 57025568 295
1790229433727 57652848 296
1790229437641 58250076 298
1790229440668 58837972 305
1790229444043 59716424 306
1790229447352 60360660 301
1790229451916 61093036 303
1790229458221 61527996 302
1790229462999 62242116 305
1790229467914 62991092 307
1790229472689 63707316 309
1790229479242 63986580 309
1790229486448 64600132 305
1790229490857 65438704 308
1790229494836 66207992 308
1790229497846 66925968 308
1790229502712 67621276 311
1790229509117 68074784 316
1790229516592 68795192 312
1790229520413 69597592 311
1790229525608 70594956 310
1790229529672 71396932 316
1790229537042 71964768 312
1790229543417 72282512 309
1790229549868 72690616 307
1790229556234 72767428 313
1790229562652 72817696 312
1790229569050 72883772 314
1790229575416 73119860 315
1790229581862 73168468 318
1790229589496 73237248 316
1790229595871 73265796 313
1790229602332 73266328 309
1790229608884 73266928 313
1790229615419 73267768 313
1790229622065 73269384 311
1790229628707 73269984 315
1790229635267 73270516 314
1790229641163 74266504 320
1790229647075 75019460 320
1790229653498 75374424 320
1790229661122 75874788 320
1790229668743 76334100 318
1790229676240 76592524 318
1790229685197 76592812 322
1790229692697 76592876 315
1790229699430 76592908 320
1790229705941 77459664 315
1790229711413 78302988 327
1790229716061 79174604 328
1790229720468 80201088 327
1790229723793 81017580 328
1790229729350 81852132 328
1790229736759 82378896 334
1790229743986 83375036 334
1790229748782 84311876 332
1790229754630 85275488 339
1790229760555 86355860 334
1790229767666 87180248 336
1790229774954 87875276 331
1790229783740 88498500 336
1790229834804 88545608 335
1790229842465 89209160 335
1790229850114 90106188 337
1790229853957 91115888 331
1790229861545 91832928 328
1790229869272 92711864 338
1790229876946 93490472 335
1790229885844 94103212 336
1790229893579 94392164 332
1790229915428 94546108 335
1790229919582 95669084 342
1790229923538 96634792 337
1790229931038 96901200 334
1790229938487 97993712 342
1790229944393 99096500 343
1790229951380 99334360 341
1790229958882 100004772 344
1790229965960 100921292 339
1790229972954 101950380 342
1790229980178 102979620 342
1790229987027 104070356 345
1790229993022 105158948 348
1790230000662 105765852 347
1790230007947 106948792 350
1790230015188 107928956 344
1790230022808 108420836 347
1790230029882 108742732 345
1790230037495 109066692 347
1790230044816 109609996 345
1790230079721 109890736 349
1790230087654 110585008 345
1790230096056 111160496 352
1790230103965 112174256 343
1790230111758 112985264 344
1790230119508 114265264 348
1790230127280 115252400 345
1790230142747 115844296 348
1790230150531 115884380 355
1790230158428 117292380 352
1790230164118 118579400 353
1790230171999 119311508 355
1790230179829 119381192 349
1790230187721 119454964 355
1790230195589 119525796 354
1790230201901 120875824 360
1790230207908 122416308 358
1790230213282 123684516 359
1790230219317 125001692 368
1790230224743 126280316 362
1790230230794 127725108 363
1790230236564 129058212 366
1790230242373 130496468 372
1790230249096 131995872 377
1790230256235 133348272 379
1790230264048 133473720 375
1790230272039 133477196 372
1790230280279 133479732 375
1790230282632 135049164 375
1790230288162 136730448 384
1790230293395 138204652 377
1790230301352 139585188 384
1790230309509 140547088 379
1790230314438 142000720 383
1790230320004 143720860 381
1790230325549 145346688 386
1790230333077 146827556 380
1790230340921 147368288 389
1790230349115 147925924 388
1790230355064 149688640 389
1790230361217 151311940 388
1790230369516 153025936 395
1790230374895 154560616 393
1790230380268 156391436 394
1790230388678 156789472 396
1790230397360 157000076 394
1790230405890 157006376 394
1790230416146 157006524 403
1790230425886 157006756 394
1790230437488 157006940 398
1790230445912 157007060 398
1790230454516 157007188 399
1790230463465 157007308 399
1790230471971 157007428 394
1790230480074 157923816 395
1790230485158 159711872 401
1790230489908 161497480 405
1790230495028 163164356 408
1790230545123 164120016 455
1790230554359 164266992 454
1790230563560 164273204 453
1790230572656 164870616 446
1790230581668 164997112 448
1790230590701 165086200 444
1790230599760 165115116 450
1790230609951 165273036 448
1790230618938 165295752 454
1790230635599 165637648 471
1790230646042 165805380 474
1790230659045 165810128 475
1790230669119 165810248 475
1790230680607 165810428 476
1790230690149 165810548 473
1790230702171 165810728 477
1790230715457 165810848 476
1790230725355 166203936 474
1790230735025 167586388 479
1790230743337 169656272 481
1790230748614 171457412 482
1790230752601 173316244 486
1790230757483 175063464 491
1790230769101 176039924 493
1790230779557 176316968 489
1790230789490 176344888 495
1790230799427 176349340 486
1790230809335 176353672 495
1790230819315 176358100 487
1790230829232 176362412 490
1790230839127 176367040 486
1790230849049 176371448 489
1790230859007 176376208 488
1790230868927 176380696 493
1790230878890 176385332 499
1790230910068 176804904 495
1790230915646 180923508 491
1790230925609 182572036 502
1790230927721 184515464 501
1790230949991 184521620 503
1790230987579 184521916 497
1790230998904 184950368 500
1790231009092 186474920 510
1790231019978 187929136 515
1790231029785 189986044 513
1790231039693 191941040 518
1790231052187 193367404 525
1790231094687 193367408 524
1790231107374 193367412 528
1790231119617 194620212 524
1790231130362 197511196 539
1790231132867 199863096 536
1790231138878 202576260 537
1790231150097 204189972 547
1790231161805 205455880 549
1790231173436 206430500 546
1790231179964 212920376 549
1790231220415 212924496 559
1790231246973 213048484 553
1790231258867 213049276 549
1790231273647 213050356 551
1790231285930 213053192 548
1790231298217 213058340 539
1790231310445 213063684 546
1790231322769 213069188 544
1790231335029 213074632 545
1790231347327 213079732 541
1790231359620 213084692 551
1790231371904 213089488 551
1790231469989 213111936 557
1790231533187 213853152 542
1790231598602 213853160 549
1790231610647 213853208 549
1790231649212 213853220 546
1790231660339 213853224 541
1790231675392 213853228 544
1790231690809 213853244 550
1790231751606 213853252 552
1790231896885 214106160 554
1790231906426 216527032 552
1790231918801 216902900 555
1790231931226 217196804 559
1790231943193 217572696 556
1790231990732 217702956 553
1790232003606 217703064 558
1790232015644 217703196 560
1790232033628 217703276 563
1790232071115 217703280 569
1790232085035 217703420 550
1790232120961 217703424 559
1790232142386 217703908 554
1790232158054 217703924 561
1790232367307 217740100 554
1790232379818 218122116 558
1790232392342 218418152 556
1790232404863 218812476 555
1790232455440 219037456 565
1790232521439 219037464 561
1790232535336 219037484 564
1790232569882 219037488 560
1790232581790 219037496 560
1790232598187 219037500 561
1790232609462 219553904 564
1790232620880 219594680 567
1790232633764 219620948 577
1790232646731 219648780 575
1790232658248 219664840 570
1790232670613 219702276 571
1790232683455 219739536 560
1790232695203 219782352 569
1790232708045 219820616 573
1790232720823 219858112 570
1790232733663 219897132 576
1790232746486 219934344 567
1790232759357 219982308 569
1790232772204 220032996 572
1790232784617 220086600 574
1790232797474 220140652 572
1790232809914 220198908 586
1790232973831 220262148 612
1790232987300 222486568 612
1790232999762 224225528 624
1790233013470 226108140 615
1790233026541 227898112 633
1790233040248 230037268 636
1790233053266 231779700 633
1790233066923 233764656 628
1790233080516 235476248 629
1790233094325 236196560 634
1790233108736 236197668 638
1790233121596 236201504 644
1790233136156 236213804 634
1790233150482 236279420 628
1790233163084 236359372 635
1790233176896 237457612 638
1790233191202 239400204 639
1790233204409 241200464 651
1790233218344 242733012 646
1790233232349 243872436 659
1790233247103 243874380 661
1790233261969 243904292 648
1790233275004 243932556 649
1790233289711 243971752 657
1790233304156 244173440 648
1790233318832 246358668 658
1790233333527 248451492 657
1790233348126 250349072 655
1790233361610 251739436 664
1790233375924 252881512 670
1790233390959 253590460 680
1790233405215 253591228 671
1790233419452 253591380 674
1790233434657 253956500 665
1790233449126 255976224 672
1790233463513 258031660 671
1790233478381 260038616 671
1790233492179 261863988 687
1790233506129 263884960 677
1790233521281 265057260 682
1790233535831 265966464 687
1790233550040 266294300 687
1790233565191 266492264 702
1790233580371 266609496 695
1790233595590 266762096 687
1790233610804 266797524 683
1790233625948 266945652 685
1790233641048 267616352 689
1790233656163 268071812 688
1790233670797 268361508 695
1790233685980 268591684 696
1790233700533 268825948 704
1790233715769 268910880 689
1790233730334 268934444 690
1790233745415 268986704 692
1790233760535 269217028 690
1790233775686 270008436 693
1790233790233 272683688 707
1790233805455 275817552 708
1790233819969 278322632 694
1790233835041 278835484 691
1790233850198 279118980 702
1790233864382 279771708 702
1790233879591 281260972 712
1790233895535 282516200 709
1790233909124 287767424 703
1790233923655 289737104 705
1790233938840 291043504 704
1790233954031 291891032 713
1790233969242 292351736 711
1790233983928 292669852 711
1790233999038 292868304 714
1790234014994 293328992 725
1790234030129 293523152 715
1790234044705 293680188 712
1790234060594 293808952 722
1790234075781 294016968 719
1790234090323 294254768 717
1790234105458 294464352 719
1790234120654 294625512 727
1790234135861 294741680 726
1790234151127 295025788 724
1790234166342 295658016 725
1790234181083 298686236 727
1790234193923 302170728 737
1790234205608 305880512 736
1790234214854 309264408 734
1790234229593 313181268 729
1790234244194 316422124 729
1790234259404 318026536 724
1790234274096 318750116 728
1790234290074 320060564 748
1790234306290 321755004 753
1790234322937 323072408 745
1790234338278 328113052 765
1790234354838 328855644 763
1790234364892 338943948 751
1790234374290 343430444 757
1790234390999 348144496 760
1790234406337 349967492 769
1790234421920 351634236 782
1790234438119 352836112 772
1790234451300 356428876 774
1790234467484 359053608 779
1790234484885 361280632 779
1790234498064 365435432 785
1790234504539 369184372 770
1790234521219 369983644 773
1790234538544 370021184 778
1790234555892 370979632 772
1790234570860 374752440 787
1790234579622 380064728 782
1790234592692 384339536 799
1790234609589 388035388 786
1790234627121 390887468 790
1790234644237 393613572 801
1790234661976 394962672 798
1790234679561 396052896 807
1790234696606 397109096 802
1790234713591 398058664 799
1790234731060 398985964 796
1790234747497 399845904 804
1790234765131 400382120 805
1790234782098 401122968 810
1790234799101 402036052 815
1790234816152 403008608 820
1790234833759 403894532 804
1790234851341 404616840 819
1790234868885 405256752 828
1790234886575 405991668 825
1790234903785 406822044 819
1790234920811 407631636 810
1790234938421 408352568 815
1790234954896 409134904 814
1790234971394 409928020 832
1790234989110 410509032 818
1790235006784 411003180 840
1790235024548 411463072 822
1790235042336 411786764 830
1790235059018 412492952 830
1790235076942 413781264 833
1790235094922 415194608 834
1790235104611 421437116 834
1790235120758 426297164 844
1790235138525 428859424 843
1790235156391 432095604 843
1790235173330 435862920 861
1790235192583 436840756 862
1790235212940 436842820 844
1790235229842 436984684 852
1790235248774 437139848 850
1790235267711 437139900 866
1790235286019 437139948 849
1790235304771 437139980 850
1790235322220 437140008 857
1790235343082 437140032 854
1790235363041 437140056 855
1790235380491 437140084 858
1790235399587 437144204 857
1790235424346 437155876 869
1790235444274 437159124 862
1790235466215 437159148 859
1790235487011 437159160 872
1790235505974 437159180 859
1790235524523 437214048 853
1790235543594 441186184 869
1790235569435 442822312 887
1790235591282 442822332 882
1790235616483 442835244 877
1790235636562 442835256 890
1790235656435 443588796 879
1790235675606 447172772 889
1790235698224 447759048 885
1790235716396 447759064 886
1790235738527 447784024 887
1790235766815 447784040 886
1790235785295 448874828 904
1790235804155 451585324 897
1790235832691 452794604 899
1790235853578 452794620 907
1790235872362 452820748 903
1790235893359 452820760 896
1790235911400 452828388 893
1790235930429 455778688 912
1790235949004 458350884 900
1790235970803 458350900 905
1790235994926 458371544 906
1790236020283 458371548 901
1790236039419 458375300 902
1790236059469 461116380 907
1790236077751 463699596 918
1790236099444 463715572 929
1790236123877 463717628 916
1790236150422 463717636 931
1790236170044 463771004 916
1790236190126 467565272 925
1790236210792 470331740 935
1790236231792 470331756 932
1790236252764 470331776 951
1790236282998 470331784 932
1790236302734 470331800 945
1790236323626 472032340 942
1790236345440 473576988 951
1790236376107 473577000 948
1790236400785 473587188 962
1790236427549 473587204 946
1790236448248 476952548 956
1790236467796 479463872 961
1790236499685 479484072 964
1790236534715 479569568 964
1790236563217 479569572 963
1790236582760 482225236 985
1790236687959 484903564 1254
1790236713080 484906496 1274
1790236739880 484906568 1251
1790236845601 484906588 1246
1790237466960 487027404 1279
1790237495700 490644456 1294
1790237522221 493383672 1327
1790237551531 495631060 1300
1790237579514 497926172 1332
1790237608643 498539180 1334
1790237637882 498850832 1302
1790237665502 499020700 1309
1790237692037 499576192 1301
1790237718490 500313440 1305
1790237745353 501103628 1340
1790237775736 501488820 1316
1790237802482 501926576 1337
1790237829415 502465408 1320
1790237860016 502511556 1314
1790237889500 502511560 1312
1790237919356 502511592 1321
1790238090481 502533272 1331
1790238120503 505732936 1360
1790238169397 506035488 1334
1790238208038 506035496 1364
1790238273490 506035508 1339
1790238301926 506035512 1339
1790238329474 506035516 1337
1790238362713 506035520 1345
1790238389896 506035528 1351
1790238420765 506035540 1377
1790238463835 506035548 1352
1790238541204 506035552 1347
1790238590668 506035576 1357
1790238622828 506036988 1358
1790238654121 506037000 1378
1790238692168 506037016 1359
1790238737952 506037020 1384
1790238769815 506037032 1355
1790238812876 506037036 1358
1790240580551 506682488 2185
1790240624385 507365648 2219
1790240670792 508459256 2181
1790240714963 509574584 2221
1790240761605 510678400 2219
1790240809220 511354864 2179
1790240857717 511355036 2229
1790240902355 511355148 2223
1790241073219 511647252 2242
1790241362515 511923784 2200
1790241413694 511939796 2246
1790241582094 512260532 2307
1790241634565 514785364 2300
1790241704362 515401524 2286
1790241799017 515416376 2296
1790241868559 515416384 2343
1790241978554 515486368 2358
1790242029595 517898460 2319
1790242078189 520135476 2347
1790242127825 520191028 2332
1790242235505 520191036 2447
1790242290090 520191972 2408
1790242808447 522319220 2832
1790242867052 522654076 2754
1790242928484 523500840 2797
1790242993656 524278668 2725
1790243054670 525232572 2752
1790243112493 526081868 2746
1790243173215 526886116 2769
1790243234484 527776012 2822
1790243296279 528603888 2830
1790243357892 529380948 2814
1790243419490 529946072 2754
1790243478025 530829316 2836
1790243540051 531551124 2823
1790243601591 532233312 2816
1790243663295 532980264 2834
1790243725406 533625056 2833
1790243791047 534598496 2784
1790243852691 535310912 2761
1790243913911 536145524 2805
1790243975802 536831000 2779
1790244382169 537300308 2774
1790244448998 537325436 2737
1790244518812 537325456 2786
1790247708944 537440440 3353
1790247781651 540054020 3374
1790247849992 543020768 3354
1790247926981 545030800 3380
1790247999980 546745732 3371
1790248072119 547452856 3395
1790248148957 547937696 3429
1790248226374 548194324 3371
1790248303482 548516608 3400
1790248381129 548744668 3441
1790248458084 548957492 3298
1790248534946 549226376 3318
1790248612549 549410520 3392
1790248689638 549619848 3287
1790248757089 549835944 3376
1790248843388 549836164 3353
1790248914088 549836204 3363
1790252823454 550122164 4177
1790252922370 552154864 4181
1790253028360 552965416 4193
1790253156300 553069932 4252
1790253697334 553347952 4374
1790253800209 555835724 4425
1790253900553 556279184 4490
1790253998623 556279200 4322
1790254250718 556517452 4416
1790254725990 559527440 4641
1790254835120 559597180 4499
1790254940916 559697136 4683
1790255050741 559877612 4555
1790255157479 560144192 4579
1790255263770 560439364 4343
1790255354843 560532100 4508
1790255445651 561032428 4466
1790255536049 561233420 4565
1790255639463 561579820 4578
1790255748217 561813524 4699
1790255858561 561893484 4529
1790255951748 562331740 4548
1790256043100 562497808 4505
1790256135898 562720276 4505
1790256227504 563026360 4672
1790256337064 563264652 4503
1790256428784 563318472 4624
1790256536611 563418840 4564
1790256644475 563579924 4573
1790256752542 563753160 4575
1790256848299 564151000 4559
1790257187517 564255976 4536
