# timestamp_ms rss_kb
1786718605762 16480
1786718606064 26688
1786718606151 67536
1786718606236 125864
1786718606321 187284
1786718606732 193872
1786718606820 247292
1786718606911 301552
1786718630159 307596
1786718633203 313960
1786718636260 320332
1786718639764 326744
1786718640215 333772
1786718640407 341640
1786718640566 348596
1786718640725 356140
1786718640891 363596
1786718641118 374336
1786718641373 385124
1786718641472 393392
1786718641573 409440
1786718641678 431716
1786718641785 453108
1786718641894 474140
1786718642003 491048
1786718642110 506696
1786718642221 522272
1786718642331 537784
1786718642443 555416
1786718642555 583608
1786718642671 641784
1786718642796 725704
1786718642916 778212
1786718644291 806152
1786718644424 859788
1786718644553 909516
1786718644689 979192
1786718644829 1006516
1786718645838 1030524
1786718645985 1075772
1786718646136 1118564
1786718646288 1180264
1786718646451 1232876
1786718647164 1263936
1786718647567 1291620
1786718647921 1319284
1786718648334 1346504
1786718648608 1378428
1786718648784 1412140
1786718648950 1452404
1786718649131 1491904
1786718649316 1532788
1786718649489 1572484
1786718649666 1609252
1786718649862 1644632
1786718650224 1702336
1786718650558 1758748
1786718650931 1814664
1786718651290 1869184
1786718652809 1938264
1786718653078 2002480
1786718653365 2066184
1786718654034 2132348
1786718654374 2254808
1786718654741 2378392
1786718655218 2487380
1786718656159 2569456
1786718656571 2639912
1786718657572 2699032
1786718657789 2825228
1786718658371 2948728
1786718658962 3076176
1786718659952 3159616
1786718660524 3231784
1786718662115 3308012
1786718663970 3380156
1786718665831 3450052
1786718667324 3519944
1786718669431 3598944
1786718671647 3680216
1786718673808 3761440
1786718676076 3843132
1786718677198 3927624
1786718678802 4025856
1786718680018 4122492
1786718681772 4220544
1786718683059 4317340
1786718684996 4412268
1786718689364 4505928
1786718691730 4598100
1786718694917 4699780
1786718698072 4802572
1786718701279 4903888
1786718704608 5008604
1786718708082 5112880
1786718711610 5215408
1786718714523 5320384
1786718718265 5432792
1786718722057 5546808
1786718726065 5661720
1786718730461 5786504
1786718734954 5912192
1786718739585 6037876
1786718744310 6161764
1786718749221 6295528
1786718754264 6429296
1786718758974 6571496
1786718762598 6730348
1786718766230 6884264
1786718768732 7036944
1786718772535 7193932
1786718776517 7345664
1786718779310 7500568
1786718783547 7654820
1786718787849 7809000
1786718792461 7990252
1786718797278 8172772
1786718801997 8353468
1786718806986 8532792
1786718811967 8714392
1786718815460 8889192
1786718827949 9082132
1786718833584 9289844
1786718839170 9498312
1786718844901 9706708
1786718849075 9914336
1786718854700 10123024
1786718860688 10327020
1786718867006 10561548
1786718873377 10797940
1786718879741 11118908
1786718883497 11371936
1786718888470 11648352
1786718897704 11963940
1786718902011 12215404
1786718958704 12483876
1786718968948 12734360
1786718983767 13005016
1786718987336 13291560
1786718989878 13607948
1786718992460 13905996
1786718995097 14188804
1786718998624 14521072
1786719097242 14826568
1786719100842 15141372
1786719331076 15451964
1786719529216 15801788
1786719632524 16120080
1786720103719 16451060
1786720109283 16531708 (true peak, below trigger threshold; snapshot is in peaks/peak.smaps)
