1790737185800 28100 28
1790737185922 28560 21
1790737185993 47424 21
1790737186950 47472 22
1790737187064 48812 22
1790737187948 48988 21
1790737188020 57984 23
1790737188102 67420 21
1790737188181 122808 21
1790737188260 141832 24
1790737188342 178176 19
1790737188765 178204 22
1790737189239 179484 25
1790737189314 185336 22
1790737189400 189892 24
1790737189488 201176 23
1790737189990 202796 23
1790737190068 216780 24
1790737190160 247204 24
1790737190252 254788 25
1790737190345 259044 26
1790737190428 265884 25
1790737190569 270108 24
1790737190648 276324 23
1790737190737 283004 25
1790737190903 289228 27
1790737190996 293424 28
1790737191080 300220 30
1790737191229 310596 27
1790737191374 317124 26
1790737191524 323336 28
1790737191608 327452 29
1790737191704 333692 30
1790737191857 344076 27
1790737192004 350588 30
1790737192157 356856 29
1790737192242 360968 28
1790737192334 367276 30
1790737192427 477648 39
1790737192570 484756 47
1790737192748 500772 54
1790737193011 1363540 55
1790737193269 1748656 65
1790737194964 1756628 54
1790737195172 1881564 57
1790737195413 1912284 55
1790737196181 1932380 61
1790737196707 1952352 56
1790737196906 2012704 56
1790737197147 2053136 62
1790737197403 2133292 62
1790737199330 2142248 58
1790737200698 2147820 57
1790737201845 2166500 62
1790737202077 2535020 59
1790737202339 2647664 59
1790737203470 3110548 60
1790737203735 3292740 59
1790737204958 3300580 60
1790737206285 3302080 65
1790737207948 3303252 69
1790737209357 3304920 57
1790737210630 3306376 60
1790737212144 3307244 61
1790737213510 3308212 63
1790737214878 3309752 60
1790737216098 3309896 60
1790737217961 3309992 61
1790737219677 3310132 60
1790737221021 3310468 58
1790737224694 3310656 61
1790737226040 3315168 59
1790737229968 3317872 64
1790737231387 3328412 62
1790737231602 3525048 62
1790737236041 3565216 65
1790737237881 3584012 67
1790737242044 3585328 63
1790737244044 3585492 70
1790737245742 3585548 61
1790737247751 3585588 70
1790737249450 3585748 65
1790737251546 3585880 67
1790737253168 3585904 59
1790737254714 3586132 69
1790737259273 3586160 68
1790737263811 3588080 63
1790737264457 3628668 61
1790737297628 3666960 71
1790737330013 3692400 71
1790737331480 3698112 62
1790737398029 3706752 71
1790737431030 3728008 78
1790737565054 3732692 71
