# timestamp_ms rss_kb
1786770248100 533688
1786770248211 608020
1786770248610 624968
1786770248820 641200
1786770249074 656848
1786770249522 678032
1786770249834 693360
1786770250179 708560
1786770250504 724164
1786770250859 741984
1786770251183 756840
1786770251581 782744
1786770251964 805028
1786770252446 825300
1786770252686 847572
1786770253145 867600
1786770253610 885932
1786770253833 904424
1786770254428 931472
1786770254936 950340
1786770255342 973204
1786770255741 998888
1786770257004 1020200
1786770257140 1047048
1786770257279 1072120
1786770257416 1098852
1786770257563 1165416
1786770257714 1202280
1786770257868 1257576
1786770258023 1312872
1786770264590 1415864
1786770264747 1954848
1786770265048 2222592
1786770272293 2276736
1786770272517 2332148
1786770272657 2813032
