# timestamp_ms rss_kb
1786925434719 16516
1786925434937 24580
1786925435021 64936
1786925435105 118408
1786925435191 171636
1786925435281 226480
1786925435671 252520
1786925435760 310688
1786925461321 317316
1786925464312 323720
1786925466685 341780
1786925466790 352272
1786925466893 364568
1786925466994 377148
1786925467098 388908
1786925467206 402292
1786925467312 416800
1786925467414 427536
1786925467525 439748
1786925467635 452496
1786925467746 467400
1786925467858 477880
1786925467968 492656
1786925468080 509384
1786925468193 540164
1786925468314 588304
1786925468438 653824
1786925468567 719268
1786925468700 782708
1786925468838 828924
1786925468982 875908
1786925469120 921732
1786925469262 970548
1786925469412 1028368
1786925469571 1134004
1786925469727 1224208
1786925469891 1450792
1786925470082 1594464
1786925470285 1686768
1786925471227 1721616
1786925471758 1757804
1786925472352 1794188
1786925472784 1840020
1786925473151 1905632
1786925473355 1944836
1786925473558 1984064
1786925473939 2054804
1786925474328 2121388
1786925474726 2182544
1786925475147 2242984
1786925475545 2303484
1786925476513 2402256
1786925476763 2635436
1786925477024 2921412
1786925477500 3152800
1786925477766 3537160
1786925478368 3970740
1786925478637 4105040
1786925480312 4223772
1786925480573 4443436
1786925480837 4664628
1786925481096 4807916
1786925484138 4925572
1786925484688 5034432
1786925485302 5141168
1786925485853 5245408
1786925486470 5356064
1786925487231 5493588
1786925487992 5621756
1786925488687 5749864
1786925489453 5889440
1786925490213 6020432
1786925490910 6151160
1786925491678 6284584
1786925492370 6424300
1786925493131 6563388
1786925493527 6762860
1786925493793 6942152
1786925494060 7123492
1786925494325 7302064
1786925494593 7478476
1786925494862 7659428
1786925495136 7852376
1786925495623 8119352
1786925495888 8297232
1786925496158 8477856
1786925496430 8656380
1786925496699 8834956
1786925509095 9052668
1786925509293 9249556
1786925509564 9460868
1786925510060 9763928
1786925510329 9977284
1786925510600 10183152
1786925511100 10490636
1786925511577 10802464
1786925511855 11018652
1786925512361 11338500
1786925515849 11576540
1786925520454 11817168
1786925523333 12066348
1786925526010 12413572
1786925530768 12685252
1786925532093 12984468
1786925536892 13246160
1786925539436 13584036
1786925542496 13908032
1786925543067 14256736
1786925543653 14621824
1786925544234 14983840
1786925544820 15332280
1786925559648 15638972
1786925593118 15954960
1786925638252 16274516
1786925900512 16608332
1786925995302 16705384 (true peak, below trigger threshold; snapshot is in peaks/peak.smaps)
