# timestamp_ms rss_kb
1790704780370 227828
1790704782770 236896
1790704782807 243128
1790704816848 271796
1790704817379 284036
1790704817417 313856
1790704817457 325896
1790704817496 367316
1790704817538 385260
1790704817578 405664
1790704817621 435088
1790704817662 446824
1790704817707 461652
1790704817749 491928
1790704817793 519640
1790704817834 530396
1790704817876 542620
1790704817919 558780
1790704817960 573824
1790704818003 594304
1790704818074 613816
1790704818119 642064
1790704818163 657680
1790704818211 682328
1790704818260 701904
1790704818309 724900
1790704818389 745380
1790704818439 767660
1790704818518 790252
1790704818568 814140
1790704818669 900060
1790704818717 1018844
1790704818763 1141724
1790704819063 1197432
1790704819110 1307068
1790704819157 1438140
1790704855542 1468204
1790704857075 1501552
1790704858470 1504680 (true peak, below trigger threshold; snapshot is in peaks/peak.smaps)
