# timestamp_ms rss_kb
1790711969285 26032
1790711969413 46840
1790711970537 48096
1790711971478 56132
1790711971561 84212
1790711971640 139848
1790711971722 151760
1790711971805 190800
1790711972194 227736
1790711972322 246264
1790711972448 301752
1790711972580 320212
1790711972758 357220
1790711972838 375692
1790711973020 412644
1790711973100 431108
1790711973182 444992
1790711973316 481928
1790711973397 500384
1790711973582 518512
1790711973664 537376
1790711973747 555900
1790711973831 574376
1790711973916 592816
1790711973999 611252
1790711974083 625124
1790711974171 643580
1790711974258 662016
1790711974344 675848
1790711974430 712720
1790711974516 731176
1790711974647 768068
1790711974731 786508
1790711974946 818796
1790711975029 837236
1790711976087 856240
1790711976712 907456
1790711976903 927596
1790711977224 948464
1790711977511 968084
1790711977921 990764
1790711978341 1015572
1790711978702 1040488
1790711979059 1065484
1790711979473 1088296
1790711979870 1115364
1790711980322 1140264
1790711980719 1165192
1790711980848 1299016
1790711981003 1396272
1790711981523 1443768
1790711981970 2279412
1790711982471 3940384
1790711985335 4095652
1790711986985 4225272
1790711987430 5385892
1790711987892 6748072
1790711988349 8051508
1790711988828 9422928
1790711989669 10164832
1790711990122 10392208
1790711992143 10841592
1790711993872 11532372
1790712016680 12648172
1790712017151 13340268
1790712018327 13634476
1790712020560 15041012
1790712329349 15343184
1790712330280 15343896 (true peak, below trigger threshold; snapshot is in peaks/peak.smaps)
