1787403311650 58560 22
1787403311744 118132 16
1787403311835 175292 17
1787403311918 212744 17
1787403312002 247620 17
1787403312099 281808 18
1787403312197 319232 18
1787403312294 356832 19
1787403312396 393240 20
1787403312501 427896 20
1787403312601 464488 20
1787403312707 500852 20
1787403312810 534872 21
1787403312919 570960 20
1787403313022 598104 21
1787403313129 636044 22
1787403313239 671920 23
1787403313346 707432 21
1787403313456 742528 21
1787403313567 778068 23
1787403313681 813680 24
1787403313795 857176 21
1787403313910 895744 23
1787403314023 936440 24
1787403314137 1008632 24
1787403314246 1087588 24
1787403314365 1173636 24
1787403314477 1250440 25
1787403314590 1320168 26
1787403314708 1389016 25
1787403314824 1454620 25
1787403314940 1537704 25
1787403315059 1615592 27
1787403315183 1696580 27
1787403315307 1783860 28
1787403315432 1874032 28
1787403315552 1966376 28
1787403315673 2046364 28
1787403315801 2138548 29
1787403315929 2234088 30
1787403316053 2319144 29
1787403316180 2412296 30
1787403316306 2504744 29
1787403316437 2601124 30
1787403316566 2685048 31
1787403316697 2778524 31
1787403316828 2870780 31
1787403316956 2963108 32
1787403317090 3064580 32
1787403317222 3154612 31
1787403317357 3257332 32
1787403317487 3338320 31
1787403317619 3428532 32
1787403317743 3506272 33
1787403317878 3604904 33
1787403318013 3676616 33
1787403318128 3750364 32
1787403318339 3825576 33
1787403318474 3880128 35
1787403318810 3955132 33
1787403319036 3996104 34
1787403319239 4065736 29
1787403319535 4138200 29
1787403319777 4213200 30
1787403320042 4286928 30
1787403320298 4360664 27
1787403320531 4434392 29
1787403320795 4508124 30
1787403321021 4563428 29
1787403321198 4618724 30
1787403321461 4692452 31
1787403321714 4766180 29
1787403321951 4839916 29
1787403322259 4913644 30
1787403322495 4987372 30
1787403322737 5061100 31
1787403323004 5134836 32
1787403323254 5210360 30
1787403323495 5284088 30
1787403323753 5357816 32
1787403324010 5430260 31
1787403324267 5505280 32
1787403324508 5579012 33
1787403324766 5652740 30
1787403325004 5726468 39
1787403325285 5798908 38
1787403325576 5873932 40
1787403325850 5947660 38
1787403326114 6021388 41
1787403326390 6095116 38
1787403326649 6168844 39
1787403326927 6242580 39
1787403327213 6316308 41
1787403327483 6390040 39
1787403327827 6464284 40
1787403328107 6538020 38
1787403328396 6611748 41
1787403328679 6685484 39
1787403328935 6759212 41
1787403329216 6832940 40
1787403329514 6906668 42
1787403329788 6980396 40
1787403330093 7054128 41
1787403330372 7126556 40
1787403330640 7201592 43
1787403330921 7275320 41
1787403331219 7349048 44
1787403331498 7422776 42
1787403331884 7533368 42
1787403332283 7642656 42
1787403332672 7754568 43
1787403333100 7865168 44
1787403333502 7975760 42
1787403333887 8086352 43
1787403334301 8195636 42
1787403334687 8307552 44
1787403335073 8395620 45
1787403335399 8491880 45
1787403335793 8602476 45
1787403336197 8713068 43
1787403336672 8823668 45
1787403337034 8934264 44
1787403337505 9045640 46
1787403337899 9156232 46
1787403338317 9266824 44
1787403338735 9377420 46
1787403339097 9488024 40
1787403339555 9598624 40
1787403339963 9709224 39
1787403340316 9819816 42
1787403340705 9930408 48
1787403341102 10041000 48
1787403341509 10151600 48
1787403341903 10262192 50
1787403342311 10372788 48
1787403342756 10483380 49
1787403343168 10593976 48
1787403343556 10704572 49
1787403344003 10815180 49
1787403344407 10925776 51
1787403344827 11036368 50
1787403345229 11146960 51
1787403345762 11294416 51
1787403346282 11441872 50
1787403346812 11589340 52
1787403347338 11736804 52
1787403347855 11884272 53
1787403348383 12031728 51
1787403348906 12179184 52
1787403349448 12326648 53
1787403349987 12474104 54
1787403350519 12621560 54
1787403351047 12769016 52
1787403351580 12917500 55
1787403352230 13064972 54
1787403352801 13212440 56
1787403353343 13359896 54
1787403353866 13507352 55
1787403354433 13654808 55
1787403354950 13802264 56
1787403355501 13949720 56
1787403356052 14097184 58
1787403356651 14244644 57
1787403357185 14392104 57
1787403357697 14539560 58
1787403358235 14687016 57
1787403358781 14834472 57
1787403359426 15018792 58
1787403360093 15203132 58
1787403360746 15387460 60
1787403361451 15571788 60
1787403362134 15756108 60
1787403362799 15940428 60
1787403363461 16123400 60
1787403364124 16309076 62
1787403364811 16493396 62
1787403365495 16677716 64
1787403366183 16862040 62
1787403366889 17046368 63
1787403367586 17230688 64
1787403368251 17415016 65
1787403368953 17599336 64
1787403369614 17783656 59
1787403370310 17967976 57
1787403370962 18153584 54
1787403371559 18337904 54
1787403372164 18522232 57
1787403372981 18743416 57
1787403373700 18964600 57
1787403374503 19185784 58
1787403375288 19406968 69
1787403376105 19628156 59
1787403376837 19828872 62
1787403377534 20033672 71
1787403378346 20254856 69
1787403379152 20476040 71
1787403380042 20697228 70
1787403380811 20918416 72
1787403381656 21138244 70
1787403382526 21360804 73
1787403383374 21581988 73
1787403384206 21803172 74
1787403385001 22024356 72
1787403385884 22245556 75
1787403386850 22503604 73
1787403387777 22761660 77
1787403388682 23019708 75
1787403389668 23277760 76
1787403390601 23535812 77
1787403391587 23793864 76
1787403392508 24051912 76
1787403393440 24309968 79
1787403394421 24569556 80
1787403395358 24827604 80
1787403396323 25085652 80
1787403397294 25343700 79
1787403398224 25601748 79
1787403399275 25859808 81
1787403400273 26150624 73
1787403401214 26412772 73
1787403402242 26707684 72
1787403403257 27002596 70
1787403404311 27297512 72
1787403405314 27592436 75
1787403406272 27887348 75
1787403407378 28182260 74
1787403408354 28477176 75
1787403409419 28772096 74
1787403410379 29067008 76
1787403411391 29361928 78
1787403412492 29656840 92
1787403413715 29988624 91
1787403414950 30320400 90
1787403416207 30652176 92
1787403417464 30965524 92
1787403418741 31278888 95
1787403419977 31610672 95
1787403421236 31942456 94
1787403422442 32269892 95
1787403423763 32607820 96
1787403425036 32939596 96
1787403426276 33271372 95
1787403427767 33640032 99
1787403429140 34008672 100
1787403430527 34377312 100
1787403431846 34745952 99
1787403433246 35114604 99
1787403434607 35481848 100
1787403435991 35851892 102
1787403437328 36220532 105
1787403438632 36589176 90
1787403439880 36957820 92
1787403441267 37363328 89
1787403442688 37767444 92
1787403444066 38174356 96
1787403445492 38575764 96
1787403446993 38985392 95
1787403448400 39390896 109
1787403449903 39796404 110
1787403451452 40200504 111
1787403452970 40607424 116
1787403454642 41049792 116
1787403456369 41494216 114
1787403457992 41936584 115
1787403459598 42378952 114
1787403461306 42821340 122
1787403463073 43263708 121
1787403464690 43706076 121
1787403468284 43862968 123
1787403476049 43862972 124
1787403478576 43869820 108
1787403482546 43888360 108
1787403484813 43889604 109
1787403486976 44351740 124
1787403488907 44830972 123
1787403490824 45310204 123
1787403492747 45769632 129
1787403494605 46248864 128
1787403496590 46728104 133
1787403498442 47207336 130
1787403500371 47686568 129
1787403502254 48165808 128
1787403504319 48651192 133
1787403506329 49161144 135
1787403508378 49677244 134
1787403510327 50193340 119
1787403512240 50709444 135
1787403514348 51225540 135
1787403516353 51741644 125
1787403518388 52294616 123
1787403520509 52847580 126
1787403522759 53400548 141
1787403525070 53953508 141
1787403527313 54506476 143
1787403529651 55059444 147
1787403531985 55612404 150
1787403534266 56202232 146
1787403536552 56792056 151
1787403538938 57381888 148
1787403541196 57971712 150
1787403543610 58561552 155
1787403545717 59151376 138
1787403548043 59778072 158
1787403550570 60404760 157
1787403553020 61031452 156
1787403555569 61658124 157
1787403558090 62284844 161
1787403560623 62911532 163
1787403563281 63575092 163
1787403565878 64238644 145
1787403568322 64902204 146
1787403570723 65565764 152
1787403573168 66229320 151
1787403575568 66892872 152
1787403578134 67593296 151
1787403580869 68293712 171
1787403583711 68994136 171
1787403586453 69694560 157
1787403589043 70394984 158
1787403591746 71132268 157
1787403594445 71869552 159
1787403597172 72606832 175
1787403600065 73344116 175
1787403602883 74081412 167
1787403605770 74855556 190
1787403608971 75629708 187
1787403612085 76403852 192
1787403615251 77178004 187
1787403618306 77952156 188
1787403621587 78763172 197
1787403624865 79574184 196
1787403628157 80387532 198
1787403631456 81198540 198
1787403634829 82046412 208
1787403638237 82894292 207
1787403641705 83742164 209
1787403645086 84590036 207
1787403648560 85437908 208
1787403652132 86322644 209
1787403655800 87207388 201
1787403659552 88092140 212
1787403663251 88976876 217
1787403666999 89898484 218
1787403671068 90820092 193
1787403675028 91741692 218
1787403678628 92663296 218
1787403682578 93621776 228
1787403686624 94582800 228
1787403690736 95541264 228
1787403694823 96499744 231
1787403698933 97495076 229
1787403702945 98490420 239
1787403707014 99485748 241
1787403711056 100481080 241
1787403715436 101513276 240
1787403719728 102545480 240
1787403723964 103577680 242
1787403728466 104669476 260
1787403729929 106569308 269
1787403730799 107993208 275
1787403731483 109141136 287
1787403732316 110298272 278
1787403733022 111434928 283
1787403733929 112868544 285
1787403734791 114072784 288
1787403735565 115279064 288
1787403736435 116810984 295
1787403737219 118029552 310
1787403738264 119713024 299
1787403739205 121179400 303
1787403740151 122832144 307
1787403741053 124157208 319
1787403741882 125451552 311
1787403742791 126953768 311
1787403743746 128630064 317
1787403744819 130349368 319
1787403745799 131931456 326
1787403746787 133325128 330
1787403748023 134926664 332
1787403748866 136809808 334
1787403749657 138328408 354
1787403750528 140204384 343
1787403751335 141732200 345
1787403752196 143618408 351
1787403753067 145518960 350
1787403753886 147059064 360
1787403754772 149016952 358
1787403755758 151038336 368
1787403756659 152901000 368
1787403757499 154480008 369
1787403758404 156342672 375
1787403759255 157952400 382
1787403760175 159853976 379
1787403761038 162222352 398
1787403761665 165577516 408
1787403775026 166255164 401
1787403782450 168244128 409
1787403790733 168443676 418
1787403799201 168675256 407
1787403807530 168950568 408
1787403820738 169250764 420
1787403829291 169602864 415
1787403837644 169880548 413
1787403845917 171498052 417
1787403847016 173550196 419
1787403848077 175407756 425
1787403849204 177473196 440
1787403850447 179579588 430
1787403851578 181625556 438
1787403861467 183079080 441
1787403863126 184938708 442
1787403866838 186867980 451
1787403869659 188746028 470
1787403872773 190710092 469
1787403875795 192659812 473
1787403879105 194594700 487
1787403894692 194960276 419
1787403906509 195060648 467
1787403911324 197026016 484
1787403936410 198504712 482
1787403953257 198831060 462
1787403967149 199067928 431
1787403975844 199175456 427
1787403990726 199477544 432
1787403999820 199541032 432
1787404014267 199734576 430
1787404024471 199949616 431
1787404043898 200079672 433
1787404066189 200165688 431
1787404067952 202477884 439
1787404073357 204633724 449
1787404082704 205250184 448
1787404092188 205285068 448
1787404102150 205331732 447
1787404111547 205850724 458
1787404125920 206101236 451
1787404137820 206191548 461
1787404147092 207240064 450
1787404213337 208810500 513
1787404257324 208824836 504
1787404404098 209058308 512
1787404474085 209102984 530
1787404538763 209228976 518
1787404728253 209247408 511
1787404799008 209251504 517
1787404865640 209378504 514
1787405054608 209396936 508
1787405125190 209401032 511
1787405191625 209528024 509
1787405379183 209546456 516
1787405449992 209550552 506
1787405515659 209640756 509
1787405704732 209659112 539
1787405774392 209663208 532
1787405841927 209790200 453
1787406030717 209808632 451
1787406099381 209812728 456
1787406163072 209939720 520
1787406418929 209943816 534
1787406483132 210052444 509
1787406671642 210070800 527
1787406742585 210074896 532
1787406806824 210183456 519
1787406994552 210201888 534
1787407064994 210205984 520
1787407130119 210314536 450
1787407318387 210332968 545
1787407387889 210337064 534
1787407453021 210445616 522
1787407640727 210464048 533
1787407711587 210468144 526
1787407805891 212080340 519
1787407871300 212084436 520
1787407881282 214352228 539
1787407884322 216646240 524
1787407893184 218826256 546
1787407896866 221054512 536
1787407906818 223313524 544
1787407910602 225577628 571
1787407919855 227944444 549
1787407922567 230414808 571
1787407925729 232745716 564
1787407929148 235118892 591
1787407933607 237681936 584
1787407937979 240100312 577
1787407942094 242612640 585
1787407946190 245116152 589
1787407959695 245783500 591
1787407963471 248440404 611
1787407967584 250997880 646
1787407975598 253593736 650
1787407983716 256192852 638
1787407996492 258111400 653
1787408052525 258114676 648
1787408121157 259060640 646
1787408189925 259859364 627
1787408258601 260567972 639
1787408299198 261504156 638
1787408328180 261519524 643
1787408396001 262157072 667
1787408464549 263028908 640
1787408532606 263789048 652
1787408546198 264543384 661
1787408601727 264558752 630
1787408614528 265292952 637
1787408670892 265380000 590
1787408682825 265921696 593
1787408739635 266223784 596
1787408751778 266685600 590
1787408808387 266916008 601
1787408876812 267417768 606
1787408943994 267948712 589
1787409010949 268456620 606
1787409077203 268983460 606
1787409145154 269989028 609
1787409213613 271141564 620
1787409282424 272201424 623
1787409348949 272879312 627
1787409362097 273279672 607
1787409415771 273321688 624
1787409430536 273961168 623
1787409482748 274025676 627
1787409500343 274827472 623
1787409549481 274868944 625
1787409570264 275654872 626
1787409616527 275673816 628
1787409640759 276551896 627
1787409683549 276570840 630
1787409710856 277401824 629
1787409751083 277443296 627
1787409781207 278380792 635
1787409818812 278399736 645
1787409851082 279305188 635
1787409886547 279415048 641
1787409921350 280248580 638
1787409953447 280258316 641
1787409991268 281209648 640
1787410020657 281226988 640
1787410061464 282179492 638
1787410087993 282197780 644
1787410132300 283156748 634
1787410155262 283166484 645
1787410203473 284162324 655
1787410222503 284172060 647
1787410274387 285168936 654
1787410289388 285246256 656
1787410345430 286502144 656
1787410358623 286648632 664
1787410416292 287498548 716
1787410430635 287960364 655
1787410487232 288405812 657
1787410500638 289444092 650
1787410558369 289531140 629
1787410571048 290478336 654
1787410626916 290526472 654
1787410694107 291173640 645
1787410761109 291757320 659
1787410828679 292639480 685
1787410896432 293806840 681
1787410964624 294876404 679
1787410978969 295819000 681
1787411032402 295828736 687
1787411048435 296482044 680
1787411100014 296491780 686
1787411118378 296989948 671
1787411167034 296999684 681
1787411262398 297862004 691
1787411263599 301397932 707
1787411264914 304740308 699
1787411266137 308581364 704
1787411268006 312030008 721
1787411274348 315242592 721
1787411276924 318621856 736
1787411279421 321857728 743
1787411282206 325400800 746
1787411322569 328075512 759
1787411346896 328088832 764
1787414469040 329671496 742
1787414483938 330112900 751
1787414499111 330541928 760
1787414514632 330941312 749
1787414529920 331402128 759
1787414546291 331852704 761
1787414562015 332334000 762
1787414577666 332764088 766
1787414593094 333204424 759
1787414608352 333603792 767
1787414623744 334054360 766
1787414639371 334463968 773
1787414655249 334914536 769
1787414671046 335334384 771
1787414686533 335774712 771
1787414702204 336184320 767
1787414717918 336655368 771
1787414733518 337064976 777
1787414750074 337556504 779
1787414765729 337986584 774
1787414781502 338447392 776
1787414797089 338857000 777
1787414813024 339328040 777
1787414828578 339747888 791
1787414845080 340208696 781
1787414860833 340679736 777
1787414876467 341089344 778
1787414892168 341539904 781
1787414907973 341980232 781
1787414923977 342410312 786
1787414939810 342860880 786
1787414955813 343280720 785
1787414971558 343710808 789
1787414987635 344151128 784
1787415003820 344591456 789
1787415019846 345031776 789
1787415036833 345502824 790
1787415053621 345984104 789
1787415070003 346455152 793
1787415086105 346936432 797
1787415102182 347376752 789
1787415118495 347837560 801
1787415134961 348298360 792
1787415151190 348748928 802
1787415167300 349199488 799
1787415183398 349629568 811
1787415199756 350059656 801
1787415215868 350510216 799
1787415232245 350981256 799
1787415248576 351421584 799
1787415265564 351892624 805
1787415281798 352373904 795
1787415297782 352814232 786
1787415313584 353264792 791
1787415329580 353725592 800
1787415345980 354145440 806
1787415362130 354616480 772
1787415378140 355067040 802
1787415394210 355527840 802
1787415410335 355978408 806
1787415426558 356408488 803
1787415443012 356848808 803
1787415459675 357309616 817
1787415476316 357790896 823
1787415492839 358241456 809
1787415509185 358702256 816
1787415525534 359163064 811
1787415542004 359500984 815
1787415559757 359828664 818
1787415576207 360135864 810
1787415593314 360463544 812
1787415609855 360760512 821
1787415637230 361084836 822
1787415684020 362733132 829
1787415700735 363111572 837
1787415717773 363429020 826
1787415734313 363728032 840
1787415751308 364045476 841
1787415768178 364356776 841
1787415785321 364688556 845
1787415802661 365006000 840
1787415819585 365302964 838
1787415836433 365620408 843
1787415853396 365937856 845
1787415870591 366273736 848
1787415887732 366587088 846
1787415904832 366904528 855
1787415922056 367224024 843
1787415939350 367451356 840
1787415956605 367523032 807
1787415972862 367557848 850
1787415997758 367598808 842
1787416014640 367639768 840
1787416031570 367678680 850
1787416048912 367719640 839
1787416067014 367760600 848
1787416086610 367799512 1068
1787416108509 367840480 831
1787416125755 367877344 830
1787416142496 367916256 841
1787416159483 367951072 845
1787416181259 367992032 844
1787416198396 368028896 838
1787416215600 368067808 844
1787416234183 368102624 841
1787416251529 368141536 840
1787416268798 368176352 845
1787416285760 368215264 837
1787416303570 368250080 843
1787416320461 368286944 843
1787416338038 368329960 833
1787416355580 368364776 837
1787416372975 368397544 848
1787416391195 368434408 846
1787416410720 368471272 843
1787416428201 368510184 844
1787416447171 368557288 847
1787416465191 368594152 843
1787416484504 368633064 841
1787416502625 368667880 843
1787416520681 368702696 835
1787416537984 368745704 833
1787416555386 368784616 800
1787416571946 368817392 845
1787416589156 368856304 813
1787416605821 368889072 860
1787416623924 368923888 845
1787416643918 368964848 841
1787416661314 368999664 832
1787416680319 369030384 847
1787416731919 369075900 837
1787416760728 369409752 828
1787416814497 370191572 837
1787416831615 370220768 830
1787416901687 370632416 841
1787416969079 370654436 830
1787417103314 370789604 850
1787417172095 370886368 889
1787417228683 371047636 873
1787417296205 371385564 877
1787417313917 371697892 848
1787417362946 371723484 895
1787417382381 371780324 876
1787417433201 372054752 871
1787417452548 372061404 867
1787417522243 372399324 862
1787417560838 372706024 895
1787417592941 372771564 865
1787417627808 372998888 883
1787417664632 373181164 860
1787417695228 373359336 883
1787417736143 373474808 861
1787417762019 373674728 845
1787417805623 373852908 853
1787417833205 374156516 868
1787417875877 374332668 868
1787417900779 374359276 882
1787417945474 374693116 878
1787417970297 374757620 871
1787418013897 374850812 860
1787418033268 375026416 891
1787418082296 375211260 890
1787418101776 375386864 846
1787418150435 375571708 841
1787418177259 375869692 849
1787418218032 375999748 838
1787418245061 376199420 841
1787418286094 376360196 840
1787418313027 376567028 850
1787418353866 376720644 856
1787418382231 376904948 842
1787418421358 376990980 858
1787418447591 377265396 861
1787418488879 377317116 844
1787418515406 377617128 850
1787418556586 377756940 843
1787418584855 378012416 851
1787418624176 378072332 834
1787418654798 378360576 853
1787418691723 378488580 860
1787418724361 378766080 864
1787418760295 378894084 867
1787418826970 379221260 866
1787418864457 379540740 863
1787418894526 379582224 855
1787418931415 379734792 844
1787418962068 379942672 824
1787419000797 380027656 868
1787419029100 380303120 867
1787419072265 380523272 859
1787419096746 380663568 873
1787419141871 380861192 859
1787419164065 381024016 864
1787419212089 381244168 870
1787419231357 381384464 874
1787419282147 381559060 864
1787419299569 381857560 869
1787419352788 381965072 858
1787419422224 382348048 874
1787419491852 382776080 874
1787419560849 383271696 840
1787419628994 383503104 869
1787419698017 384123688 875
1787419763752 384313120 891
1787419830315 384493344 884
1787419896014 384684312 881
1787419914474 385051924 869
1787419961587 385057592 854
1787420003343 386680032 891
1787420005033 392884480 894
1787420006679 398206232 905
1787420055366 402014512 916
1787420080358 402021176 914
1787434389722 402082104 901
1787435216547 402137392 919
1787435239090 402280752 907
1787435265018 402400288 916
