# timestamp_ms rss_kb
1785802576912 261060
1785802577177 266348
1785802577449 279880
1785802577857 286432
1785802578035 309960
1785802578148 379648
1785802578268 472080
1785802578387 495044
1785802578507 536240
1785802578629 568696
1785802578753 601944
1785802578888 623380
1785802579011 643896
1785802579244 669988
1785802579371 692444
1785802579604 712024
1785802579731 728904
1785802579859 745440
1785802580185 768132
1785802580327 785812
1785802580460 837872
1785802580602 893464
1785802580740 929124
1785802580901 974708
1785802581045 1017520
1785802581192 1048632
1785802581339 1076540
1785802581485 1106204
1785802581809 1133124
1785802582125 1173184
1785802585858 1221612
1785802585995 1534956
1785802586121 1620972
1785802586247 1687980
1785802586379 1874348
1785802586953 1938488
1785802587244 2014180
1785802593152 2058080
1785802593405 2106404
1785802593627 2157604
1785802593851 2206756
1785802594076 2253860
1785802594301 2300536
1785802594521 2351736
1785802594744 2400888
1785802594928 2433648 (true peak, below trigger threshold; snapshot is in peaks/peak.smaps)
