1785802710842 12588 17
1785802711767 27084 12
1785802711827 69544 10
1785802711901 99832 10
1785802711957 184144 12
1785802712079 190028 11
1785802712142 194636 13
1785802712227 199572 14
1785802712297 238832 15
1785802712370 282000 16
1785802712449 317936 18
1785802712533 353160 17
1785802712618 393432 15
1785802712712 440472 18
1785802712801 488252 18
1785802712914 552448 21
1785802713021 594056 21
1785802713123 642620 22
1785802713243 685784 21
1785802713357 714396 21
1785802713503 760324 26
1785802713619 813612 25
1785802713784 849716 24
1785802714381 853812 23
1785802714855 855860 23
1785802715445 858332 25
1785802718330 896648 30
1785802718503 943480 28
1785802718661 981684 30
1785802718814 1018272 28
1785802718991 1072404 30
1785802719190 1136604 29
1785802720253 1157172 31
1785802720378 1169856 31
1785802720536 1198260 30
1785802721207 1200308 31
1785802727351 1202212 31
1785802798127 1202216 31
