# timestamp_ms rss_kb
1785449354473 250212
1785449354755 255540
1785449355230 261432
1785449355591 278684
1785449356015 285784
1785449356219 309532
1785449356336 414144
1785449356461 489364
1785449356589 529508
1785449356713 560840
1785449356845 595664
1785449356973 615208
1785449357100 636040
1785449357231 650200
1785449357362 674004
1785449357497 695996
1785449357831 728904
1785449357966 748464
1785449358112 764244
1785449358245 798332
1785449358389 855616
1785449358537 906424
1785449358682 928792
1785449358839 973052
1785449358990 999824
1785449359140 1034624
1785449359295 1071704
1785449359551 1097648
1785449359697 1123796
1785449360211 1146808
1785449360324 1174464
1785449363803 1256516
1785449363946 1596484
1785449364203 1710584
1785449364334 1909240
1785449364723 1950072
1785449364852 2139360
1785449364980 2331872
1785449365222 2442304
1785449369487 2476568 (true peak, below trigger threshold; snapshot is in peaks/peak.smaps)
