1785449354473 250212 21
1785449354660 255200 19
1785449354987 259668 19
1785449355318 264088 21
1785449355591 278684 19
1785449355848 282132 20
1785449356015 285784 20
1785449356123 288800 22
1785449356219 309532 23
1785449356336 414144 24
1785449356461 489364 24
1785449356589 529508 25
1785449356713 560840 25
1785449356845 595664 25
1785449356973 615208 23
1785449357100 636040 25
1785449357231 650200 25
1785449357362 674004 27
1785449357497 695996 27
1785449357718 709612 26
1785449357831 728904 25
1785449357966 748464 27
1785449358112 764244 25
1785449358245 798332 28
1785449358389 855616 27
1785449358537 906424 26
1785449358682 928792 32
1785449358839 973052 30
1785449358990 999824 29
1785449359140 1034624 30
1785449359295 1071704 28
1785449359551 1097648 26
1785449359697 1123796 27
1785449360097 1139032 28
1785449360324 1174464 31
1785449360740 1187660 30
1785449363803 1256516 30
1785449363946 1596484 29
1785449364087 1625156 28
1785449364203 1710584 27
1785449364334 1909240 28
1785449364723 1950072 29
1785449364852 2139360 28
1785449364980 2331872 28
1785449365108 2377516 29
1785449365222 2442304 29
1785449369339 2463836 30
