1790759868634 61
1790759868746 57
1790759868839 31
1790759869017 55
1790759869179 54
1790759869664 54
1790759869754 34
1790759869825 32
1790759869894 30
1790759869961 32
1790759870029 55
1790759870134 33
1790759870204 54
1790759871567 64
1790759871693 64
1790759872075 66
1790759872331 70
1790759872951 76
1790759873092 70
1790759873372 79
1790759873525 74
1790759874718 77
1790759875431 79
1790759876324 78
1790759876479 79
1790759876638 78
1790759876894 41
1790759876980 40
1790759877063 67
1790759877175 69
1790759877307 65
1790759877418 66
1790759877913 70
1790759881677 75
1790759881796 74
1790759882220 69
1790759882333 69
1790759882446 69
1790759882558 38
1790759882640 70
1790759882753 70
