1790759868634 265692 24
1790759868746 270444 22
1790759869017 275764 21
1790759869179 281292 20
1790759869664 288560 20
1790759870029 292412 21
1790759870204 311000 20
1790759871567 572704 26
1790759871693 600212 25
1790759872075 671300 26
1790759872331 703316 27
1790759872951 765328 28
1790759873092 783564 27
1790759873372 898360 30
1790759873525 960412 26
1790759874718 998960 29
1790759875431 1020912 31
1790759876324 1077684 30
1790759876479 1106304 31
1790759876638 1140704 30
1790759877063 1154096 28
1790759877175 1180596 31
1790759877307 1203256 30
1790759877418 1217848 28
1790759877913 1275964 33
1790759881677 1980104 36
1790759881796 2113224 34
1790759882220 2204776 30
1790759882333 2335852 31
1790759882446 2466924 29
1790759882640 2507864 32
1790759882753 2563208 32
