1790760948470 61
1790760948693 50
1790760948783 25
1790760949631 55
1790760949715 29
1790760949774 28
1790760950620 55
1790760950705 52
1790760950793 55
1790760950928 28
1790760950987 54
1790760951080 54
1790760951215 29
1790760951274 52
1790760951365 28
1790760951629 28
1790760951792 51
1790760952102 30
1790760952163 27
1790760952220 27
1790760952277 55
1790760952375 53
1790760952470 54
1790760952568 55
1790760952655 29
1790760952717 30
1790760953074 54
1790760953161 32
1790760953225 30
1790760953289 54
1790760953385 30
1790760953447 53
1790760953544 56
1790760953632 28
1790760953694 32
1790760953762 60
1790760953870 57
1790760953974 57
1790760954078 57
1790760954525 31
1790760954633 56
1790760954998 32
1790760955382 56
1790760955474 57
1790760955579 54
1790760955680 57
1790760955782 32
1790760956173 32
1790760956240 57
1790760956329 33
1790760956397 30
1790760956506 58
1790760956629 30
1790760956694 57
1790760956785 31
1790760956850 31
1790760956915 31
1790760956981 31
1790760957047 32
1790760957156 56
1790760957278 32
1790760957344 31
1790760957493 31
1790760957561 31
1790760957670 29
1790760958055 57
1790760958167 29
1790760958231 56
1790760958331 58
1790760958434 56
1790760958535 59
1790760958652 32
1790760958718 60
1790760958824 33
1790760958894 60
1790760959045 33
1790760959209 59
1790760959305 58
1790760959480 32
1790760959548 60
1790760959689 34
1790760960694 60
1790760964502 59
1790760967945 60
1790760968040 33
1790760971320 65
1790760974811 58
1790760974903 34
1790760976629 60
1790760976727 34
1790760976796 32
1790760976980 31
1790760977059 60
1790760977154 64
1790760978429 63
1790760979353 63
1790760979453 30
1790760979521 32
1790760979634 60
1790760979729 59
1790760979881 35
1790760982046 63
1790760982168 31
1790760984247 58
1790760984340 32
1790760984409 32
1790760987054 65
1790760987155 31
1790760987222 32
1790760989342 60
1790760989485 33
1790760991529 60
1790760994120 64
1790760994219 60
1790761038673 62
1790761039226 36
1790761039301 60
1790761041044 67
1790761041147 62
1790761041255 33
1790761041558 64
1790761041674 63
1790761041792 60
1790761041906 62
1790761042348 62
1790761042502 34
1790761042572 62
1790761042687 64
1790761042800 32
1790761042990 32
1790761043177 32
1790761043247 34
1790761043342 63
1790761043560 33
1790761043725 30
1790761043816 32
1790761043958 61
1790761155946 70
1790761156065 63
1790761156415 33
1790761156485 31
1790761268423 65
1790761268524 34
1790761380456 67
1790761492482 68
1790761604063 68
1790761604412 33
1790761714759 70
1790761825866 70
1790761938081 66
1790762050295 69
1790762272909 64
1790762273940 73
1790762274217 34
